1.0223335,3.2967114,11.202
0.72771716,3.05713,11.022537
0.27517462,2.96381,10.179666
0.05503492,3.016452,9.02812
0.124426775,3.1914272,8.166405
0.31375888,3.39721,7.9507513
0.5267201,3.5072799,8.37458
0.81864446,3.5694933,8.932407
1.0893325,3.638885,9.272487
1.0749756,3.7061832,9.633803
0.9314062,3.679862,9.933205
0.77318084,3.5886357,9.906884
0.42861435,3.502494,9.940384
-0.02871387,3.3565319,10.249058
-0.37597227,3.2129626,10.488639
-0.4022933,3.1794631,10.337592
-0.0741775,3.260819,9.947562
0.31136605,3.3373895,9.696016
0.44057846,3.3326037,9.772587
0.35682967,3.275176,10.019346
0.26081768,3.2368908,10.033704
0.25603202,3.2656047,9.645767
0.3376871,3.3278182,9.030513
0.39511484,3.399603,8.5014
0.3807579,3.4666018,8.40808
0.31615168,3.4977086,9.068798
0.22492532,3.4187453,10.191629
0.25603202,3.3254254,10.7351
0.4956134,3.4713874,10.112667
0.84765744,3.777968,8.9013
1.1084751,3.993322,7.998608
1.0917253,4.0770707,7.8670025
0.9026923,4.0148573,8.510971
0.6870392,3.8712878,9.272487
0.40707895,3.8042889,9.475877
0.13878371,3.828217,9.128618
0.059820566,3.9119658,8.760123
0.20338993,3.9957147,8.812766
0.37597227,4.0268216,9.226724
0.392722,4.0292144,9.636196
0.35204405,4.0148573,9.617053
0.3472584,4.048357,9.150154
0.43818563,4.108177,8.630612
0.61046886,4.0938206,8.446364
0.69182485,4.0627136,8.68804
0.7157531,4.0244284,8.922835
0.689432,3.9837506,8.630612
0.6678966,4.0244284,8.001
0.8596215,4.0938206,7.5317082
0.99601245,4.0770707,7.493423
0.84765744,3.9454653,7.6779695
0.5243273,3.7683966,7.7330046
0.09571291,3.598207,7.704291
-0.22013968,3.3900316,7.4455667
-0.38793638,3.1914272,6.8662047
-0.7109674,2.9877381,6.4064837
-1.0845468,2.7436702,6.291628
-1.0989038,2.5088747,6.7369924
-0.9696914,2.542673,8.341081
-0.9720842,2.7675984,10.670493
-1.2376875,2.5737798,12.477972
-1.9031913,2.2217357,13.203595
-2.597708,2.4179473,13.076477
-2.6551359,3.1866415,12.568899
-2.0542383,3.7995033,11.402996
-0.8210373,4.108177,9.835099
0.009571291,4.5655055,8.88455
-0.34486556,4.881657,8.709874
-0.474078,4.610969,8.95155
0.16749759,4.1344986,9.753445
0.75643104,3.789932,10.653744
0.5937191,3.6149569,10.663315
-0.5267201,3.6631124,9.636196
-1.1563315,3.9741793,8.20469
-0.4022933,4.290331,6.8949184
0.36400816,4.386044,6.155237
0.67028946,4.24726,6.808777
0.8234301,3.6364923,8.398508
0.5985048,3.1196425,10.019346
-0.41904306,3.0116663,11.017752
-0.90508515,3.141178,10.366306
-0.22492532,2.3581266,9.286844
0.85244304,1.50359,9.626625
1.0366904,2.0111675,10.629815
0.3711866,3.141178,10.634602
-0.06460621,4.1297126,9.365807
-0.50039905,4.196712,8.341081
-0.811466,3.6583266,8.319545
-1.2759727,3.1459637,9.157332
-1.879263,3.0909286,11.398211
-2.1068804,3.2823544,13.184154
-1.5323038,3.1890345,12.379867
-1.082154,2.8322048,10.660922
-1.4557334,2.4825535,9.837492
-1.7356937,2.4323041,9.791729
-1.2687942,2.6048865,10.150951
-0.6008976,2.76042,10.232307
-0.42382872,2.9183464,9.557233
-0.4118646,2.9829526,8.784052
-0.37357944,2.935096,8.453544
-0.44775695,2.894418,8.702696
-0.50039905,2.8369904,9.655338
-0.3807579,2.7819555,10.651351
-0.17706887,2.8130622,10.591531
-0.16510476,2.9422746,9.667302
-0.2321038,3.0475588,8.973084
-0.2321038,3.071487,9.142975
-0.30418757,3.0643084,9.815658
-0.3281158,3.045166,10.165309
-0.26081768,3.0667014,9.576375
-0.2440679,3.1387851,8.573184
-0.3281158,3.1507492,8.302795
-0.4118646,3.1363924,8.803194
-0.23928227,3.181856,9.255438
0.09092726,3.1914272,9.334701
0.10049855,3.1196425,9.195618
-0.21296121,3.1316066,8.999406
-0.34965122,3.2177482,8.898908
-0.31136605,3.2488549,8.939586
-0.27038896,3.004488,8.805588
-0.5075775,2.1714866,7.562815
-1.4003994,2.585744,6.7034926
-1.230509,3.3349965,8.705089
0.27996024,2.477768,11.566008
1.0462617,1.6854445,12.777374
1.2664014,1.6878372,12.561721
0.8500503,2.3772693,11.340783
0.19860429,2.5040889,10.148559
0.086141616,2.1619153,9.253045
-0.11006984,2.2863421,8.680861
-0.21774685,2.4801607,9.059227
-0.2416751,2.6096723,9.473484
-0.069391854,2.7005994,9.418449
0.4884349,2.7939196,9.114262
0.9625129,2.7293134,8.894122
1.0103694,2.4586253,9.286844
0.63200426,2.0901306,10.256236
0.63918275,1.9103698,10.931312
0.9194421,2.231307,10.546066
0.35443684,2.5522444,9.451948
0.21296121,2.329413,8.635398
0.5482555,1.9800607,8.762517
0.4884349,1.8912272,9.12144
-0.076570325,1.50359,9.329915
-0.7588239,1.7715861,10.000204
-0.63918275,2.2576282,10.107881
-0.069391854,1.8385851,9.748658
-0.050249275,1.6950158,9.894919
-0.56500524,1.7787645,10.318449
-0.6343971,1.7620147,10.830812
-0.4334,1.8242282,10.785349
-0.29222345,2.0733807,10.055239
-0.19381863,2.396412,8.796016
-0.1268196,2.7963123,7.9316087
0.050249275,3.1722846,8.26451
0.27038896,3.1244283,9.380164
0.65353966,2.9255247,10.36152
1.1682956,2.9135606,10.0983095
1.1252248,3.0140593,9.3562355
0.84765744,3.098107,9.19801
1.0941181,3.1770704,9.322736
1.6639091,3.246462,9.600304
2.3318057,3.0236306,9.779765
2.501696,2.9159534,9.739087
1.8912272,3.1004999,9.233903
0.9529416,3.3565319,8.807981
0.73011,3.2177482,9.392128
0.948156,2.9566314,10.356734
0.8739785,3.071487,10.134202
0.907478,3.1196425,9.008977
1.0797613,3.1052856,8.635398
1.2496517,3.0212376,8.999406
1.082154,2.9949167,9.183653
0.9314062,3.045166,9.001799
1.2711871,3.0188448,8.894122
1.3190435,3.0933216,8.815159
0.6128617,3.1387851,8.800801
0.5841478,3.0499516,9.2075815
0.95054877,3.1028929,9.245867
0.8811569,3.260819,8.592327
0.8282157,3.2823544,8.482257
0.81864446,3.1627133,8.95155
0.74207413,3.0523443,9.337093
0.6511469,3.0092735,9.74148
0.55782676,3.0595229,9.98824
0.3807579,3.0810583,10.002597
0.19621146,2.935096,10.229915
0.06699903,2.7795627,10.270593
0.17467605,2.8369904,9.827921
0.50039905,2.9590242,9.796515
0.6678966,2.9446673,10.172487
0.689432,2.923132,10.038489
0.8066803,3.004488,9.547662
0.7540382,3.0499516,9.097511
0.5985048,2.9733813,9.140582
0.541077,2.9207392,9.5404825
0.4621139,2.9398818,9.442377
0.44775695,2.990131,9.135797
0.42622152,3.054737,9.004191
0.41665024,3.1028929,9.073584
0.38315073,3.0885358,9.31795
0.26081768,3.0667014,9.439984
0.2105684,3.1052856,9.432806
0.19381863,3.1363924,9.487841
0.15792629,3.114857,9.6529455
0.15074782,3.0355947,9.777372
0.27756742,2.9997022,9.885348
0.4022933,2.992524,9.786943
0.41904306,3.0236306,9.289237
0.4334,3.0957143,9.006584
0.40468612,3.098107,9.133404
0.3185445,3.045166,9.212367
0.22013968,2.9949167,9.142975
0.18185452,3.004488,9.159725
0.17467605,3.0284162,9.294023
0.20578274,3.0379875,9.454341
0.21535404,3.0475588,9.566804
0.059820566,3.0212376,9.447163
-0.069391854,3.004488,9.277272
-0.08853444,3.0020952,9.329915
-0.040677983,3.0116663,9.597911
0.02632105,3.0499516,9.633803
-0.021535404,3.0762727,9.23151
-0.10289137,3.0957143,9.142975
-0.18664017,3.0933216,9.640982
-0.22731815,3.1028929,9.789336
-0.09332009,3.153142,9.530911
0.0023928226,3.1627133,9.396914
-0.1363909,3.112464,9.262916
-0.1698904,3.0786655,9.396914
-0.050249275,3.1052856,9.786943
-0.19381863,3.1220353,9.856635
-0.40947178,3.1316066,9.52134
-0.34486556,3.1627133,9.320343
-0.23449662,3.1292138,9.44477
-0.20578274,3.0643084,9.676874
-0.27517462,3.0499516,9.801301
-0.37357944,3.0355947,9.674481
-0.27996024,3.0667014,9.404092
-0.15792629,3.1172497,9.152547
-0.13160525,3.1244283,9.042477
-0.16271193,3.1076784,9.186047
-0.2727818,3.0762727,9.533304
-0.42861435,3.0355947,10.031311
-0.40707895,3.0475588,10.467104
-0.18664017,3.1890345,10.613066
-0.09332009,3.251248,10.601102
-0.18903299,3.2153554,10.861919
-0.3687938,3.1579278,11.460424
-0.5937191,3.05713,11.455638
-0.72293156,3.0762727,10.823634
-0.42861435,3.2153554,10.412068
0.23688944,3.3565319,9.729516
0.7923234,3.6149569,8.491829
0.8572287,3.7851462,8.403294
0.68464637,3.610171,9.6122675
0.57457656,3.464209,10.177273
1.0295119,3.409174,9.87817
0.90029955,3.464209,10.107881
-0.4860421,3.1890345,11.613864
-1.3573287,2.5761726,12.710375
-2.3222344,2.288735,12.861122
-3.5694933,1.7476579,13.696517
-4.060321,1.2424731,13.995918
-3.6631124,1.3980067,12.803695
-2.085345,1.7548363,10.601102
-0.1363909,2.5208387,7.809575
0.9290134,3.461816,5.805586
1.1156535,3.7875392,5.317151
1.2975081,3.8760736,5.492126
2.0494525,4.249653,5.2573304
3.1842487,4.7715874,4.989334
3.3804603,4.888836,4.874479
1.6495521,4.196712,4.80748
0.25842485,4.1225343,5.7744794
1.2496517,4.6731825,6.5982084
2.6240292,4.749753,5.5280185
2.7412775,4.505685,5.506483
1.8888344,4.108177,7.821539
0.92662054,3.8258243,10.237094
1.8122641,3.7731822,11.106286
3.0957143,3.8425741,10.162916
2.5450659,3.7420754,9.298808
1.2999009,3.6029928,8.199904
0.622433,3.5479577,7.9244304
1.352543,3.3661032,10.7016
2.7819555,3.0403802,13.057334
2.9207392,3.1579278,12.2482605
1.9968106,3.6029928,9.791729
1.462912,3.8066816,7.768897
1.3094722,3.8377883,7.184749
1.5394822,3.761218,8.195119
1.8146569,3.6317065,9.633803
1.4724833,3.6655052,10.165309
1.2687942,3.7157545,9.399306
1.2257234,3.8353956,8.159226
1.0893325,3.8641095,7.670791
1.5514464,3.7325041,8.453544
2.085345,3.667898,9.712767
2.0781665,3.6990047,9.827921
1.6591234,3.8330028,8.975478
1.0941181,3.8114674,8.183154
0.8258229,3.6583266,7.9220376
1.352543,3.6221352,8.134998
2.1212373,3.7851462,8.453544
2.1499512,3.9335012,8.796016
2.5905297,4.1440697,9.439984
3.3254254,3.8928235,9.753445
2.8800611,3.004488,9.657731
1.6423737,2.547459,8.625827
0.78753775,3.1363924,6.969096
1.3812568,3.7061832,7.177571
2.6312077,3.3445678,9.085547
2.7580273,3.112464,10.634602
2.070988,3.0786655,10.249058
1.326222,3.0403802,9.044869
0.53389853,3.1363924,8.788837
0.68225354,3.2177482,10.244272
1.1036894,2.9733813,11.479567
0.70378894,2.6814568,10.682458
0.89072824,2.8345976,9.104691
1.4222339,3.1507492,7.440781
1.1922239,3.2201412,7.2565336
0.6774679,2.8848467,8.819944
0.38554356,2.6742785,9.526126
0.53629136,2.6048865,8.539685
0.55782676,2.734099,11.429317
0.40707895,2.7915268,13.117155
-0.27038896,2.5184457,10.289736
-0.32333016,2.5666013,9.305986
0.7683952,2.8800611,9.791729
0.8500503,3.0068808,10.256236
0.22013968,3.0284162,10.031311
0.083748795,3.0909286,9.691231
0.89072824,3.275176,8.970692
1.8218354,3.5048869,7.919645
1.7883358,3.6460636,7.3953176
1.2544373,3.5694933,8.118249
1.1682956,2.975774,9.320343
0.48125646,3.0116663,10.572388
0.59611195,3.2560334,10.792527
1.2664014,3.1459637,9.119047
1.2616158,3.3397822,8.192725
1.1970096,3.2009985,8.997013
0.148355,2.7723842,10.304092
0.42622152,2.9183464,9.9140625
0.8330014,3.1698918,8.956335
1.0342976,3.263212,8.520542
0.8353942,3.1722846,9.257831
0.5243273,3.030809,10.100702
0.5482555,3.0188448,10.000204
0.7636095,3.126821,9.322736
0.77796644,3.2273195,8.740981
0.78035927,3.2727833,8.633005
0.88354975,3.2440693,9.049655
0.8066803,3.1555347,9.696016
0.6726823,3.114857,10.033704
0.72053874,3.1842487,9.664909
0.72771716,3.2273195,9.140582
0.70618176,3.2009985,9.135797
0.81625164,3.1746774,9.530911
0.9385847,3.205784,9.719945
0.8452646,3.260819,9.497412
0.6726823,3.2584262,9.301201
0.6415756,3.2368908,9.284451
0.62721866,3.1962128,9.296415
0.7085746,3.1866415,9.29163
0.7755736,3.2249267,9.29163
0.7253244,3.2153554,9.368199
0.6511469,3.165106,9.516555
0.56500524,3.1339993,9.624231
0.581755,3.1579278,9.530911
0.74446696,3.2201412,9.332308
0.88354975,3.2799616,9.245867
0.83778703,3.2943187,9.267701
0.7516454,3.2823544,9.21476
0.7396813,3.2703903,9.147761
0.7540382,3.260819,9.233903
0.80189466,3.2321053,9.320343
0.811466,3.2153554,9.372986
0.77318084,3.2177482,9.308379
0.7109674,3.2081769,9.236296
0.5602196,3.1866415,9.35145
0.5075775,3.1890345,9.605089
0.5913263,3.2009985,9.727123
0.6343971,3.1986058,9.542876
0.65353966,3.2249267,9.353843
0.6942177,3.260819,9.344272
0.7588239,3.289533,9.439984
0.8500503,3.2991042,9.439984
0.95772725,3.3062828,9.265308
0.8955139,3.313461,9.032906
0.7755736,3.3086755,8.872586
0.8066803,3.3062828,8.927621
0.8066803,3.2584262,9.075976
0.81625164,3.2273195,9.250652
0.8955139,3.251248,9.439984
0.90508515,3.222534,9.365807
0.90029955,3.1722846,9.238688
0.8739785,3.1483564,9.346664
0.74207413,3.1052856,9.243474
0.5315057,3.0140593,8.848659
0.23449662,2.8513472,9.365807
0.61046886,2.9662027,10.263414
1.4653047,3.1339993,10.469497
1.4198412,3.0116663,10.129416
0.83778703,2.9255247,9.686445
0.62961143,2.9542387,9.727123
0.80907315,3.0619156,9.870992
1.0103694,3.181856,9.679267
1.0606186,3.2440693,9.2075815
1.0582259,3.234498,8.896515
1.1036894,3.1866415,8.989835
1.1084751,3.1196425,9.308379
1.0366904,3.0690942,9.53809
1.0390832,3.0475588,9.564411
1.096511,3.0379875,9.456735
1.1443675,3.045166,9.327521
1.1467602,3.030809,9.140582
1.1587243,3.0068808,9.083155
1.2376875,2.9781668,9.200403
1.2496517,2.949453,9.334701
1.1347961,2.8992038,9.516555
0.98883396,2.8393831,9.727123
0.9314062,2.815455,9.664909
0.9026923,2.798705,9.205189
0.83778703,2.7556343,8.680861
0.6152545,2.6479573,8.635398
0.32093734,2.5642085,9.245867
0.28743783,2.5785656,8.159226
0.90508515,2.5450659,6.524031
1.4916258,2.341377,7.086643
1.3334004,2.099702,9.171689
0.30418757,1.7093726,11.510972
-1.0055838,1.1850454,12.825231
-1.6519449,0.78753775,13.184154
-1.3884354,0.71336025,12.801302
-0.43100718,0.89312106,11.726327
0.622433,1.244866,10.129416
1.1563315,2.3174486,9.059227
0.7325028,2.8178477,9.24826
-0.15314065,1.852942,9.949955
-1.0677971,1.2592229,10.356734
-1.1826526,1.407877,10.177273
-0.43818563,1.5514464,9.657731
0.64636123,1.8481563,9.016156
2.044667,1.9319052,8.443972
2.7053852,1.3573287,8.372188
2.2121646,0.58654064,9.655338
0.77796644,0.29222345,12.305689
-1.2209377,-0.14356937,13.481163
-1.6998014,-0.37836507,12.834802
-0.38793638,0.60329044,11.474781
1.2640085,1.5370895,9.717552
2.2671995,2.4059832,9.217153
2.815455,3.5072799,9.349057
2.1475582,4.278367,10.198809
0.43100718,4.261617,10.42164
-0.37597227,3.3493536,8.012965
0.34247273,2.3509483,5.4610195
2.6096723,1.4437693,5.9805613
3.926323,0.55064833,9.255438
3.2321053,0.17706887,12.535399
1.852942,0.94337034,12.487543
0.689432,2.4131618,9.859028
0.74207413,3.153142,8.005786
1.489233,3.315854,7.132107
2.0422742,3.5431721,8.18794
2.1379871,3.6005998,11.268998
1.434198,3.5048869,11.927323
0.04546363,3.409174,8.977871
-0.5315057,2.9853454,6.873383
0.29222345,2.856133,7.7976108
0.71336025,3.5742788,9.746265
0.51475596,3.7037904,10.467104
0.10289137,3.234498,10.428819
-0.023928227,3.234498,9.954741
0.31615168,3.5072799,9.233903
0.48364928,3.571886,8.886943
0.3711866,3.5144582,9.0544405
0.27038896,3.4594233,9.344272
0.45254257,3.4402807,9.006584
0.58893347,3.5048869,8.5372925
0.6655038,3.5671003,8.546864
0.9194421,3.5359936,8.786445
0.90508515,3.6364923,9.145369
0.8042875,3.8138602,9.219545
0.9409775,3.909573,8.707481
0.9098708,4.048357,8.17119
0.80907315,4.141677,8.259725
0.9696914,4.0818563,8.692825
1.1706885,3.9622152,8.853444
1.1108679,3.8784664,8.908479
1.0366904,3.8760736,9.195618
0.9290134,3.9574296,9.473484
0.7612167,4.067499,9.578768
0.7468598,4.151248,9.617053
0.8428718,4.112963,9.552447
0.7923234,4.0148573,9.569197
0.54346985,3.9717865,9.748658
0.3400799,3.9430726,9.861421
0.33529428,3.909573,9.657731
0.32333016,3.9000018,9.337093
0.25603202,3.8904305,9.145369
0.29940194,3.8545382,9.123833
0.27517462,3.8210387,9.221938
0.30897322,3.7971103,9.150154
0.49082774,3.7588253,8.956335
0.5913263,3.7468612,8.9013
0.541077,3.7731822,9.042477
0.49322057,3.7995033,9.200403
0.55782676,3.816253,9.274879
0.63200426,3.8210387,9.294023
0.6511469,3.8258243,9.310772
0.63918275,3.8401814,9.334701
0.65353966,3.8712878,9.176475
0.61046886,3.8904305,8.999406
0.45014977,3.8665023,9.099904
0.35204405,3.8234315,9.176475
0.38554356,3.801896,9.0544405
0.4549354,3.8114674,8.9013
0.52911294,3.7851462,8.863015
0.5386842,3.7301114,8.992228
0.4668995,3.7109687,9.102298
0.4214359,3.7133617,9.188439
0.44775695,3.761218,9.24826
0.5075775,3.868895,9.209974
0.53629136,3.9861434,9.277272
0.5769694,4.048357,9.430413
0.5315057,4.0244284,9.542876
0.58654064,4.041178,9.564411
0.5554339,4.072285,9.564411
0.2536392,4.12732,9.53809
0.14596218,4.0938206,9.418449
0.14117654,4.0268216,9.526126
0.0047856453,4.0220356,9.660124
0.09332009,3.6726837,9.329915
0.26799613,3.4761732,9.066405
0.02632105,3.612564,9.008977
0.023928227,3.4474592,9.042477
0.062213387,2.94706,8.604291
-0.040677983,2.7173493,7.795218
-0.083748795,2.2911277,6.631708
-1.1826526,2.164308,5.128118
-1.3477573,2.882454,6.061917
-1.5753746,3.2177482,9.964312
-3.313461,3.670291,13.483556
-3.39721,3.9909291,13.409378
-1.1946167,3.5910287,9.605089
-0.21774685,3.8880377,6.495317
-0.72293156,4.2329035,8.640183
-0.689432,3.4809587,10.804492
-2.0470598,2.9446673,10.605887
-2.8465617,3.0667014,10.64178
-2.082952,3.478566,10.299307
-2.0470598,3.8090746,9.978668
-1.9414765,3.868895,9.229117
-0.72293156,4.148855,8.147262
-0.23928227,4.587041,7.2613196
-0.7468598,4.496114,7.5774713
-0.1794617,4.2999024,9.020942
1.2687942,4.5487556,10.375877
2.1212373,4.7138605,11.146964
2.4993033,4.4721856,10.945967
2.9949167,4.2759743,9.885348
1.7763717,4.7210393,9.363414
0.6056832,5.030012,9.329915
1.1563315,4.685147,9.296415
1.7021942,4.429115,9.710373
1.9055841,4.4458647,10.000204
1.9414765,4.4004006,9.413663
2.271985,4.479364,8.489435
2.2552354,4.7859445,7.550851
1.9800607,4.941478,6.6652074
1.7404794,4.9319067,6.5838513
1.9055841,4.848158,7.2302127
2.219343,4.855336,7.8981094
2.0662024,5.0012984,8.39133
2.1690936,4.982156,8.570791
2.3653052,4.915157,8.439186
2.530709,4.9845486,8.211868
2.516053,5.1161537,7.8023963
2.1954148,5.185546,7.474281
1.8864416,5.152046,7.50778
1.8098712,5.128118,7.8670025
2.003989,5.128118,8.132606
2.1858435,5.152046,8.219047
2.3461626,5.221438,8.058429
2.3605196,5.341378,7.4599237
2.1332014,5.441877,6.9523463
1.9920249,5.468198,7.093822
1.9103698,5.401199,7.768897
1.8457636,5.2573304,8.393723
1.7691933,5.1640105,8.446364
1.6136597,5.168796,7.8670025
1.5514464,5.183153,7.481459
1.7380866,5.08744,8.096714
2.14038,4.9462633,9.0951185
2.2695923,4.8290153,9.475877
2.0494525,4.7688956,9.008977
2.2337,4.7042894,7.9220376
2.0757737,5.006084,7.5990067
2.2360928,5.118547,8.185547
2.4538395,4.817051,8.432008
1.9582262,4.7401814,8.508578
1.9007984,4.766503,8.544471
1.9824536,4.845765,8.429615
2.0542383,4.88405,8.319545
2.0279171,4.857729,8.441579
1.9295124,4.759324,8.748159
1.8840487,4.7018967,8.8701935
1.8744774,4.706682,8.618649
1.9414765,4.723432,8.436793
2.0518453,4.7377887,8.796016
2.0087745,4.735396,9.164511
1.8625133,4.74736,8.860622
1.8601205,4.8385863,8.18794
1.9968106,4.9175496,7.838289
2.1451654,4.915157,8.017751
2.0111675,4.8003016,8.338688
1.7835501,4.6875396,8.446364
1.9055841,4.6755753,8.6090765
2.1619153,4.658826,8.729017
2.1332014,4.627719,8.563613
2.1499512,4.6612186,8.365009
2.3581266,4.6612186,8.362616
2.3246272,4.6037908,8.551649
2.3222344,4.6229334,8.760123
2.3988047,4.666004,8.9108715
2.3892334,4.6899323,8.788837
2.312663,4.7162533,8.396115
2.2504497,4.7425747,8.175976
2.2145574,4.7401814,8.341081
2.1379871,4.7042894,8.551649
2.0685952,4.6707897,8.570791
2.056631,4.6468616,8.6090765
2.099702,4.6229334,8.630612
2.1834507,4.618148,8.350652
2.248057,4.6612186,7.9483585
2.2815564,4.6875396,7.7880397
2.248057,4.6229334,7.8335032
2.2121646,4.5248275,7.969894
2.477768,4.520042,8.422437
2.6742785,4.476971,9.131011
2.3365912,4.2664027,9.751051
2.12363,4.057928,10.251451
2.0111675,3.9454653,10.038489
2.7101707,3.6559339,8.513364
2.5259235,4.1057844,7.089036
1.867299,4.2257247,6.471389
1.3501502,3.8473597,7.237391
0.80907315,4.132106,8.949157
1.1228321,4.05075,9.770194
0.7851449,4.1608195,10.989038
0.9026923,4.388437,12.11187
2.801098,3.7636108,11.376676
4.0938206,3.5383866,10.177273
3.2273195,3.9526439,9.279665
2.4131618,4.112963,8.065607
2.1355941,4.1632123,7.2493553
1.9630119,4.060321,7.8406816
2.396412,3.9957147,9.12144
3.0379875,3.9023945,9.755837
2.9877381,3.8114674,9.341879
2.798705,3.9023945,8.276474
2.9853454,4.043571,7.4216385
3.1603205,4.139284,7.2996044
3.1794631,4.182355,7.859824
3.2273195,4.1464624,8.668898
3.181856,4.074678,9.116654
3.1507492,4.0627136,8.817552
3.2153554,4.156034,8.036893
3.1794631,4.220939,7.7090764
3.0116663,4.2038903,7.8646097
2.8369904,4.182355,8.087142
2.7293134,4.182355,8.326724
2.6814568,4.206283,8.233403
2.6359932,4.278367,7.7880397
2.6599214,4.362116,7.656434
2.8106692,4.388437,8.041678
2.894418,4.3908296,8.443972
2.7723842,4.3908296,8.566006
2.547459,4.438686,8.355437
2.3724837,4.505685,8.012965
2.2552354,4.476971,7.7569327
2.1355941,4.4075794,7.5173516
2.1427727,4.328616,7.6133633
2.1068804,4.1871405,8.173583
1.8960128,4.0100718,8.580363
1.7404794,3.9000018,8.295617
1.8242282,3.8760736,7.3522468
1.9199411,3.8042889,7.172785
1.7835501,3.667898,8.247761
1.6782659,3.5407794,9.442377
1.7380866,3.4043884,10.325628
1.7165512,3.3062828,10.292129
1.8290138,3.5336008,9.435199
2.271985,3.9071803,9.545269
2.7317061,4.213761,10.459925
2.7173493,4.3501515,10.455139
1.7763717,4.034,9.404092
0.7013961,3.6221352,8.668898
0.52911294,3.2488549,9.02812
0.11246266,2.6072793,10.325628
-0.8282157,2.1427727,11.111072
-0.61764735,2.204986,10.2682
0.40468612,2.5666013,10.038489
1.6280167,3.1459637,10.770992
2.9446673,3.7157545,10.605887
3.6293137,4.0363927,9.387342
3.4067812,4.0005,8.053643
2.379662,3.6487553,7.550851
1.0271192,3.1794631,7.699505
-0.11006984,2.7963123,7.8646097
-0.88354975,2.5785656,8.183154
-1.4054842,2.487339,8.930014
-1.7141583,2.5208387,9.801301
-1.4126626,2.7388847,10.447961
-0.45972106,3.1435707,10.550853
0.6200402,3.4737802,10.491032
1.4964114,3.502494,10.565209
1.7644076,3.3780673,10.150951
1.2975081,3.1962128,9.767801
0.95772725,3.1196425,9.923634
1.1970096,3.1722846,9.664909
1.4126626,3.0909286,8.965906
1.1994023,2.894418,8.446364
0.5697909,2.7364917,8.5014
0.062213387,2.7029922,9.480662
0.0526421,2.7532415,10.289736
0.15314065,2.8226335,10.162916
0.17228323,2.9446673,9.777372
0.3711866,3.098107,9.44477
0.64636123,3.2249267,9.226724
0.9912268,3.330211,9.272487
1.7069799,3.3756745,9.277272
2.1068804,3.2392836,8.915657
1.4940187,2.9255247,8.805588
0.65353966,2.6838498,9.224331
0.70618176,2.8202405,9.487841
1.3549358,3.1890345,9.566804
1.9438694,3.4977086,9.416057
2.1427727,3.6317065,8.939586
1.9824536,3.598207,8.417651
1.7093726,3.4809587,8.132606
1.1252248,3.2727833,8.582756
0.7253244,3.1076784,9.140582
0.9696914,3.2033913,9.1669035
1.5849459,3.4139597,9.140582
2.003989,3.461816,9.471091
1.7787645,3.3326037,9.734302
1.3429717,3.1914272,9.485448
1.2855439,3.1316066,9.123833
1.6088741,3.0858438,8.803194
1.9414765,2.9662027,8.489435
1.9031913,2.7723842,8.494222
1.9295124,2.6694927,8.427222
2.1499512,2.7795627,7.656434
2.0494525,3.1770704,6.6963143
2.3461626,3.8042889,6.222236
2.6982067,4.345366,7.392925
1.8601205,4.57747,10.280165
0.9290134,4.4841495,12.449258
1.0510473,4.098606,12.916158
1.1347961,3.5216367,12.171691
0.50039905,2.7412775,10.546066
-0.25603202,1.9462621,9.111869
-0.42622152,1.4222339,9.490233
0.55304116,1.3860425,10.306485
2.0925233,1.9534405,10.002597
3.1483564,2.6766713,9.506984
3.2297122,3.1459637,9.284451
2.1499512,3.275176,9.190832
0.90029955,3.1316066,8.913264
0.7851449,3.0236306,8.412866
1.6902301,3.0858438,7.5053873
2.585744,2.9590242,6.8781686
1.9872392,2.489732,7.1153574
1.0175478,2.1427727,8.053643
1.3357933,2.2073789,9.126225
2.547459,2.6240292,10.553246
3.5934215,2.9877381,12.418151
3.3086755,2.9207392,13.955241
1.2496517,2.353341,14.144274
-1.8170497,1.7021942,13.186846
-3.2368908,1.3645071,12.181262
-1.3884354,1.6040884,10.936097
0.74207413,2.1762722,9.219545
0.34965122,2.2121646,6.7585278
-0.72053874,1.7787645,4.462614
-0.09092726,1.9390837,6.116952
3.8928235,3.1507492,8.12782
6.9882383,4.0100718,7.1153574
6.6484575,3.9693937,6.2676997
4.912764,3.818646,6.4160547
2.8585258,3.7707894,6.7322063
2.5354948,3.7013974,6.9355965
2.7101707,3.4977086,8.103892
1.8720846,2.8609185,9.796515
0.04546363,1.9031913,11.778969
-1.7979071,1.3884354,12.576077
-2.0398812,1.6519449,12.372687
-0.6798607,2.271985,12.190833
0.42861435,2.489732,11.853146
0.9553344,2.243271,11.039288
1.0510473,2.300699,10.363914
0.5027919,2.4634109,8.922835
-0.05742774,2.2241287,7.792825
-0.35443684,2.1427727,8.810373
0.050249275,2.4251258,9.413663
1.07019,2.8393831,9.550055
1.4365909,3.0738797,10.194023
0.81625164,3.0092735,10.060024
0.08135597,2.6240292,8.827123
0.32093734,2.3078775,7.7162547
1.8984057,2.2935205,7.6277204
2.487339,2.1667008,8.5372925
2.2145574,2.2815564,8.88455
2.6982067,2.7412775,9.250652
3.030809,3.2081769,9.859028
2.8489544,3.4331024,9.847063
2.1954148,3.2081769,9.866206
0.933799,2.7101707,9.909277
0.02632105,2.2695923,10.002597
0.076570325,2.1427727,9.609875
0.9816555,2.4801607,8.463115
2.2145574,2.9327033,8.479864
2.6742785,2.8393831,9.892527
2.260021,2.5522444,10.960324
1.244866,2.4969103,10.536495
1.0797613,2.7652056,9.41127
1.6950158,3.313461,8.760123
2.0350957,3.5934215,9.025727
2.9039893,3.8928235,11.3575325
2.2217357,3.8377883,12.657733
0.69900334,3.5479577,10.507782
1.0366904,3.8066816,8.599505
1.2951152,4.0124645,8.647362
0.6343971,3.6870406,8.103892
0.770788,3.1363924,4.9486566
2.5785656,2.5450659,4.8768716
4.362116,2.4107687,10.019346
4.1105704,2.600101,18.604496
2.6431718,2.4849463,20.012373
1.462912,1.9271195,11.326426
0.6559325,1.6567305,4.7042894
0.040677983,3.1459637,2.8872397
-1.1611172,5.0108695,4.2281175
-0.770788,4.5726843,5.7170515
1.3597214,3.708576,7.603792
1.041476,4.0555353,8.906086
-0.63918275,3.3038898,9.573982
-0.4956134,2.4346972,10.92174
0.5386842,2.612065,10.766207
1.1587243,2.8609185,8.91805
1.625624,3.114857,7.8023963
1.5993029,2.9111679,9.933205
1.4054842,2.2528424,13.157832
0.9290134,2.8393831,13.902598
1.1754742,3.8665023,12.466008
2.638386,4.05075,10.694422
2.734099,3.978965,9.332308
1.8481563,3.126821,8.503793
1.1587243,2.7005994,6.9882383
0.32093734,3.7109687,6.2772713
-0.40707895,4.6229334,8.130213
-1.1084751,4.575077,9.294023
-1.5179468,3.72054,7.845467
-1.7811574,3.0379875,6.4088764
-2.8704898,3.9622152,7.048358
-4.141677,5.4610195,7.7473617
-3.8617167,5.9781685,7.8071823
-1.9151554,5.35095,7.6348987
-0.11964113,5.1065826,7.474281
1.0941181,5.992525,7.687541
1.3357933,6.617351,8.022536
0.31136605,6.3275204,7.6516485
-1.4294125,5.389235,6.451947
-3.4546378,4.77398,5.939883
-4.206283,5.317151,6.2605214
-3.4833515,6.4570317,5.695516
-2.4993033,7.778468,1.2951152
-1.7021942,7.8741813,4.6085763
-1.7021942,7.8741813,4.6085763
-1.7213368,7.0555367,9.164511
-1.9366908,7.1081786,9.880563
-1.2257234,7.550851,9.435199
-0.7253244,7.1919274,7.821539
-0.80907315,6.619744,6.782456
-1.3046865,6.329913,7.0842505
-0.98883396,6.2007008,7.6085777
-0.60807604,5.8968124,8.087142
-1.5346966,5.3075795,7.3546395
-1.6758732,5.3075795,6.3849483
0.2105684,6.4232335,7.282855
3.39721,9.487841,9.102298
4.4554358,9.301201,9.19801
5.226224,7.562815,4.191926
6.6795645,9.847063,1.218545
4.453043,9.578768,2.3748765
-0.6511469,6.7034926,4.4147577
-4.8649077,3.275176,6.009275
-1.9657038,1.7572291,6.073881
4.05075,4.5894337,7.105786
7.646863,8.656933,7.8550386
9.530911,10.155738,8.762517
6.535995,6.859026,7.400103
2.7436702,3.4211383,3.49053
4.759324,4.388437,-1.2759727
9.672089,6.832705,-3.6197424
12.755838,6.7369924,-0.325723
10.569995,5.1568317,-0.85244304
4.5008993,4.4602213,-2.0350957
9.313165,6.291628,0.49800622
13.318451,5.4299126,3.694219
7.8239317,0.19381863,4.982156
7.0316086,0.8883354,3.2297122
8.386544,6.0858455,-0.36161533
7.3402824,7.7473617,-2.2671995
5.499305,7.213463,0.6583253
6.9906316,7.1010003,1.3477573
9.06162,5.829514,-0.689432
7.007381,4.3094735,-0.5602196
7.2206416,3.0355947,0.33050862
12.774981,1.0103694,0.20578274
17.280666,-1.3669,2.449054
16.641483,-2.5546372,3.399603
13.421342,-0.2105684,0.9984053
11.364711,1.2903296,0.0047856453
10.493424,1.1012967,1.8433708
8.642576,1.9031913,1.1994023
7.2972116,2.6431718,-0.72771716
7.993822,2.8657043,-0.28743783
8.482257,2.8920252,-0.33050862
8.59472,2.489732,-0.4334
7.158428,2.4562325,1.1515459
6.957132,2.6479573,1.230509
8.76491,1.3142579,1.1850454
11.156535,1.0797613,0.11246266
13.299308,2.5112674,-3.030809
13.074084,2.5953152,-2.5905297
10.17488,2.2384856,-2.5642085
10.869098,1.6782659,2.9039893
10.17488,1.244866,0.2536392
10.17488,1.244866,0.2536392
8.554042,1.3956138,-2.1499512
7.697112,1.8696918,-1.7715861
9.401699,1.311865,-0.40947178
10.881062,0.67028946,1.1036894
10.534102,0.3065804,1.6519449
9.631411,1.2065809,-0.17467605
9.111869,3.2297122,-2.0542383
8.554042,4.005286,-1.1276177
7.349854,3.9622152,-0.15074782
8.130213,3.141178,1.0845468
10.483853,1.7237296,1.1515459
11.621042,0.5458627,-0.2970091
12.468401,0.62721866,0.3711866
13.24188,1.2065809,2.2504497
11.984752,1.2496517,1.8218354
9.918848,1.378864,0.9816555
9.190832,1.6208383,3.8090746
8.257332,2.3078775,1.7811574
8.113463,2.461018,-1.6399808
8.405686,2.8034909,0.1052842
7.8239317,3.4737802,0.38315073
7.7162547,3.0762727,0.3472584
8.784052,2.4179473,0.70618176
9.667302,2.5331018,0.4860421
9.042477,3.0667014,0.0
8.819944,3.2656047,0.10289137
8.558827,4.0244284,0.031106694
8.113463,4.534399,-0.06699903
7.967501,4.034,-0.04546363
8.161619,3.2081769,-0.083748795
9.284451,2.5737798,0.18664017
10.055239,2.6479573,-0.04546363
9.904491,2.5136602,-0.4334
9.786943,2.300699,0.047856454
10.28495,1.8002999,0.79710907
10.189237,0.7636095,0.325723
8.867801,-0.16271193,-0.65353966
8.604291,-0.3065804,-1.0462617
8.621041,0.32333016,-1.5418751
5.831907,-0.36640096,-2.0733807
5.999704,-2.0470598,-0.22731815
13.564912,-0.80189466,2.4275186
16.241583,-0.11006984,1.5418751
13.0310135,-0.9409775,-0.09810573
11.426925,-1.5921243,-0.28983065
10.82842,-3.2991042,0.28265217
11.7717905,-3.6607196,0.6559325
12.193226,-3.1220353,-0.30897322
11.999108,-3.545565,-1.5275182
10.2682,-3.1986058,-3.1220353
7.2876406,-0.031106694,-2.461018
5.683552,2.5881367,0.79950184
6.5958157,3.4809587,2.1451654
8.784052,3.6726837,0.9290134
9.779765,3.1746774,-0.70618176
9.389735,2.1332014,-0.3376871
10.177273,1.0390832,1.1994023
12.422937,0.6583253,1.5011971
12.437294,-0.8668,0.8668
9.190832,-3.0957143,-0.09571291
7.912466,-2.691028,-1.1754742
9.566804,-2.0398812,-1.041476
9.993026,-0.8258229,-0.23688944
10.215558,1.6328024,0.9170493
9.964312,2.4131618,1.2807583
9.147761,2.4681966,0.9385847
8.601898,2.0255244,0.16031912
7.534101,1.4054842,-0.6056832
8.412866,1.6423737,-0.4884349
10.34477,1.6399808,-0.18185452
10.143773,1.718944,0.33290145
9.636196,2.0374885,0.7181459
9.013762,2.2121646,0.74207413
8.580363,2.3102703,0.23928227
9.3155575,1.7069799,0.08135597
10.689636,1.2951152,0.14117654
11.862718,1.0606186,-0.15074782
11.941681,0.44775695,-0.6343971
10.931312,-0.124426775,-1.0295119
9.696016,-0.49800622,-1.3429717
10.294521,-1.1754742,-2.111666
10.830812,-1.7691933,-2.8058836
10.012168,-1.8720846,-3.0236306
9.257831,-1.7979071,-3.1722846
9.040084,-1.5849459,-3.3493536
9.150154,-0.4645067,-3.2081769
9.159725,2.1499512,-2.3030918
9.140582,3.5479577,-1.1347961
9.624231,2.94706,-0.20338993
10.804492,2.3724837,0.7085746
11.331212,1.8553349,1.0893325
11.472388,1.2592229,1.1300105
11.027323,0.059820566,0.90029955
9.2075815,-1.393221,0.8330014
9.399306,-2.6599214,1.082154
11.326426,-3.409174,1.0677971
11.017752,-2.0805593,0.94337034
9.947562,-0.99601245,0.4118646
9.471091,-0.63918275,0.0047856453
8.961121,0.33050862,-0.04546363
7.1416783,-0.059820566,-0.1052842
5.6931233,-0.9696914,-0.24646074
7.1225357,-1.6543378,-0.24885355
9.066405,-3.1100712,-0.4429713
10.433604,-4.0890346,-1.0582259
11.278569,-3.411567,-1.7141583
11.302498,-2.638386,-2.015953
10.363914,-2.3892334,-2.271985
9.341879,-1.6663018,-2.547459
9.123833,-0.54346985,-2.3868406
9.643374,-0.45732823,-1.9366908
10.534102,-0.8955139,-1.2759727
11.388639,-0.9816555,-0.55782676
12.432508,-0.8066803,-0.34247273
13.481163,-0.5626124,-0.49082774
14.137095,-0.392722,-0.51475596
14.352749,-0.7157531,0.124426775
13.766208,-1.204188,0.1052842
12.971192,-1.3549358,0.02871387
12.739089,-1.4509479,1.4868401
13.203595,-0.69900334,3.0957143
13.610375,0.39750767,3.993322
12.11187,1.0055838,3.7229328
9.923634,1.1515459,2.571387
8.774481,1.1324034,1.1706885
8.48465,0.8596215,0.04546363
8.781659,0.42622152,-0.60329044
8.889337,0.09332009,-0.8859426
8.491829,-0.078963146,-0.65353966
7.953144,-0.043070808,-0.34486556
8.23819,-0.11246266,-0.09092726
9.0544405,-0.93619186,0.4645067
9.590733,-1.5418751,1.0606186
9.219545,-0.6128617,1.2664014
8.319545,0.77796644,1.2807583
7.2326055,2.0350957,1.0007981
6.114559,2.9039893,0.55782676
5.788836,2.9662027,0.35682967
6.167201,2.7795627,0.23449662
7.24457,2.5402803,0.2105684
8.877372,2.231307,0.19381863
10.821241,1.879263,0.10767702
12.614363,1.5658033,-0.11964113
13.69891,1.2352947,-0.5243273
13.454842,0.9170493,-1.0271192
11.127822,0.7899306,-0.9026923
9.013762,1.0606186,-0.083748795
9.928419,1.8505492,0.8955139
12.18844,2.9279177,1.6686947
13.452449,3.6511483,2.4921248
12.164512,3.8090746,4.0531425
9.46152,3.5551362,5.0491548
8.053643,2.8322048,4.517649
8.0201435,1.9920249,3.370889
8.877372,1.0654043,2.3509483
10.052846,-0.17228323,1.623231
10.491032,-1.1946167,1.2137593
9.9140625,-1.5849459,1.0247263
8.829515,-1.5323038,0.8787641
7.6779695,-1.2975081,0.8042875
6.7178497,-1.0055838,0.74446696
6.107381,-0.75643104,0.5937191
5.959026,-0.5482555,0.47886363
6.248557,-0.34247273,0.52911294
6.820741,-0.1363909,0.73489565
7.6755767,-0.0047856453,0.99601245
8.680861,-0.062213387,1.2281163
9.576375,-0.3065804,1.3669
10.205987,-0.57936215,1.3310076
10.699207,-0.84017986,1.189831
11.15175,-1.2400804,1.055833
11.484352,-1.6758732,1.0342976
12.042179,-1.9486549,1.2137593
12.990335,-2.1332014,1.2759727
13.976776,-2.1834507,1.5346966
14.563316,-1.8194425,3.1794631
14.338391,-1.1419746,5.7003016
13.035799,-0.58893347,6.4495544
11.554043,0.4884349,4.9725847
11.199606,2.9614172,3.9071803
10.974681,5.489733,3.7803607
10.241879,5.6907306,2.9997022
9.789336,3.519244,1.7835501
9.420842,0.9026923,0.8066803
9.025727,-1.015155,0.0
8.776874,-2.0255244,-0.35443684
8.302795,-2.367698,-0.10049855
7.2972116,-2.2815564,0.20817557
6.2437716,-1.730908,0.12203395
5.3700924,-0.66071814,-0.19860429
4.8361936,0.53629136,-0.5171488
4.965406,1.3692927,-0.62961143
5.5663037,1.8577276,-0.5458627
6.552745,2.1499512,-0.42382872
7.8693953,2.3150558,-0.2416751
9.24826,2.3868406,0.12203395
10.6154585,2.2337,0.5075775
11.963216,1.7165512,0.5027919
13.090834,1.082154,0.0023928226
13.560126,0.6439684,-0.86919284
13.119548,0.37357944,-1.8649062
11.309676,0.23449662,-1.5323038
10.256236,0.7325028,0.0023928226
12.140584,1.8888344,1.4533406
14.821742,2.8752756,2.638386
14.074882,3.112464,4.091428
10.663315,2.7628129,4.7545385
8.48465,2.1595225,3.8114674
7.77129,1.5897316,2.5088747
8.367402,1.0295119,1.3477573
9.743873,0.062213387,0.85483587
10.538888,-0.9026923,0.95054877
10.20838,-1.1659029,1.189831
9.346664,-0.8210373,1.2759727
8.4655075,-0.35682967,1.1587243
7.5870423,-0.10049855,0.93619186
6.79442,-0.0741775,0.6750751
6.195915,-0.07178468,0.53389853
5.9039907,-0.02632105,0.53629136
5.968597,-0.021535404,0.60329044
6.3370914,-0.15314065,0.74446696
7.0097737,-0.5171488,0.8979067
7.8287177,-1.0654043,0.9314062
8.623434,-1.5897316,0.80907315
9.413663,-2.0231316,0.69182485
9.413663,-2.0231316,0.69182485
11.501102,-2.3629124,0.69900334
12.995121,-2.3198416,0.7636095
14.204094,-2.2743778,1.0654043
14.5513525,-2.1978076,1.1754742
14.187345,-1.9534405,1.3501502
13.452449,-1.5107684,2.6838498
12.509079,-1.1922239,4.7449675
11.486745,-1.2592229,5.4705906
10.979466,-0.7253244,4.3836513
11.481959,1.4365909,3.3804603
11.72154,3.8712878,3.1866415
10.94836,4.2038903,2.5208387
9.882956,2.5618157,1.3190435
8.953942,0.55304116,0.44057846
8.360223,-0.9816555,-0.11246266
7.9914293,-1.6328024,-0.4118646
7.7330046,-1.6998014,-0.2656033
7.500602,-1.5394822,0.08853444
7.199106,-1.0749756,0.18664017
6.8781686,-0.22971097,0.019142581
6.619744,0.7468598,-0.2321038
6.5718875,1.4102699,-0.3065804
6.8039913,1.6160526,-0.22492532
7.225427,1.5658033,-0.19381863
7.7234335,1.4868401,-0.21535404
8.388937,1.4581263,-0.1698904
9.344272,1.4844474,-0.11246266
10.296914,1.5610176,-0.17467605
11.29532,1.4389837,-0.48125646
12.1764765,1.0893325,-0.9290134
12.272189,0.8739785,-1.4150555
11.939288,0.6774679,-2.1547368
11.474781,0.17228323,-2.5570302
10.809278,-0.25842485,-1.1204392
12.399009,0.25124636,0.19142582
15.609578,1.0989038,0.9936196
15.202499,1.6639091,3.6053855
11.673684,1.9657038,4.9677987
8.846265,1.8577276,4.1344986
7.6660056,1.8146569,2.8489544
7.7473617,1.6950158,1.4126626
8.5014,0.8210373,0.67028946
9.255438,-0.46929234,0.7540382
9.502198,-1.2424731,1.230509
9.365807,-1.3621143,1.4294125
9.0233345,-1.1682956,1.1395818
8.4679,-0.83060855,0.68464637
7.701898,-0.4142574,0.3400799
6.8374906,0.09571291,0.30418757
6.1791654,0.55064833,0.5697909
5.9327044,0.6559325,0.9194421
6.1624155,0.31375888,1.0845468
6.9882383,-0.39511484,1.0007981
8.410473,-1.204188,0.8955139
9.827921,-1.8361923,0.85483587
10.670493,-2.099702,0.8739785
11.1685,-1.9175483,1.0103694
11.623435,-1.5610176,1.1036894
11.901003,-1.5107684,0.91226363
11.946466,-1.8960128,0.6056832
11.8028965,-2.353341,0.5913263
11.544472,-2.4969103,0.64636123
11.374283,-2.231307,0.8500503
11.450852,-1.3836497,2.6431718
11.700006,-0.4668995,5.3365927
11.496316,-0.51475596,5.9470615
11.379068,-0.13878371,4.0268216
12.712768,2.489732,2.6647072
13.371093,5.695516,3.3062828
12.439687,6.14088,3.2871401
11.383854,3.4331024,1.9558334
10.074382,0.27038896,0.5673981
8.817552,-1.5873387,-0.4429713
8.1230345,-2.3318057,-0.6678966
7.7617183,-2.4825535,-0.33290145
7.3307114,-2.0590239,0.08853444
6.8709903,-1.0271192,0.25842485
6.4666033,0.33290145,0.24885355
6.3131633,1.5370895,0.27517462
6.521638,2.2767708,0.34486556
6.9092755,2.5737798,0.4142574
7.2230344,2.6048865,0.42861435
7.3378897,2.477768,0.33529428
7.5846496,2.1978076,0.17228323
8.1687975,1.8385851,0.0071784677
8.9826565,1.4413766,-0.086141616
9.808479,1.0438689,-0.11724831
10.318449,0.7516454,-0.13160525
10.680065,0.5697909,-0.20578274
11.328819,0.45014977,-0.54346985
12.138191,0.35204405,-1.1132607
12.6167555,0.17467605,-1.6064813
12.636197,-0.062213387,-1.5275182
11.474781,0.17228323,0.1052842
10.775778,1.3429717,2.4155545
13.5170555,3.2919257,3.8808591
14.896218,4.54397,3.9550366
12.003894,3.8497524,4.086642
9.176475,2.1308086,3.7827535
7.6660056,0.2416751,2.0733807
7.2876406,-1.2089736,1.0606186
8.539685,-1.9175483,0.9625129
10.2682,-2.4059832,1.2568301
11.017752,-2.5666013,1.6615162
10.658529,-1.9007984,1.8385851
9.779765,-0.5721837,1.7644076
8.784052,0.64875406,1.570589
7.8693953,1.1443675,1.2233306
7.1751776,0.9696914,0.9553344
6.6364937,0.57936215,0.91465646
6.3346987,0.24646074,0.9290134
6.4208403,-0.076570325,0.9457632
6.916454,-0.5626124,0.9457632
7.75454,-1.2592229,0.89072824
8.65454,-2.0183458,0.8042875
9.24826,-2.542673,0.68225354
9.583553,-2.6766713,0.689432
10.021739,-2.4394827,0.85483587
10.773385,-2.0279171,0.9457632
11.704791,-1.7141583,1.0462617
12.5138645,-1.5897316,1.2640085
12.916158,-1.6615162,1.2783655
12.95205,-1.6328024,1.4198412
12.810873,-1.1084751,2.896811
12.434901,-0.58893347,4.924728
11.886645,-0.92662054,5.7314086
11.606686,-0.8955139,4.955835
12.044572,0.90508515,3.9191444
12.65534,3.6029928,3.856931
12.509079,4.9989057,3.423531
11.776576,3.9287157,2.082952
10.9579315,1.7093726,1.0869397
10.103095,-0.031106694,0.49082774
9.209974,-0.9457632,0.09571291
8.427222,-1.4294125,0.15553348
7.6492558,-1.6447664,0.4549354
6.9188466,-1.5370895,0.55304116
6.3849483,-0.9840483,0.4429713
5.9614186,0.047856454,0.3376871
5.6668024,1.1060823,0.26799613
5.389235,1.8218354,0.15792629
5.154439,2.2456641,-0.069391854
5.022834,2.4155545,-0.23928227
5.168796,2.341377,-0.24885355
6.1193447,2.0805593,-0.15792629
7.8670025,1.7620147,-0.009571291
9.976275,1.4988043,0.047856454
11.968001,1.2855439,-0.02632105
13.418949,1.1156535,-0.11485548
14.335999,1.0486546,-0.285045
14.615959,1.0247263,-0.73489565
13.971991,0.811466,-1.5466608
12.183655,0.23688944,-2.204986
9.6122675,-0.08135597,-1.0749756
9.849456,0.66071814,1.0342976
13.881063,2.3030918,2.6288147
15.255141,3.4594233,3.6774693
12.11187,3.1746774,4.692325
9.289237,2.0757737,4.5272202
8.393723,0.7636095,3.0140593
8.525328,-0.16271193,1.8361923
9.516555,-0.74207413,0.95772725
10.5436735,-1.489233,0.8859426
10.510175,-1.8696918,1.4003994
9.492626,-1.338186,1.7668004
8.300403,-0.25603202,1.7931215
7.32114,0.55064833,1.5275182
6.372984,0.6200402,1.1347961
5.4729834,0.17467605,0.90029955
4.8936214,-0.38793638,0.8668
4.8792644,-0.9457632,0.9984053
5.52084,-1.4676976,1.2329018
6.5838513,-1.9438694,1.4724833
7.6348987,-2.3389843,1.718944
8.470293,-2.4705894,1.9558334
9.085547,-2.2289143,2.2169502
9.679267,-1.7811574,2.3748765
10.636994,-1.3860425,2.4466612
11.884253,-1.1874382,2.5283163
12.904194,-1.2687942,2.3629124
13.598412,-1.59691,1.9630119
13.828422,-1.8696918,1.7021942
13.191631,-1.7715861,1.4724833
11.936894,-1.0630114,1.8481563
11.111072,0.18903299,3.586243
10.241879,-0.29222345,4.618148
9.262916,-2.516053,4.7018967
9.35145,-2.9015965,5.7601223
10.7685995,-1.2903296,6.818348
12.229118,0.014356935,6.6053867
12.073585,0.60329044,5.278866
10.670493,0.9625129,3.2488549
9.380164,1.015155,1.5658033
9.040084,0.63918275,1.352543
9.289237,-0.078963146,2.2145574
9.365807,-0.6343971,3.141178
9.080762,-0.65353966,3.531208
8.774481,-0.30897322,3.2967114
8.518149,0.076570325,2.7771697
8.111071,0.29940194,2.243271
7.455138,0.28743783,1.7955143
6.579066,0.15553348,1.5203397
5.8127646,0.04546363,1.352543
5.4203415,0.033499517,1.1946167
5.360521,0.15553348,0.98883396
5.640481,0.35443684,0.7085746
6.3251276,0.5697909,0.31375888
7.3642106,0.5769694,0.02632105
8.812766,0.3472584,0.038285162
10.435997,0.30418757,0.22013968
11.350354,0.6343971,0.9601201
10.756635,1.2640085,1.9127626
9.753445,1.8074784,1.7021942
9.767801,1.6663018,0.25603202
10.572388,1.1922239,-0.20578274
11.458032,0.7396813,1.4003994
12.489936,-0.22731815,3.1244283
13.07887,-0.89312106,4.4075794
11.853146,-0.4549354,5.0515475
9.961919,-0.42382872,4.493721
9.274879,-1.5681962,3.4307094
9.863813,-2.4993033,2.4945176
10.778171,-2.3174486,2.379662
11.182857,-1.625624,2.679064
10.936097,-1.1036894,2.786741
10.244272,-0.6367899,2.7843482
9.31795,-0.04546363,2.5618157
8.302795,0.32333016,2.1068804
7.2732835,0.1363909,1.5873387
6.48096,-0.5243273,1.1276177
6.1289163,-1.2687942,0.81864446
6.291628,-1.7572291,0.72771716
7.091429,-1.9462621,0.7516454
8.3530445,-2.0087745,0.84765744
9.55484,-2.070988,1.0390832
10.368699,-2.0063818,1.2496517
10.715957,-1.6710875,1.3573287
10.830812,-1.0917253,1.3764713
11.048859,-0.60329044,1.1132607
10.991431,-0.56500524,0.622433
10.37827,-0.6415756,0.60329044
9.624231,-0.43100718,2.501696
9.77498,-0.44057846,5.209474
9.77498,-0.44057846,5.209474
11.810075,-2.3389843,4.536792
12.763017,-0.9768698,3.6487553
12.794124,0.7157531,3.449852
13.263416,0.9290134,3.2368908
13.560126,-0.11964113,2.5666013
12.183655,-0.99601245,1.852942
10.366306,-1.1347961,1.5203397
9.12144,-0.6439684,1.5634105
8.18794,0.10767702,2.0087745
7.582257,0.98883396,2.489732
7.510173,1.8768703,2.5232315
7.574779,2.382055,1.9944177
7.5173516,2.2671995,1.189831
7.4886374,1.7428722,0.5913263
7.8311105,1.2281163,0.39032918
8.659326,1.1012967,0.52193445
9.497412,1.3645071,0.81864446
10.179666,1.5370895,0.92183495
10.931312,1.3501502,0.74207413
11.735898,1.0055838,0.3807579
12.267404,0.61046886,-0.25842485
11.917752,-0.033499517,-1.1419746
11.130215,-1.0749756,-1.8768703
10.524531,-2.097309,-1.4102699
10.299307,-1.9968106,1.6782659
12.341581,-0.08853444,4.409972
14.32882,2.4538395,5.2573304
12.729517,4.28076,6.5694947
9.751051,4.5320063,6.4618177
8.001,3.4761732,4.9725847
7.811968,2.5737798,4.3525443
8.278867,1.9175483,4.278367
9.001799,1.2711871,4.24726
9.847063,0.8572287,4.151248
10.040882,0.7085746,3.9693937
9.430413,0.7516454,3.49053
8.781659,0.8859426,2.76042
8.460722,0.9314062,2.0662024
8.274081,0.5769694,1.474876
7.9244304,-0.17467605,1.0342976
7.4048886,-0.91226363,0.948156
7.004988,-1.338186,1.2687942
6.969096,-1.50359,1.6806588
7.433603,-1.6160526,2.0063818
8.372188,-1.8026928,2.2743778
9.571589,-1.9872392,2.5905297
10.730314,-1.9486549,3.1004999
11.623435,-1.5729818,3.610171
11.862718,-1.0055838,3.7013974
11.493923,-0.4334,3.5479577
11.003395,0.10767702,3.5671003
10.373485,0.7253244,4.453043
9.44477,1.352543,6.5144596
8.39133,1.7093726,7.6013994
7.7593255,1.6974086,5.915955
8.046464,1.7476579,2.868097
8.815159,2.3389843,0.9098708
9.274879,2.8872397,0.81625164
9.401699,2.4323041,1.2855439
9.93799,0.90508515,1.8409779
11.395818,-0.7325028,2.6647072
13.411771,-1.4820545,3.1603205
14.680565,-1.0079765,3.1866415
14.144274,0.4668995,2.8537402
12.588041,1.9824536,2.3222344
11.257034,2.6982067,1.8098712
10.64178,2.638386,1.5442679
10.316056,2.2528424,1.6160526
9.887741,1.8720846,1.704587
9.483055,1.5801603,1.4003994
9.037691,1.1994023,0.61046886
8.039286,0.57457656,-0.23449662
6.34427,-0.076570325,-0.7325028
