0.3592225,3.7348971,9.638589
0.1268196,3.6364923,9.748658
0.0,3.7037904,9.439984
-0.1268196,3.9550366,9.006584
-0.39750767,4.386044,8.745767
-0.60807604,4.8529434,9.030513
-0.85244304,5.0395837,9.487841
-0.7923234,4.9103713,9.406485
-0.40707895,4.7282176,8.9826565
-0.20817557,4.3740797,8.439186
-0.12921242,4.261617,8.506186
-0.14356937,4.4051867,8.930014
-0.021535404,4.240082,9.090333
0.35204405,4.002893,9.188439
0.21535404,3.828217,8.99462
-0.078963146,3.9119658,8.784052
0.0023928226,3.9311085,8.7984085
0.34486556,3.638885,8.874979
0.71336025,3.5934215,8.99462
0.5243273,3.8210387,9.21476
0.13160525,3.978965,9.209974
0.021535404,3.8760736,9.18126
0.22971097,3.653541,9.399306
0.7683952,3.8736808,9.183653
1.0438689,4.426722,8.755338
0.63918275,4.5224347,8.743374
0.14596218,4.1033916,9.016156
0.10767702,3.7803607,9.190832
0.34486556,3.8641095,9.152547
0.4860421,4.151248,9.157332
0.52193445,4.1703906,9.221938
0.3807579,3.626921,9.41127
0.4668995,3.0020952,9.270094
0.6439684,2.734099,9.056833
0.92662054,2.896811,9.294023
1.2281163,3.181856,9.480662
1.0055838,3.1363924,9.272487
0.29940194,2.9039893,8.810373
-0.26799613,2.597708,8.475079
-0.021535404,2.379662,8.774481
0.1052842,2.9183464,9.037691
-0.8042875,3.8641095,9.042477
-1.975275,4.156034,9.590733
-2.2217357,3.7923248,9.518948
-1.6016957,3.8521454,8.865408
-1.8625133,4.8912287,7.4599237
-2.111666,5.5782676,6.4977098
-0.9026923,5.7577295,7.091429
-0.79950184,5.8920264,7.7186475
-2.1882362,4.5559344,8.180761
-3.1028929,2.3557339,7.383353
-2.8537402,0.7899306,6.631708
-2.4825535,1.015155,6.99781
-2.4681966,2.379662,7.603792
-3.1435707,2.7891338,8.336295
-2.7029922,1.9968106,8.668898
-1.2161521,1.0989038,8.096714
-1.3812568,0.77796644,6.650851
-1.8433708,0.55304116,4.855336
-1.4413766,1.1730813,4.658826
-0.49800622,1.1276177,6.1121664
-0.6966105,-0.57936215,6.748956
-3.004488,-1.6304095,5.358128
-4.761717,-2.6575286,4.733003
-5.8920264,-3.5144582,5.7840505
-8.860622,-2.5378876,5.492126
-11.276176,-1.0103694,5.0922256
-10.275378,-0.49800622,5.9303117
-8.724232,-1.1180464,7.792825
-10.476675,-0.91465646,10.596316
-13.981562,0.58654064,12.521043
-17.414663,1.2592229,13.426127
-17.898314,1.3166506,13.663017
-14.474782,0.8955139,13.473985
-12.214762,0.36640096,13.500305
-11.481959,0.11246266,13.237095
-10.225129,-1.3166506,13.009478
-8.817552,-2.1212373,13.955241
-7.4862447,-2.0231316,14.43889
-8.707481,-3.1316066,11.690434
-10.6561365,-3.114857,8.108678
-10.627422,-2.8393831,6.7872415
-10.488639,-3.708576,4.6875396
-10.558031,-4.4051867,1.1778669
-10.603495,-4.4458647,0.1268196
-9.942777,-3.0762727,2.4658036
-8.774481,-1.5897316,5.348557
-8.094321,-1.1730813,5.8558354
-7.2972116,-1.0175478,4.939085
-6.1863437,-0.6798607,2.9015965
-3.978965,-0.7253244,2.0135603
-1.8218354,-0.7612167,2.9614172
-2.5378876,-0.8258229,2.6407788
-3.638885,-2.03031,1.9872392
-3.6077783,-4.0268216,1.3501502
-3.7803607,-4.479364,1.2807583
-4.9055853,-3.9215372,2.6072793
-6.100202,-3.8521454,3.5120654
-6.1384873,-4.1440697,4.7306104
-8.010572,-4.6636114,6.1289163
-9.882956,-4.108177,6.8039913
-12.470794,-3.964608,4.6731825
-15.765112,-5.278866,-0.38793638
-14.096417,-5.681159,-1.611267
-9.9140625,-5.2884374,0.67028946
-8.851051,-5.1329036,2.487339
-10.339985,-4.409972,4.091428
-10.304092,-4.1871405,4.369294
-8.941978,-5.372485,2.271985
-6.9523463,-6.5982084,-0.392722
-3.8330028,-7.4527454,-1.1228321
-1.6280167,-7.1249285,0.98644114
-1.5155541,-6.526424,4.625326
-2.260021,-7.6013994,6.6101727
-3.3110683,-9.569197,6.4977098
-4.0555353,-11.273784,5.1400824
-4.939085,-11.867503,3.1794631
-7.0316086,-10.627422,2.3246272
-9.430413,-8.412866,3.9023945
-8.5014,-7.5269227,5.8271213
-5.29083,-7.50778,5.6739807
-3.519244,-7.574779,4.0268216
-2.3724837,-8.18794,2.0494525
-2.7819555,-8.024929,0.18664017
-5.022834,-6.899704,-0.033499517
-4.615755,-6.396912,1.8170497
-1.6304095,-7.6779695,3.054737
-0.85483587,-8.815159,1.2400804
-2.8872397,-8.822337,-1.5203397
-5.374878,-9.44477,-1.9704895
-6.6939216,-9.751051,-0.18424734
-6.8303123,-8.738588,4.7042894
-5.573482,-7.764111,4.6037908
-3.411567,-7.630113,0.28265217
-1.9414765,-8.601898,-0.47886363
-1.5251254,-9.116654,-0.22013968
-1.8433708,-7.2756763,0.49082774
-2.7652056,-5.7577295,1.0199406
-5.0491548,-5.0850472,1.9103698
-6.7322063,-4.7859445,2.2408783
-4.1751766,-5.52084,0.15074782
-0.38554356,-6.6963143,-1.907977
-0.9194421,-7.9052877,-1.311865
-2.1092732,-8.180761,0.13878371
-1.2113664,-6.8662047,-1.2975081
-0.5099703,-5.0802617,-2.9662027
-0.39750767,-4.682754,-1.8361923
-4.1632123,-11.034502,-0.8330014
-10.3543415,-20.665913,-0.7253244
-9.810872,-25.434807,-1.5059828
-0.49800622,-22.818256,-1.3190435
6.291628,-13.971991,1.3884354
4.362116,-7.7258263,2.8202405
0.11006984,-7.0097737,2.0398812
-1.6447664,-8.678469,0.89312106
-1.8912272,-10.136595,0.0047856453
-2.3509483,-10.158131,-0.5458627
-2.600101,-9.193225,-1.1060823
-2.5761726,-8.348259,-1.4437693
-2.164308,-7.77129,-1.1300105
-2.1140587,-7.02443,-0.541077
-4.6468616,-9.001799,-0.7085746
-5.5016975,-11.75504,-0.3711866
-2.4729822,-12.131013,1.5346966
0.033499517,-10.883454,2.9973094
0.6056832,-9.008977,2.7795627
-0.7372885,-8.668898,1.4700904
-2.3916261,-8.99462,0.12921242
-2.9685955,-9.229117,-0.6367899
-2.798705,-9.504591,-0.9290134
-2.5689943,-9.480662,-1.1084751
-2.815455,-9.145369,-1.230509
-3.4187453,-8.925228,-1.0103694
-3.6918263,-8.865408,-0.16031912
-3.761218,-8.800801,1.1108679
-4.045964,-8.76491,1.718944
-4.345366,-8.889337,0.9936196
-4.2038903,-8.860622,0.16031912
-3.7995033,-8.62822,-0.0526421
-3.370889,-8.623434,-0.2009971
-2.8513472,-8.776874,-0.26799613
-2.4538395,-8.920443,-0.21774685
-2.1379871,-9.073584,-0.23688944
-1.7787645,-9.162118,-0.19621146
-1.5179468,-9.12144,-0.011964113
-1.5897316,-9.0951185,0.12921242
-1.9824536,-9.071191,0.24646074
-2.5881367,-8.848659,0.36400816
-3.3565319,-8.707481,0.15553348
-4.388437,-9.325129,-0.37597227
-5.52084,-10.280165,-0.85244304
-5.7840505,-10.110274,-1.1467602
-5.4299126,-9.286844,-0.8210373
-5.5591254,-9.212367,1.1036894
-6.238986,-9.717552,4.8385863
-7.3546395,-9.621839,8.216654
-8.860622,-8.103892,7.663613
-9.346664,-6.401698,3.5168512
-9.06162,-6.674779,-0.09332009
-8.863015,-8.546864,-2.1858435
-7.359425,-10.481461,-3.0188448
-6.48096,-12.590434,-2.4107687
-8.649755,-14.824135,-1.5155541
-12.614363,-15.669399,4.1297126
-15.302999,-16.011871,7.917252
-13.983954,-18.513567,5.4729834
-12.65534,-21.180668,5.0802617
-11.920145,-20.81666,4.8242297
-7.6540413,-19.50001,2.4969103
-2.6886353,-17.991634,0.9194421
0.22731815,-14.458033,1.1108679
1.7141583,-9.837492,1.570589
2.5546372,-6.100202,1.4294125
4.1297126,-3.9622152,0.29461628
6.413662,-1.8960128,-1.3549358
5.9973106,0.5937191,-3.2679975
2.9398818,2.8393831,-3.9047875
1.3908281,4.5655055,-3.4043884
1.8625133,5.4753766,-5.0754757
2.1619153,6.143273,-6.512067
1.0462617,7.282855,8.980264
-0.47168517,1.7261224,6.3275204
-1.1012967,-18.02274,-10.431211
-2.099702,-39.646378,-2.4825535
0.10049855,-38.578583,2.8920252
1.8888344,-23.016861,0.45014977
-0.53629136,-14.994324,-1.2616158
-2.0470598,-14.287843,-2.679064
-4.28076,-19.485653,-2.9662027
-9.380164,-26.272894,-3.1435707
-15.207285,-27.46751,-4.1727834
-18.358034,-21.975384,4.1847477
-19.112072,-13.500305,15.91586
-17.59652,-7.1225357,7.1799636
-12.944871,-2.9159534,1.4437693
-8.2094755,0.392722,8.384151
-8.300403,1.745265,8.1015
-9.973883,1.9486549,4.2424746
-8.329117,2.1140587,0.689432
-6.5838513,3.045166,0.9553344
-5.7003016,3.1507492,5.8343
-4.1225343,0.5051847,5.7816577
-2.96381,-2.5088747,0.2440679
-6.0427747,-6.0284176,-1.5011971
-12.80848,-14.003098,0.2536392
-15.889539,-28.530521,6.4256263
-14.54896,-41.0731,6.0164533
-8.985049,-44.348274,-0.39032918
-1.0630114,-35.073696,-0.285045
1.7213368,-20.496021,1.5203397
0.9840483,-12.818051,1.244866
0.6559325,-9.375379,1.1108679
1.4198412,-7.361818,1.2544373
3.0643084,-6.0690956,0.29940194
4.28076,-4.4554358,-0.35204405
4.725825,-2.056631,-0.4668995
4.0794635,0.11964113,-1.0247263
2.5064816,1.4581263,-1.2496517
1.0438689,2.3724837,-0.58893347
-0.09810573,3.4187453,-0.6942177
-0.81864446,4.979763,-1.3334004
-0.80189466,3.761218,-0.5458627
-3.114857,-2.0614166,4.24726
-4.4913282,-6.79442,1.2592229
-4.319045,-22.835005,-3.2799616
1.2137593,-35.34887,-1.6495521
10.050453,-26.215466,-3.5647075
8.82473,-16.373188,-4.8696933
2.9662027,-14.055739,-4.8266225
-0.7492526,-18.369999,-4.5224347
-3.9119658,-24.752554,-4.7162533
-7.8717885,-28.410881,-4.3262234
-11.472388,-27.426832,-2.1714866
-13.148261,-20.522343,15.228821
-14.721243,-12.6167555,14.754743
-14.881862,-8.656933,-0.53389853
-10.6561365,-4.4985065,5.697909
-8.1015,-0.5099703,9.073584
-10.356734,0.6726823,3.978965
-11.908181,1.7524434,0.40468612
-11.747862,3.8904305,2.707778
-10.627422,5.278866,9.0544405
-7.6683984,1.8984057,8.635398
-4.347759,-3.1172497,1.556232
-6.131309,-7.622935,-1.1850454
-14.055739,-18.695423,-0.20817557
-15.485151,-37.041492,4.9510493
-9.629018,-48.71757,4.7449675
-2.111666,-46.69444,-2.6431718
5.2716875,-34.491642,-3.181856
6.2198434,-20.572592,0.9720842
3.598207,-12.873087,2.5833511
2.353341,-9.068798,1.4964114
2.7580273,-7.2637124,-0.10289137
4.3932223,-5.836693,-0.92662054
5.944669,-3.72054,-1.3357933
5.6189456,-1.1060823,-2.3054845
3.7851462,1.338186,-3.7037904
1.9438694,3.0933216,-4.6085763
0.3999005,4.3118663,0.8258229
-1.2089736,4.587041,6.5575304
-4.153641,3.6726837,5.532804
-3.9406798,2.0015962,-1.3022938
-0.79471624,0.689432,-5.5710893
-0.63200426,-0.92183495,-3.6631124
-0.73011,-3.7277186,-4.874479
5.1329036,-17.519949,-1.7739788
9.183653,-32.39463,3.1172497
8.975478,-31.803305,-1.4003994
8.709874,-27.697222,-9.416057
4.429115,-26.770899,-11.192428
0.28743783,-26.191538,-7.32114
-3.4977086,-27.233013,-4.752146
-9.559626,-27.101109,7.7090764
-12.930514,-20.23012,17.507984
-13.754244,-13.145868,5.7553368
-12.169298,-8.542078,0.37357944
-7.5269227,-3.3038898,5.425127
-8.068,0.009571291,4.881657
-13.5481615,1.8385851,3.3038898
-16.026228,4.2352962,4.278367
-13.581661,6.4905314,6.3394847
-10.816456,4.546363,8.032107
-7.172785,-0.9696914,6.9619174
-3.2249267,-3.7636108,2.4993033
-5.523233,-6.9930243,-1.4461622
-14.412569,-19.799112,-1.4581263
-17.58934,-42.277287,3.2871401
-8.73141,-55.17191,3.9574296
3.7061832,-48.26742,-2.6431718
9.435199,-30.120253,-2.7269206
5.539983,-14.484354,3.4833515
1.1539388,-8.599505,4.9462633
-0.18185452,-7.1679993,2.4251258
0.040677983,-6.4328046,0.9170493
2.5232315,-5.9327044,0.17467605
5.29083,-5.0587263,-0.9720842
5.899205,-2.530709,-2.7293134
4.220939,0.58654064,-4.0531425
1.7428722,2.6216364,-3.9670007
0.4764708,3.72054,-1.5873387
-0.11246266,4.5487556,2.5642085
-1.8146569,5.0587263,3.1172497
-2.5929224,3.2991042,-1.3405789
-2.099702,0.14596218,-2.8202405
-2.8704898,-3.234498,-3.4426737
-2.76042,-21.300308,-4.031607
4.1344986,-35.980873,-0.44536412
11.9560375,-27.649364,-0.72771716
12.489936,-18.09931,-4.1464624
8.810373,-16.344475,-6.372984
5.293223,-19.404297,-6.3370914
3.7396827,-24.276083,-4.2927237
-0.12921242,-29.638996,-3.0403802
-8.070393,-32.013874,-1.8050855
-15.913467,-26.191538,5.8151574
-20.344975,-16.227226,9.0544405
-18.044275,-9.138189,3.098107
-12.67209,-4.2281175,2.3916261
-11.793325,0.014356935,5.1903315
-14.491532,3.1435707,5.5926247
-14.706886,4.898407,3.4522448
-11.474781,5.793622,3.289533
-8.190332,3.844967,4.402794
-5.8968124,-0.91226363,4.4985065
-5.480162,-4.8601217,1.6782659
-8.59472,-10.6681,-0.10049855
-11.570793,-23.998516,4.240082
-10.2825575,-40.357346,5.8247285
-4.8433723,-50.57769,1.7333009
6.4232335,-50.09165,-1.3070793
13.418949,-35.741592,0.39032918
8.939586,-19.128822,2.7269206
4.0363927,-11.027323,1.6591234
3.2919257,-7.888538,-0.96490574
3.519244,-6.265307,-2.1571295
3.9143589,-4.5631127,-1.9848464
4.584648,-2.6431718,-1.4003994
4.4817567,-0.35443684,-0.5171488
3.5886357,1.6710875,-0.7923234
2.7173493,2.9207392,-2.3844478
1.7763717,4.034,-0.81625164
0.58893347,4.6396832,1.3740784
-2.2289143,5.705087,2.7269206
-5.128118,4.189533,1.867299
-3.8066816,0.6008976,-1.5299109
-2.3509483,-2.0207388,-2.2384856
-4.1608195,-8.712267,-2.4993033
3.0690942,-29.770601,3.1483564
11.5468645,-34.26193,4.886443
12.676875,-18.724136,-1.623231
11.774183,-15.135501,-5.6356955
6.799206,-18.230915,-7.637292
3.6197424,-23.122145,-6.4666033
1.6902301,-27.156145,-4.886443
-3.2560334,-30.062826,-6.6101727
-10.407283,-29.63421,-4.3525443
-14.932111,-22.811077,10.095917
-16.962122,-14.709279,13.696517
-16.344475,-9.806087,3.6029928
-11.673684,-5.128118,2.7795627
-11.616257,-1.448555,4.9079785
-15.415461,1.1419746,4.4243293
-15.348462,3.670291,3.696612
-10.723136,5.4370914,2.6982067
-6.2700925,5.0946183,3.1698918
-5.982954,1.0103694,1.4916258
-7.234998,-4.421936,-0.033499517
-9.902099,-12.063714,3.2560334
-13.150654,-26.263323,6.102595
-12.049357,-42.327538,0.85483587
-2.5642085,-52.430634,-5.2692947
11.8028965,-48.588356,-1.0390832
14.13231,-30.984362,5.5591254
6.3538413,-15.896717,5.221438
3.4187453,-10.330414,1.5203397
3.5814574,-7.926823,-0.60807604
3.6583266,-5.489733,-1.07019
4.237689,-3.4953158,-0.78753775
4.536792,-1.7237296,-0.83778703
3.5048869,0.3711866,-1.5634105
1.8696918,1.9824536,-2.243271
-0.124426775,3.0092735,-2.7293134
-1.1515459,3.6559339,-1.7380866
-0.9242278,4.625326,1.1156535
-2.2169502,6.15763,0.83060855
-3.7588253,3.1196425,0.47168517
-5.860621,-4.2257247,3.167499
-4.9103713,-12.629019,2.193022
4.5248275,-27.920053,1.7907287
15.336497,-33.73521,0.50039905
17.036299,-23.986551,-4.874479
11.29532,-17.476877,-7.402496
6.8398833,-17.239988,-7.0555367
4.9725847,-20.455044,-4.9845486
2.815455,-25.841887,-3.519244
-1.6806588,-31.35794,-4.3118663
-8.434401,-32.89264,-7.5149584
-16.107584,-28.951958,-5.302794
-21.472591,-19.83022,12.322438
-21.12324,-9.497412,14.975182
-19.107286,-3.1363924,1.3645071
-18.43939,0.17228323,0.42622152
-17.304594,3.7923248,4.35733
-14.335999,6.8781686,4.4075794
-10.682458,7.4192457,2.4969103
-9.183653,4.8026943,2.6814568
-7.079465,0.9840483,2.894418
-5.171189,-2.231307,1.1874382
-7.9052877,-7.9722867,0.4956134
-14.09881,-22.179073,2.1475582
-15.21207,-41.997326,2.082952
-9.466306,-56.70182,-1.6950158
-0.069391854,-56.30192,-5.853442
10.567602,-38.382072,6.093024
10.519746,-20.155941,13.445271
3.8593237,-13.239488,3.9191444
1.9534405,-10.105488,0.02871387
3.181856,-7.1679993,0.062213387
4.493721,-5.2142596,-0.39032918
4.8601217,-3.1603205,-1.4605191
4.6564326,-0.80907315,-2.8848467
4.1608195,2.1762722,-7.5293155
3.3924243,5.6237316,-10.229915
2.6814568,8.451151,-3.5383866
1.7668004,9.849456,9.145369
1.1515459,6.7872415,5.1352963
0.8859426,1.637588,-8.33151
-0.7540382,-2.597708,-6.2940207
-2.03031,-6.995417,1.1922239
0.95772725,-22.878077,2.6072793
8.743374,-35.827732,-3.3637104
14.280664,-29.576784,-8.961121
11.422139,-21.769602,-8.381759
6.940382,-20.565413,-7.036394
3.6173496,-24.728626,-5.925526
-1.9558334,-29.71796,-4.045964
-7.120143,-30.13461,-5.6763735
-14.082061,-25.748566,-3.519244
-20.773588,-19.650757,7.778468
-20.325832,-12.260225,15.820147
-14.007883,-5.1664033,7.103393
-13.759029,-0.3185445,-0.36161533
-18.537497,2.341377,0.52911294
-17.376379,4.733003,2.085345
-11.530115,6.7202425,6.7322063
-6.9523463,6.1887364,5.5591254
-5.494519,2.7723842,2.3054845
-3.8114674,-0.33050862,1.5514464
-3.9287157,-2.5232315,0.02632105
-9.717552,-9.241081,-0.3999005
-18.616459,-24.95355,0.26081768
-19.677078,-43.687557,-0.8955139
-10.572388,-53.56543,-2.547459
-1.2424731,-49.289753,-3.2703903
6.9092755,-33.778282,4.912764
8.717052,-18.63321,10.849956
4.7715874,-11.69522,4.936692
4.3357944,-8.788837,0.581755
5.343771,-5.927919,-0.51475596
5.6093745,-3.2967114,-1.2137593
5.1735816,-1.0438689,-2.2121646
4.05075,1.0941181,-3.3924243
2.1164517,3.3038898,-4.5272202
0.13160525,5.326722,-4.6229334
-0.85244304,6.971489,-0.70378894
-1.2592229,6.6125655,2.8728826
-2.1475582,2.2360928,1.6663018
-4.627719,-4.6755753,6.265307
-3.5048869,-9.131011,5.8079786
5.319544,-23.56033,-1.611267
15.525829,-32.464024,-4.706682
17.862421,-22.669601,-7.7234335
12.07837,-16.397116,-8.451151
6.2198434,-16.830517,-6.8685975
3.2823544,-20.79991,-4.0794635
0.11724831,-26.88097,-3.1292138
-5.494519,-32.399418,-5.302794
-11.582757,-32.380276,-8.108678
-16.083656,-27.584759,-2.844169
-19.456938,-18.795921,20.392832
-18.635601,-9.854242,15.300605
-18.748064,-3.7037904,0.64875406
-21.609282,0.89072824,5.425127
-19.825434,3.8904305,1.8696918
-13.897813,6.332306,4.342973
-7.926823,6.399305,5.886942
-5.8654065,4.084249,2.6240292
-5.1568317,1.0079765,1.5729818
-4.845765,-2.0207388,0.30179477
-9.44477,-7.7760754,-0.33050862
-18.468103,-23.414368,0.81864446
-17.761923,-44.068317,2.2767708
-7.103393,-56.713783,0.27517462
5.1592245,-53.51757,-2.231307
13.237095,-34.496426,4.1751766
9.835099,-17.021942,7.744969
3.682255,-10.586744,4.1297126
2.3461626,-7.3977103,2.2791636
3.1507492,-5.1257253,1.1132607
3.7564325,-3.8353956,-0.22731815
4.24726,-2.2121646,-0.95054877
4.067499,0.06460621,-2.1667008
3.696612,2.3629124,-4.398008
2.0063818,4.3525443,-5.226224
0.0,5.7744794,0.17467605
0.21774685,5.3342,3.682255
0.50039905,3.7396827,0.64636123
-0.22971097,2.0183458,-1.07019
-3.8114674,-3.1483564,5.927919
-4.6301117,-7.301997,4.857729
0.33529428,-19.385153,-3.1196425
9.344272,-31.558937,-3.461816
17.871992,-26.579174,-6.370591
14.316856,-20.41676,-8.029715
6.0882382,-20.0363,-6.9523463
3.3637104,-21.264416,-5.8654065
1.3429717,-23.852554,-4.3788652
-3.519244,-28.573593,-3.610171
-10.280165,-31.879875,-4.996513
-15.571294,-29.77778,-1.9366908
-17.254345,-20.842981,22.43989
-16.322939,-11.592328,17.620447
-15.54258,-6.1097736,-3.8665023
-15.69572,-0.36400816,4.7715874
-14.944075,4.534399,5.496912
-13.512269,7.0196443,2.8489544
-12.190833,8.18794,6.8446693
-10.332807,4.9677987,6.9355965
-6.3179493,-0.8234301,4.4075794
-5.286044,-5.7601223,1.4653047
-12.379867,-16.471294,-0.24646074
-17.213667,-32.339596,0.8644072
-12.868301,-45.200718,1.0510473
-5.0395837,-50.802914,-1.5251254
4.0363927,-45.98108,-4.426722
11.814861,-32.260334,0.050249275
11.769398,-18.49921,5.7170515
6.5479593,-11.33839,4.2185464
3.8880377,-8.372188,0.30179477
4.6396832,-6.207879,-2.6024938
6.262914,-4.189533,-3.8473597
6.8279195,-2.03031,-4.156034
6.1767726,0.43100718,-4.4674
4.2281175,2.8585258,-4.4674
1.6591234,5.1352963,-2.097309
-0.7109674,6.9906316,4.273581
-3.071487,6.485746,5.4753766
-3.749254,2.8848467,-2.3341985
-2.693421,-0.31375888,-5.911169
-3.1507492,-2.2863421,0.40947178
-1.785943,-7.75454,7.443174
3.6460636,-24.127728,2.1619153
10.390533,-30.986753,-5.695516
13.842778,-20.862123,-6.631708
10.43839,-15.83929,-7.862217
5.3557353,-18.034704,-8.908479
3.0212376,-22.485353,-7.086643
1.2017952,-26.816364,-5.266902
-2.260021,-30.682865,-5.300401
-7.1895347,-31.702507,-6.672386
-13.4763775,-27.038897,13.371093
-16.08605,-19.069002,19.818254
-14.333606,-11.680862,4.479364
-13.210773,-5.171189,6.131309
-13.272987,-1.0749756,3.3517463
-14.723636,1.6950158,-1.0941181
-15.159429,5.221438,2.8058836
-11.723933,6.890133,8.039286
-8.812766,4.2014976,6.9355965
-7.6827555,-0.392722,1.6734804
-7.292426,-5.341378,-1.0797613
-11.039288,-13.234702,0.8234301
-11.039288,-13.234702,0.8234301
-11.039288,-13.234702,0.8234301
-11.039288,-13.234702,0.8234301
-2.612065,-51.152267,-6.899704
5.8968124,-37.1061,-3.6436708
11.405389,-21.67389,6.3418775
9.138189,-12.648161,7.4790664
4.211368,-8.843872,1.611267
4.421936,-6.1767726,-0.7109674
6.093024,-3.7277186,-2.0183458
6.748956,-1.3716856,-4.249653
6.748956,-1.3716856,-4.249653
6.748956,-1.3716856,-4.249653
6.748956,-1.3716856,-4.249653
0.65353966,9.748658,2.1906292
-1.3597214,8.036893,10.375877
-1.6423737,2.2528424,6.2007008
-1.9510478,-3.0284162,-3.423531
-2.015953,-3.1794631,-5.6668024
-1.8601205,-3.950251,-0.3065804
-0.29222345,-19.1025,3.8210387
9.29163,-33.555748,-4.6971107
16.291832,-27.414867,-12.818051
14.338391,-18.17588,-12.406187
7.95793,-17.984455,-10.258629
0.933799,-22.911575,-7.187142
-3.0499516,-28.92085,-4.112963
-6.5742803,-32.71527,-3.1028929
-12.844373,-31.637901,-2.6814568
-18.250357,-24.5037,13.526627
-17.433807,-16.837694,14.62553
-13.607983,-10.711171,-2.1499512
-13.943276,-3.4187453,2.4586253
-16.598412,1.6328024,3.6607196
-17.19931,3.9909291,-2.5546372
-15.030216,6.4905314,2.0111675
-11.225927,7.5604224,9.566804
-9.576375,5.154439,6.7441707
-8.697611,1.0055838,0.23688944
-8.348259,-4.4004006,-1.8122641
-13.330415,-13.016656,-1.2089736
-18.542282,-24.685555,-0.07178468
-18.041883,-38.078182,-0.40947178
-12.564114,-50.446087,-3.3278182
-2.8178477,-51.28387,-6.2940207
8.250154,-37.4725,0.6798607
11.094322,-21.044277,9.672089
5.2812586,-11.592328,6.789634
2.2624137,-8.3219385,0.9385847
3.8138602,-6.3131633,-1.8984057
5.6356955,-4.2520456,-3.6894333
6.023632,-1.934298,-5.413163
5.985347,0.8811569,-8.032107
5.08744,3.6293137,-9.954741
3.246462,6.0858455,-2.4011974
1.2711871,7.673184,8.683254
-1.2161521,6.0858455,9.229117
-3.7013974,-0.6415756,2.5546372
-4.9175496,-7.361818,2.3557339
-3.4809587,-12.389438,3.2129626
4.060321,-24.30001,-2.2145574
14.36232,-25.664818,-9.066405
17.371593,-14.864813,-12.276975
12.813266,-12.868301,-10.318449
6.451947,-17.481663,-8.152048
1.9007984,-23.055145,-6.3849483
-1.9534405,-28.635805,-6.14088
-6.7968125,-33.055347,-6.1887364
-11.733505,-31.753056,-6.2437716
-16.485651,-26.071598,3.9526439
-17.467306,-19.325033,20.677876
-15.492331,-12.169298,6.6460648
-20.63002,-3.9167516,-0.4022933
-24.5037,2.707778,6.593423
-19.600508,5.669195,-1.4509479
-13.13869,7.6516485,3.2943187
-8.017751,7.390532,8.829515
-6.090631,4.2257247,4.8266225
-5.599803,0.62721866,0.09810573
-8.762517,-5.183153,-0.89312106
-15.540187,-16.950157,-0.15792629
-17.057835,-29.753853,0.43100718
-12.5019,-40.99653,-0.033499517
-5.7673006,-49.763832,0.11724831
4.151248,-48.82525,2.6240292
11.580364,-36.052658,5.6596236
10.08156,-21.223738,5.8271213
5.2429733,-12.990335,2.5929224
3.5407794,-8.855837,-1.1946167
4.462614,-5.72423,-3.5910287
5.721837,-3.1794631,-3.5359936
5.860621,-1.1611172,-3.1339993
5.030012,0.96490574,-4.108177
4.8433723,3.4283166,-3.5144582
4.338187,5.7003016,-0.040677983
1.462912,6.7704916,2.6240292
-1.8314066,5.8510494,1.7165512
-3.818646,3.6487553,-0.17228323
-4.88405,-1.4653047,5.0156555
-2.6886353,-6.8255267,5.142475
3.1603205,-21.247667,-2.3174486
9.607482,-32.77509,-4.924728
15.113965,-25.296024,-7.852646
14.369498,-18.108881,-8.774481
7.3235326,-18.369999,-7.3666034
1.7237296,-22.121346,-6.133702
-1.3645071,-26.7374,-4.273581
-6.2844496,-31.14498,-7.045965
-13.351951,-31.22873,-5.2334023
-18.202202,-23.996122,19.68665
-16.358831,-16.993229,14.742779
-15.063716,-11.170893,-2.3629124
-17.455341,-3.7851462,7.3546395
-17.168203,0.37357944,4.929514
-15.307784,2.7723842,-1.1994023
-11.67847,5.2334023,-0.75643104
-7.630113,6.3538413,5.178367
-6.049953,5.449055,6.7609205
-6.0451674,3.0762727,2.5136602
-5.5280185,-0.050249275,-0.7683952
-6.035596,-4.4243293,-1.3980067
-11.922538,-13.524234,-0.22731815
-17.795422,-28.434809,-1.5586249
-15.748363,-47.046482,-3.777968
-3.6607196,-57.037117,-4.4051867
6.6149583,-45.763332,-5.3940206
9.743873,-25.489841,2.1858435
9.571589,-12.063714,12.985549
5.6261244,-7.9555373,9.353843
4.3405805,-7.3307114,1.3836497
6.1360946,-5.788836,-1.2376875
6.957132,-3.7564325,-2.477768
5.705087,-1.4174483,-3.4331024
3.696612,1.2807583,-3.9406798
1.9800607,4.156034,-4.644469
0.4956134,7.457531,-3.1316066
0.62961143,10.294521,5.2477593
1.9462621,7.7569327,2.3581266
1.1371889,2.4945176,-7.22782
-0.7588239,-0.56500524,-4.067499
-2.3054845,-9.851849,-0.7372885
4.1225343,-32.430523,-1.7380866
11.862718,-38.3725,-6.4471617
10.519746,-23.333012,-9.068798
6.782456,-15.578472,-6.6245294
3.330211,-16.725231,-5.0252266
1.5083755,-21.745672,-3.3900316
-1.1443675,-27.13461,-3.5240295
-5.590232,-29.689245,-2.6742785
-7.7186475,-25.511377,7.1273212
-9.564411,-18.539888,10.383355
-13.519448,-14.647065,1.1563315
-14.25913,-11.647364,0.36400816
-11.781362,-6.363413,6.1791654
-12.468401,-2.679064,2.7939196
-16.39951,0.11006984,-2.5184457
-16.883158,4.587041,2.3916261
-13.157832,7.5556364,9.904491
-10.761421,5.4753766,7.522137
-9.52134,-1.2640085,-0.24885355
-9.037691,-8.3530445,-0.33529428
-11.084751,-15.844075,2.9853454
-14.223237,-26.785257,3.3565319
-14.558531,-40.860138,-0.25603202
-8.338688,-52.545788,-5.846264
-1.1084751,-49.42375,-10.467104
3.6005998,-32.81098,-6.0523458
7.8981094,-17.364414,12.198011
6.7202425,-10.467104,14.75235
4.668397,-9.152547,3.557529
6.0044894,-7.467102,-0.58654064
6.2700925,-4.6779685,-3.313461
5.709873,-1.6758732,-6.7561345
4.6061835,1.189831,-9.056833
3.3852458,3.8330028,-6.7561345
2.0901306,6.619744,1.1491531
1.4027922,8.274081,5.638088
-0.15074782,6.8949184,2.0231316
-4.4339004,0.7013961,-0.31136605
-7.8837523,-6.1624155,4.9845486
-5.645267,-8.863015,11.340783
4.4889355,-20.17987,3.2847474
14.09881,-29.44488,-8.477471
15.609578,-22.191038,-11.592328
11.917752,-15.137894,-9.779765
6.823134,-15.362819,-7.5676007
4.5128636,-19.818254,-6.0451674
3.5623147,-25.8036,-3.8832521
-0.5267201,-31.81527,-3.73729
-7.8646097,-34.858044,-5.764908
-13.734802,-31.405798,-3.8665023
-18.221344,-22.126131,17.986847
-18.664316,-14.074882,13.8356
-15.949359,-8.975478,-6.399305
-17.009977,-2.6431718,3.141178
-19.006788,3.2081769,7.2589264
-18.029919,7.004988,4.3645086
-14.335999,8.822337,5.793622
-10.809278,7.1105714,5.9374905
-7.646863,1.8553349,3.9909291
-5.1903315,-3.4666018,1.2544373
-6.792027,-9.4280205,0.36400816
-12.923336,-21.795923,1.448555
-15.286248,-39.284763,0.009571291
-7.945966,-53.09165,-2.1475582
3.0403802,-54.51837,-5.077869
10.744671,-40.204205,-1.8888344
11.202,-21.434307,7.254141
6.5551376,-11.49153,7.5604224
3.7731822,-8.568398,2.2576282
4.505685,-6.5718875,-0.392722
6.0834527,-4.517649,-1.0989038
6.1097736,-2.5378876,-1.5131612
4.508078,-0.325723,-2.5785656
2.5905297,2.015953,-4.278367
0.9314062,4.067499,-5.752944
0.24885355,6.102595,0.27517462
0.31375888,6.9475603,4.610969
-0.3687938,4.886443,-1.3956138
-0.6415756,1.4270196,-5.2980084
-3.6487553,-4.240082,3.5503507
-4.304688,-11.963216,4.505685
5.8103714,-28.5712,-1.0534402
15.169,-34.264324,-1.2879368
16.105192,-20.993729,-5.7553368
11.496316,-14.223237,-8.422437
4.8696933,-16.093227,-8.482257
1.434198,-21.637997,-6.1911297
-0.9529416,-27.424438,-4.54397
-6.9020967,-32.7057,-5.3653064
-14.84567,-33.802208,-4.2664027
-17.084156,-27.422047,4.362116
-16.706089,-17.653946,14.92254
-19.171894,-10.021739,7.2493553
-18.89911,-3.3062828,1.8194425
-16.59602,1.4916258,5.2980084
-14.498711,3.559922,1.2711871
-10.876276,5.4299126,1.2616158
-7.52453,6.1911297,3.7396827
-6.7633133,5.4777694,5.111368
-6.8518476,3.0738797,3.6894333
-5.688338,-0.1363909,0.69900334
-4.610969,-3.938287,-1.0462617
-8.683254,-11.656935,-0.33290145
-16.124334,-26.792435,-0.74446696
-17.412271,-44.96353,-1.6615162
-7.2900333,-55.133625,-2.6479573
5.3389854,-46.7064,-4.4315076
12.030215,-27.34069,4.0292144
9.308379,-14.048561,11.640184
3.2536407,-9.308379,6.5886374
2.6982067,-7.637292,1.0749756
4.6779685,-5.901598,-0.9553344
6.305985,-4.2999024,-2.1092732
6.155237,-2.2337,-3.7564325
4.7210393,0.38315073,-5.6356955
2.4155545,2.868097,-6.2724853
0.42622152,5.262116,-4.6755753
-0.3185445,8.219047,1.934298
-1.4868401,8.37458,2.6359932
-2.8992038,4.28076,-1.6208383
-4.045964,-1.3022938,1.2831511
-1.9438694,-11.359925,1.8170497
7.9722867,-29.77778,0.09571291
14.838491,-34.613976,-1.2472588
12.509079,-22.7704,-3.7037904
7.5942206,-16.232012,-5.5782676
3.4570305,-17.680567,-5.8247285
2.2767708,-22.980968,-3.9885364
-0.19381863,-28.269405,-3.8521454
-7.433603,-31.712378,-6.253343
-13.30888,-29.617462,-4.831408
-14.201701,-22.897219,3.6631124
-15.216857,-15.336497,15.09243
-16.507187,-9.099904,9.152547
-16.143476,-3.7468612,2.1068804
-16.480865,-0.21535404,3.844967
-16.14587,2.097309,1.1012967
-13.490734,5.061119,4.2759743
-10.567602,6.792027,6.3370914
-8.530113,4.6731825,4.922335
-6.906883,-0.1052842,2.3102703
-7.309176,-5.5686965,-0.3999005
-12.427723,-14.572888,0.27038896
-16.598412,-28.755447,1.8840487
-13.737195,-43.165623,0.040677983
-6.7728844,-51.743595,-3.638885
2.3461626,-49.919365,-5.386842
12.463615,-36.007195,3.4809587
12.114263,-20.519949,9.983455
4.642076,-12.487543,4.3405805
2.7317061,-8.961121,-0.35204405
4.1847477,-6.262914,-2.8058836
5.7744794,-4.034,-3.1076784
5.853442,-2.0111675,-2.7556343
4.8122654,0.42622152,-4.074678
3.6053855,2.6359932,-4.831408
2.3437698,4.4004006,-1.3286148
1.2472588,5.918348,4.462614
-0.3376871,5.819943,3.4163525
-3.9622152,4.5391846,-1.0845468
-3.8880377,2.152344,-3.0020952
-2.0949163,-1.0725827,0.5027919
-2.5642085,-5.6356955,4.658826
2.0590239,-21.45345,1.3429717
10.14138,-32.475986,-2.7771697
14.797813,-24.292833,-5.836693
12.403794,-16.572092,-7.996215
6.751349,-17.256739,-9.624231
3.2871401,-21.640388,-8.551649
0.36161533,-26.186752,-5.154439
-4.1105704,-30.445677,-4.2014976
-10.493424,-32.327633,-5.8968124
-14.867206,-27.620651,10.953146
-15.872789,-19.887646,17.30938
-16.174583,-13.852349,0.6511469
-14.764314,-6.1911297,3.6774693
-15.102001,0.52193445,5.6237316
-17.05305,3.5072799,-0.0526421
-16.361223,6.222236,3.9526439
-14.666208,7.7210402,8.190332
-11.735898,4.8361936,5.5160546
-7.996215,-1.1659029,0.20338993
-7.2876406,-7.6277204,-1.1132607
-10.510175,-15.18575,0.8330014
-14.175381,-24.862623,1.1371889
-14.424533,-36.474094,-1.5873387
-9.277272,-46.378586,-4.3334017
-1.4700904,-47.32405,-6.320342
4.2831526,-37.0726,-7.2972116
9.825528,-23.055145,2.2073789
10.49821,-13.330415,9.404092
6.322735,-9.282058,4.4410787
5.6620164,-7.144071,0.33529428
6.6364937,-4.469793,-0.9768698
6.7369924,-1.8026928,-1.989632
6.0954165,0.25124636,-2.8872397
4.328616,1.9271195,-4.3118663
2.0494525,4.240082,-4.610969
0.49800622,7.172785,0.30897322
-0.2009971,7.996215,4.54397
-1.5275182,4.165605,1.4027922
-4.0220356,-1.989632,-0.3065804
-5.0754757,-5.523233,3.4474592
1.730908,-16.01905,3.9957147
10.320843,-28.523344,-2.8800611
12.908979,-24.362225,-9.219545
11.982359,-15.714863,-8.436793
8.111071,-14.529818,-6.241379
4.0938206,-17.421843,-5.07069
2.2360928,-21.08974,-4.2352962
0.17467605,-25.327131,-4.759324
-4.4434714,-29.969206,-7.3402824
-9.265308,-30.654152,-4.634897
-12.272189,-25.868208,7.172785
-12.844373,-19.12643,16.976479
-13.3639145,-13.246666,8.812766
-14.790635,-6.538388,2.9422746
-15.458831,-1.8074784,4.048357
-16.23919,0.59611195,-0.22971097
-15.600007,4.2855453,2.3102703
-12.454043,7.1895347,7.4623165
-10.000204,6.0571313,7.3785677
-8.39133,0.8668,1.852942
-8.065607,-5.5854464,-1.0223335
-10.919347,-13.627125,1.7093726
-14.371891,-25.789244,3.9909291
-12.964014,-40.52963,0.16031912
-6.1217375,-51.209694,-4.766503
2.4418755,-48.50431,-6.155237
9.899706,-33.400215,2.1212373
9.392128,-19.272392,10.0576315
4.0938206,-12.643375,6.2270217
2.5809584,-9.87817,1.0031909
3.6750765,-7.3235326,-2.1068804
5.2334023,-4.5224347,-3.4570305
5.7840505,-1.8696918,-4.1057844
5.2573304,0.55782676,-5.549554
3.6750765,2.5208387,-5.046762
2.3557339,4.5535417,-0.09332009
1.570589,6.600601,4.922335
-0.17228323,6.5168524,2.7963123
-1.8888344,4.084249,-1.4270196
-4.4339004,-0.9696914,1.1012967
-5.1496534,-4.651647,1.6782659
0.2105684,-16.169798,-1.8553349
10.17488,-30.97479,-3.1220353
16.074085,-28.056444,-3.761218
12.482758,-18.156738,-3.4331024
6.6149583,-14.510674,-4.043571
3.016452,-16.773088,-4.3740797
1.8290138,-21.238096,-3.8952162
0.5769694,-25.707888,-5.0156555
-4.151248,-30.103504,-7.0268226
-11.711969,-30.728329,-5.456234
-16.523935,-25.975883,-0.25842485
-16.466509,-19.045074,16.074085
-15.415461,-12.403794,13.4045925
-17.043478,-5.408377,1.3477573
-19.308285,0.15792629,4.148855
-18.125631,3.4713874,2.0422742
-14.733207,6.3945193,4.7979083
-10.651351,7.1799636,6.9619174
-7.8143606,4.8122654,3.993322
-6.1097736,1.2161521,0.0023928226
-6.1193447,-3.5479577,-1.7787645
-9.847063,-13.02862,-1.0797613
-13.344772,-27.122644,-0.9290134
-11.680862,-41.231026,-2.2983062
-4.658826,-49.519466,-2.0614166
3.9622152,-45.485466,-1.7691933
8.997013,-31.338799,0.21296121
7.522137,-18.120846,5.29083
3.7420754,-11.67847,5.697909
3.2297122,-9.547662,1.7548363
4.833801,-7.8981094,-1.3645071
6.468996,-5.81755,-2.1140587
7.0555367,-3.559922,-2.1284158
5.9638114,-1.0007981,-3.49053
4.402794,1.3645071,-4.002893
2.746063,3.3900316,-2.1954148
0.9026923,6.006882,2.1260228
-0.7157531,8.309974,2.908775
-2.5378876,7.373782,-1.6160526
-4.3812585,2.3916261,-1.1706885
-4.469793,-2.4562325,1.2544373
-1.1970096,-13.600804,0.4549354
6.658029,-29.835209,-1.2759727
13.054941,-30.285358,-3.9598224
10.986645,-20.711376,-5.7338014
5.2477593,-17.472092,-6.7585278
2.571387,-19.071394,-5.2046885
2.7532415,-20.888445,-2.5761726
0.60329044,-23.213072,-3.1076784
-3.9143589,-27.101109,-4.979763
-6.926025,-27.486652,-2.7005994
-8.405686,-22.988146,2.5546372
-11.386247,-16.86641,12.003894
-14.733207,-12.535399,9.325129
-15.027823,-8.482257,2.312663
-13.390236,-3.559922,3.0236306
-13.153047,0.26081768,0.44536412
-14.905789,4.165605,3.571886
-15.848861,7.6348987,8.554042
-13.399807,6.873383,7.4096746
-8.644969,0.5051847,1.3334004
-6.4495544,-7.1632137,0.3687938
-8.324331,-15.77229,3.3900316
-12.9353,-27.335905,3.3493536
-13.014263,-41.49214,0.06699903
-4.8505507,-51.693344,-3.0667014
3.7827535,-49.217968,-5.3365927
10.304092,-35.641094,-0.29461628
10.318449,-20.828625,9.116654
5.3389854,-12.973585,7.9746795
3.950251,-10.136595,1.3046865
5.3629136,-7.711469,-2.1667008
6.3418775,-5.1352963,-2.5618157
5.7409797,-2.5354948,-2.2384856
4.2999024,-0.22731815,-2.707778
3.0786655,1.6160526,-4.048357
1.7165512,3.2871401,-3.0690942
0.15792629,4.8792644,3.775575
-0.4668995,4.7715874,3.8401814
-1.8481563,4.1344986,-3.4259238
-3.7923248,2.3844478,-4.979763
-3.165106,-0.24885355,-2.0662024
-6.006882,-5.183153,7.778468
-4.74736,-12.894622,4.793123
3.856931,-24.594627,-1.6471593
10.536495,-27.462725,1.2233306
14.036596,-19.22932,-2.6192434
10.7016,-16.22244,-6.34427
5.10419,-17.330915,-7.728219
3.5264223,-19.902002,-6.5551376
2.5881367,-22.806292,-4.520042
-1.6064813,-26.622246,-3.8114674
-7.218249,-29.765816,-5.3676996
-11.326426,-28.025337,-1.59691
-13.995918,-21.044277,15.889539
-15.743577,-15.21207,10.246665
-15.020645,-10.036097,-2.3868406
-15.836897,-3.1339993,4.8385863
-17.474485,1.1994023,2.7412775
-16.59602,4.359723,0.031106694
-14.477175,8.115856,6.3849483
-11.249856,7.7330046,8.985049
-8.386544,1.9414765,3.098107
-8.003393,-5.4059844,-1.0941181
-10.648958,-12.537792,0.581755
-12.427723,-21.94667,4.5798626
-11.654542,-33.356846,1.7787645
-7.5125656,-44.252563,-3.8521454
0.39032918,-49.368717,-6.387341
8.393723,-40.55356,-2.4179473
9.164511,-23.96023,7.852646
3.8138602,-13.826028,8.702696
1.5921243,-10.82842,2.4969103
2.5283163,-8.709874,-0.86201435
3.9119658,-6.444769,-1.6495521
5.0084767,-4.2424746,-0.70618176
5.4203415,-1.8481563,-0.56500524
4.685147,0.41665024,-2.559423
2.571387,2.1906292,-4.189533
0.67028946,3.6197424,-1.462912
-0.1794617,4.9606204,3.3661032
-0.3999005,4.936692,-0.3400799
-1.9223338,3.8425741,-4.048357
-8.060822,-3.030809,9.47827
-7.6660056,-9.35145,7.888538
2.4227328,-20.017159,-3.4163525
10.117453,-29.28456,0.14596218
13.89542,-22.118954,-0.85483587
11.67847,-14.761921,-5.573482
4.7377887,-14.072489,-7.8693953
1.311865,-17.335701,-6.370591
1.8026928,-20.67309,-4.098606
0.3185445,-23.869303,-4.4985065
-4.517649,-27.99423,-5.6931233
-8.130213,-28.35106,-5.6739807
-10.002597,-24.156443,-1.6351951
-15.868003,-19.138393,15.04218
-17.960527,-15.085251,11.1015005
-16.526329,-10.012168,-2.0422742
-18.144773,-3.7540395,3.5790644
-17.534306,1.6064813,4.0387855
-16.651054,6.96431,3.1914272
-16.148262,10.280165,5.858228
-13.090834,8.077571,8.022536
-8.508578,1.9103698,4.8122654
-7.1249285,-4.8026943,0.5841478
-10.797313,-14.582459,0.8282157
-13.203595,-29.148169,1.5059828
-9.313165,-43.235016,-1.2233306
-2.3868406,-51.609596,-4.5152564
4.8003016,-47.817272,-6.5694947
11.88186,-31.697721,5.9638114
9.70798,-17.543877,14.335999
2.951846,-12.497114,5.5830536
2.271985,-10.244272,-0.011964113
3.1292138,-7.3953176,-2.0542383
4.0962133,-4.8696933,-1.5921243
4.749753,-2.5929224,-0.94337034
4.3908296,-0.33290145,-1.8074784
3.2703903,1.6998014,-2.9829526
1.4150555,3.2033913,-2.7149563
0.148355,4.371687,1.1204392
-0.3400799,4.610969,0.37597227
-0.9912268,3.3924243,-5.7170515
-6.4160547,-2.856133,2.5546372
-5.209474,-8.786445,11.414961
3.7588253,-14.326427,8.137691
7.0675006,-20.390438,2.949453
11.924931,-20.167906,-3.1172497
13.294522,-18.978075,-6.799206
7.0579295,-19.143179,-8.046464
3.7851462,-19.392332,-6.923632
4.319045,-20.093729,-4.8026943
2.9183464,-23.03361,-4.469793
-1.6639091,-28.003801,-5.4873405
-5.2812586,-30.589546,-6.79442
-7.9387875,-28.633413,-3.3349965
-14.647065,-22.559532,16.954943
-18.47289,-15.628721,14.946467
-16.394724,-9.332308,0.40947178
-15.439688,-3.8736808,3.7731822
-16.308582,0.73011,2.1571295
-17.680567,5.4466624,1.489233
-16.21287,9.085547,5.8271213
-11.920145,7.6420774,9.473484
-7.7162547,1.6926229,6.320342
-6.1193447,-3.9215372,1.4988043
-8.925228,-10.263414,0.031106694
-13.194024,-22.06392,0.14356937
-13.617554,-39.39005,-2.7125635
-7.699505,-53.199326,-5.6644096
-0.5051847,-52.600822,-6.8446693
3.3684962,-38.894436,-8.3530445
9.506984,-23.30669,9.282058
10.634602,-13.655839,18.884754
5.5304112,-10.194023,5.776872
5.0515475,-7.945966,0.25124636
6.100202,-5.0276194,-0.79950184
6.1193447,-2.4538395,-1.0390832
5.0682974,-0.44536412,-1.5227325
5.2477593,1.7404794,-4.371687
3.6053855,4.5008993,-7.562815
0.25842485,7.8287177,0.26799613
-1.6543378,9.0544405,7.007381
-1.6447664,5.3700924,-2.3868406
0.56500524,1.0773684,-8.803194
1.0749756,-0.75643104,-4.6971107
-1.5849459,-7.534101,0.09092726
2.7317061,-29.653355,2.477768
10.095917,-36.624844,0.44057846
10.3543415,-21.120848,-2.3150558
8.9013,-12.042179,-3.3684962
6.107381,-11.130215,-4.1703906
4.534399,-16.653448,-2.487339
5.003691,-22.772793,-1.6950158
2.5881367,-27.694828,-4.1057844
-2.8034909,-31.231121,-7.325926
-6.061917,-29.861528,-5.9063835
-8.084749,-25.207489,0.009571291
-12.157333,-18.635601,14.309678
-15.2527485,-12.262618,13.387843
-15.437295,-7.8167534,2.3581266
-14.326427,-3.7229328,2.2169502
-14.314464,0.42382872,0.5195416
-13.560126,4.338187,2.2097716
-10.962717,6.6460648,5.8677993
-9.923634,4.7282176,7.2876406
-8.886943,-0.86201435,3.7588253
-8.091928,-6.6125655,0.622433
-10.732707,-13.9217415,1.1108679
-15.020645,-26.895327,0.06699903
-13.332808,-42.638905,-2.4155545
-5.1496534,-53.232826,-5.616553
1.0677971,-49.933723,-9.806087
6.4471617,-34.013077,-1.8984057
10.452746,-18.451355,16.241583
6.926025,-11.78854,14.110774
2.9111679,-9.978668,1.4724833
3.3637104,-6.789634,-1.0175478
4.302295,-3.5958142,-1.2137593
4.5320063,-1.2376875,-1.4150555
3.6918263,0.51475596,-1.907977
3.4187453,1.9800607,-2.8633113
3.39721,3.6340995,-2.8704898
2.8226335,5.7194443,0.076570325
1.9728823,6.8949184,-0.3281158
0.9409775,5.329115,-3.6726837
0.5913263,2.6814568,-3.3732817
-0.29461628,-0.02632105,-1.4027922
-3.3254254,-10.371092,0.076570325
1.6184454,-29.698818,1.6495521
12.169298,-35.803806,0.7013961
13.636696,-25.286453,-3.2919257
8.096714,-16.923836,-6.1935225
3.9119658,-15.525829,-6.478567
3.6750765,-18.67628,-5.1352963
1.6902301,-23.811577,-4.429115
-3.1555347,-28.676483,-5.7577295
-7.6803627,-30.079575,-8.398508
-11.824432,-27.879375,-4.7979083
-15.681363,-22.375284,18.492033
-15.748363,-14.802599,17.12274
-12.700804,-8.166405,-2.1308086
-13.452449,-3.6197424,-2.03031
-18.065811,1.3692927,-1.5538392
-21.065813,7.0746794,3.2775688
-19.375582,9.35145,9.425628
-14.793028,6.195915,9.973883
-9.24826,1.0989038,5.022834
-7.201499,-3.8258243,0.16271193
-11.290534,-11.335998,-0.72771716
-16.327724,-25.518557,-0.1052842
-14.517853,-47.115875,-1.2472588
-6.971489,-61.61219,-4.666004
-1.5323038,-54.511192,-8.52772
5.5136614,-34.479675,3.8928235
10.318449,-18.070597,19.145573
5.384449,-11.66172,11.319247
0.86201435,-9.753445,0.42622152
1.5490535,-6.7178497,-1.3022938
3.1435707,-3.7827535,-1.9007984
4.1344986,-1.4054842,-3.775575
4.342973,1.2376875,-8.142476
3.7636108,3.8042889,-10.339985
2.408376,5.877371,-3.0595229
0.6152545,7.821539,6.550352
-1.07019,7.0340014,3.6364923
-0.8452646,3.5742788,-4.151248
1.1946167,1.1922239,-4.278367
0.8330014,-3.1220353,-1.704587
-0.9984053,-10.890634,0.8452646
3.5742788,-28.776983,2.6718855
9.509377,-35.648273,0.1794617
11.276176,-22.825434,-3.7037904
9.585947,-15.21207,-6.519245
4.220939,-15.9999075,-7.9052877
0.009571291,-21.903599,-5.5854464
-3.0116663,-27.608686,-3.3326037
-8.216654,-30.879078,-3.2129626
-12.377473,-29.851957,-4.9606204
-13.481163,-24.90091,-3.598207
-15.049359,-17.627625,17.338095
-17.567804,-10.263414,15.310177
-18.810577,-4.0268216,0.43818563
-16.947765,-0.37597227,2.3341985
-13.811671,1.9271195,-1.1539388
-11.702398,5.846264,4.141677
-10.852348,7.32114,6.9020967
-10.306485,4.6779685,2.9781668
-9.418449,-0.9385847,0.7085746
-10.069596,-7.876574,0.6439684
-13.150654,-16.172192,2.5809584
-15.18575,-28.406096,2.382055
-13.560126,-42.404408,-0.51475596
-8.376973,-52.789856,-5.372485
-2.6312077,-48.91139,-9.133404
4.534399,-31.930124,1.8050855
8.889337,-17.031513,15.023038
5.496912,-11.015359,9.791729
3.165106,-9.439984,1.8577276
4.7859445,-6.8374906,0.3711866
5.8247285,-3.844967,-0.98883396
5.4442697,-1.3740784,-3.4809587
5.259723,0.8787641,-5.9901323
5.2166524,3.3110683,-8.642576
3.2919257,6.550352,-3.5814574
0.35682967,9.562018,4.0651064
-1.0486546,8.33151,-1.0055838
-1.0438689,3.7133617,-5.6620164
-3.4019957,-3.423531,6.9212394
-3.449852,-6.468996,8.250154
1.9534405,-17.261524,-1.3860425
8.815159,-32.734413,-3.2943187
14.711672,-30.070004,-6.5982084
12.209976,-21.520449,-6.5048885
4.6875396,-19.131216,-5.219045
1.2233306,-20.72334,-4.194319
-1.4437693,-24.489344,-3.4713874
-7.342675,-29.65096,-4.2448673
-11.496316,-32.243584,-6.9786673
-13.176975,-30.369106,-4.9055853
-12.55215,-23.03361,25.30081
-13.471592,-13.464413,20.835802
-15.9230385,-5.7194443,-3.1698918
-14.94886,-1.4126626,0.3376871
-13.976776,1.1659029,-1.6447664
-14.462818,4.814658,4.314259
-14.4077835,6.396912,5.942276
-12.947265,5.8390856,2.2337
-10.658529,4.199105,2.652743
-7.603792,1.1563315,2.3198416
-7.4623165,-3.5288153,0.83060855
-12.461222,-12.054143,1.5945172
-18.578175,-27.26412,2.7053852
-17.658731,-44.099422,-0.4118646
-11.247463,-53.950974,-5.319544
-3.8234315,-48.863533,-7.053144
7.347461,-32.63152,4.4075794
12.159726,-19.119251,12.937693
6.183951,-12.341581,5.745765
2.0111675,-9.339486,0.43579283
2.9207392,-6.832705,-0.48364928
4.5655055,-4.644469,-1.0654043
5.6787663,-2.7101707,-2.6168506
6.2772713,-0.5721837,-5.154439
6.5814586,1.852942,-6.363413
5.8486567,4.462614,-1.7739788
2.1092732,7.251748,3.251248
-1.0462617,6.8039913,-2.085345
-1.570589,3.571886,-6.8614187
-2.2025933,0.6678966,-2.3916261
-2.7963123,-4.1703906,4.723432
1.5586249,-21.618853,5.793622
9.01137,-37.381573,-2.0949163
12.372687,-30.599117,-7.5846496
9.255438,-18.283857,-7.0986075
3.3445678,-15.346069,-5.4299126
0.03589234,-19.94298,-3.3852458
-3.0236306,-26.500212,-1.7668004
-8.053643,-30.843185,-2.1308086
-11.783754,-30.297321,-2.2265215
-13.148261,-23.565115,2.6862426
-14.623137,-15.305391,9.506984
-16.591234,-10.007382,4.0818563
-16.823338,-4.9199424,1.8864416
-15.9999075,-0.42622152,4.6755753
-15.781861,2.4107687,0.4645067
-14.584852,5.7314086,3.3397822
-11.920145,7.036394,6.6388865
-9.408877,5.1568317,4.359723
-7.3689966,1.7835501,2.8992038
-5.7003016,-1.1587243,1.1515459
-6.7298136,-5.046762,-0.55782676
-11.874681,-14.165809,0.44057846
-18.16631,-31.630722,1.0438689
-18.314964,-50.41737,-1.6447664
-9.722338,-55.083374,-5.7026944
-0.7085746,-43.079483,-5.9614186
9.906884,-26.663223,10.055239
11.889038,-15.83929,15.533009
3.749254,-11.087144,3.638885
1.8409779,-8.144869,0.031106694
3.1890345,-5.2429733,-0.9409775
4.371687,-3.0140593,-1.7285153
5.1233325,-1.2065809,-3.9885364
5.8920264,0.72053874,-6.4977098
5.221438,2.9733813,-4.9510493
3.3062828,5.535197,2.3892334
1.3716856,6.9188466,5.0419765
0.02871387,5.2549376,-1.9414765
-0.9529416,2.300699,-7.3139615
-2.3174486,-0.9385847,-4.8290153
-3.9406798,-11.04168,3.1698918
2.3724837,-29.586355,4.3812585
9.344272,-32.4042,-1.0893325
10.012168,-20.155941,-2.679064
9.777372,-14.716457,-3.8090746
6.387341,-16.186548,-5.786443
3.3278182,-21.032013,-5.293223
0.72053874,-26.062027,-4.302295
-3.7133617,-29.906994,-4.6396832
-7.6013994,-29.9716,-6.751349
-10.033704,-26.526533,-5.8920264
-13.136297,-20.79991,18.343678
-16.093227,-14.13231,18.968504
-15.492331,-8.032107,1.1730813
-13.167404,-2.9183464,4.278367
-12.645768,0.56500524,1.0869397
-13.42852,4.314259,-0.76600236
-12.710375,7.838289,3.030809
-10.737493,7.3235326,6.6939216
-9.004191,2.5642085,6.928418
-6.8446693,-2.12363,2.7843482
-7.632506,-6.9116683,0.038285162
-13.780564,-17.21606,1.462912
-17.347666,-34.714474,2.2265215
-12.257833,-51.099625,0.083748795
-3.6053855,-54.556656,-4.8625145
1.8505492,-42.79922,-7.4455667
8.510971,-25.126133,6.8781686
11.118251,-13.07887,15.097216
5.640481,-8.705089,5.401199
3.2847474,-6.6771717,0.2440679
4.0244284,-4.599005,-1.1252248
4.6707897,-2.7173493,-1.4413766
4.031607,-0.5386842,-1.6998014
3.0595229,1.5777674,-2.6599214
2.7843482,3.4594233,-3.5527434
3.1220353,5.4227343,-2.1451654
1.4003994,6.832705,-0.5626124
-1.1850454,6.1648083,-4.254439
-1.5346966,3.165106,-5.4705906
-2.8250263,-1.6710875,2.7317061
-0.4549354,-16.313368,13.191631
6.17438,-35.533115,5.8127646
10.074382,-32.473595,-6.849455
11.257034,-18.62603,-6.6364937
7.5723863,-15.655042,-6.669993
1.6519449,-18.920647,-6.6652074
-1.6591234,-23.572294,-5.276473
-4.788337,-26.773293,-4.8529434
-9.0233345,-28.066015,-6.0978093
-11.3575325,-25.197918,-3.301497
-10.536495,-18.568604,20.007587
-11.278569,-12.770195,20.076979
-12.549757,-9.224331,-0.5721837
-10.989038,-4.840979,1.4509479
-9.550055,-0.5243273,3.167499
-10.397712,2.786741,1.3166506
-11.6186495,5.5304112,2.5737798
-11.146964,6.5838513,4.395615
-9.636196,5.2740803,4.725825
-6.98106,1.867299,4.7449675
-4.45065,-1.5227325,2.1882362
-6.033203,-5.786443,-0.5243273
-12.930514,-17.11556,0.18664017
-14.582459,-36.49563,2.0207388
-5.4466624,-52.356457,2.65035
5.5830536,-51.805805,0.4956134
11.257034,-35.286655,1.6160526
9.506984,-18.7696,4.996513
5.7266226,-11.896217,4.627719
4.682754,-9.719945,2.3246272
4.7162533,-8.068,-0.33050862
4.666004,-5.982954,-1.2089736
4.23051,-3.897609,-0.8234301
3.2919257,-1.8194425,-0.53389853
2.0949163,0.3687938,-0.7468598
1.2400804,2.288735,2.0685952
0.14596218,3.1770704,6.14088
-2.2791636,3.126821,-1.3453646
-4.5152564,3.0885358,-7.953144
-6.2605214,2.3461626,-4.048357
-6.2581286,0.75643104,-1.2999009
-6.131309,-4.0794635,0.47168517
-9.049655,-21.12324,3.2177482
-5.5256257,-40.137207,3.885645
5.0419765,-30.967611,0.80907315
11.855539,-9.868599,1.4653047
9.547662,-4.4674,2.3078775
7.0025954,-9.993026,-1.8696918
8.103892,-20.871695,-4.8768716
2.0638096,-23.167608,-5.1735816
-5.0132627,-16.895123,-2.4179473
-3.9000018,-13.280166,0.7755736
1.1060823,-13.083655,2.056631
3.4426737,-14.19213,1.0725827
3.2105699,-14.769099,-1.7883358
1.704587,-14.2902355,-1.9175483
-1.3764713,-11.927323,7.967501
-5.252545,-9.820743,10.232307
-8.058429,-8.601898,2.0494525
-9.128618,-6.2605214,1.718944
-9.530911,-3.818646,3.3613176
-9.257831,-2.6216364,2.312663
-8.487042,-1.4437693,1.9728823
-7.268498,0.38793638,3.4187453
-5.8893347,1.2640085,3.0188448
-5.81755,-1.2137593,0.62961143
-6.171987,-10.337592,-0.56500524
-2.2791636,-26.122147,-0.11724831
4.766503,-34.53501,0.811466
8.274081,-31.111181,2.1188445
9.040084,-25.056742,1.5801603
10.189237,-18.671494,0.90029955
8.920443,-13.131512,1.8816559
5.966204,-9.832706,1.9680966
4.941478,-9.140582,1.2999009
4.963013,-9.037691,0.98883396
4.409972,-7.9483585,1.0199406
3.6029928,-6.5168524,0.8955139
3.2775688,-5.7409797,0.83060855
2.8034909,-5.006084,0.9529416
1.4174483,-3.4283166,0.24885355
-0.38315073,-1.8002999,-1.611267
-1.9199411,-1.759622,-1.7907287
-1.8984057,-2.6838498,4.761717
-3.3637104,-5.3051867,15.379568
-5.309973,-9.236296,12.566506
-5.0084767,-11.757433,2.8992038
-5.0132627,-12.765409,0.79710907
-3.3517463,-11.352747,1.2544373
3.9191444,-10.861919,10.265807
12.119048,-13.897813,13.117155
8.724232,-13.663017,2.449054
2.6144578,-10.105488,-4.9606204
4.520042,-9.861421,-8.8701935
7.811968,-11.855539,-9.535697
9.294023,-12.083157,-8.108678
8.140083,-11.700006,-6.660422
5.9781685,-12.147762,-3.8473597
4.3645086,-12.5449705,-1.3142579
3.3326037,-12.9185505,0.8138588
2.559423,-12.609577,7.392925
0.78035927,-11.264213,10.888241
-1.3621143,-9.178867,3.3924243
-2.2552354,-7.5125656,-2.7556343
-2.0422742,-7.3713894,-2.032703
-1.1180464,-7.5774713,1.1132607
0.031106694,-7.1656065,3.4666018
0.6583253,-6.79442,2.693421
1.1850454,-7.3043904,1.1515459
1.8816559,-8.592327,1.0630114
1.9438694,-10.040882,2.449054
1.0079765,-10.857134,2.9183464
0.5075775,-10.488639,1.4003994
1.8122641,-10.0672035,0.61764735
3.167499,-9.942777,0.48125646
3.263212,-9.073584,0.31136605
2.9207392,-8.925228,-1.1994023
2.6742785,-10.464711,-2.6862426
1.4916258,-11.166107,-0.474078
0.55064833,-10.5436735,3.993322
1.0773684,-10.2825575,7.1512494
0.61046886,-10.589137,6.6628146
0.016749758,-11.489138,4.9079785
1.4533406,-13.095619,3.938287
3.3182468,-14.54896,2.0231316
2.6623142,-14.369498,-0.7372885
0.22492532,-12.332009,-1.9007984
-0.8210373,-11.362318,-0.9936196
0.16031912,-11.929716,0.22971097
1.3692927,-12.439687,0.32333016
2.7245276,-11.599507,-0.4429713
4.759324,-9.401699,-1.0630114
5.2453666,-7.2206416,-0.32093734
4.2759743,-6.3179493,1.4270196
3.4067812,-6.36102,1.8720846
2.7364917,-7.093822,0.86201435
0.0023928226,-9.116654,0.26799613
-1.8290138,-9.44477,0.14596218
0.60329044,-8.089535,0.4214359
3.559922,-7.591828,1.6495521
3.8114674,-8.089535,2.9015965
2.5881367,-8.740981,3.5001013
2.044667,-9.195618,4.0627136
0.4645067,-9.581161,5.7601223
-2.0590239,-10.198809,7.7258263
-2.4825535,-11.209178,8.369795
-1.434198,-11.817254,7.004988
-1.1132607,-11.621042,4.314259
-1.462912,-11.633006,2.5088747
-2.2073789,-12.573685,2.0111675
-1.8218354,-13.490734,1.5514464
0.24885355,-13.57209,1.5059828
1.8290138,-13.270595,2.1332014
1.3980067,-12.422937,3.1746774
-0.0047856453,-10.93849,4.086642
-0.09332009,-11.056037,4.2951164
-0.02632105,-10.459925,2.219343
0.20338993,-9.504591,0.51236314
1.2951152,-9.760623,-0.11964113
1.5634105,-9.909277,-1.745265
-3.5910287,-9.516555,-1.5514464
-8.386544,-9.760623,1.9127626
-5.805586,-10.251451,4.6803613
-4.1703906,-9.322736,3.260819
-5.0754757,-8.369795,1.7763717
-5.348557,-7.6109705,3.1507492
-6.104988,-6.806384,5.5519466
-7.0986075,-5.2334023,6.906883
-7.292426,-4.304688,7.8430743
-8.7577305,-4.551149,8.487042
-12.049357,-4.4171505,7.562815
-14.6638155,-3.7851462,6.2461643
-15.231214,-4.395615,6.6771717
-14.117952,-5.496912,6.404091
-13.416556,-5.6763735,4.1751766
-14.034204,-6.5575304,2.9279177
-13.684553,-8.115856,2.7699914
-10.931312,-8.295617,1.7691933
-7.225427,-8.343473,1.0845468
-4.191926,-8.855837,1.2759727
-3.260819,-8.601898,1.3190435
-4.240082,-7.919645,1.9127626
-5.6668024,-7.500602,3.205784
-5.348557,-7.876574,4.338187
-2.1068804,-7.7976108,4.4674
1.3956138,-6.6364937,4.493721
2.0494525,-5.985347,6.033203
-0.51236314,-5.4466624,8.834301
-3.409174,-4.3334017,10.3136635
-3.1962128,-3.4594233,10.229915
-1.6782659,-3.0188448,9.631411
-2.0183458,-2.8298118,8.154441
-2.1978076,-2.1906292,7.6420774
-2.5953152,-1.6088741,8.3219385
-3.938287,-1.16351,8.333902
-2.5666013,0.043070808,8.180761
-1.0199406,0.62482584,9.008977
-0.44775695,-0.03589234,9.585947
1.3692927,-0.3065804,9.636196
1.7955143,-0.51236314,11.604293
0.90508515,-0.66071814,13.30888
0.5243273,-0.22731815,12.066406
1.218545,0.15074782,9.308379
2.32702,0.89312106,6.492924
2.585744,1.6615162,5.7194443
2.4035904,1.8314066,7.6085777
2.3653052,1.8361923,9.473484
2.2863421,1.9728823,9.279665
1.89362,2.5064816,7.342675
1.1324034,3.2153554,6.291628
0.7157531,3.4809587,7.984251
0.9290134,3.301497,10.2825575
1.204188,3.0284162,11.02493
0.80189466,3.234498,10.371092
0.059820566,3.938287,8.8701935
-0.07178468,4.4721856,8.147262
0.3065804,4.254439,8.71466
0.83060855,3.6487553,9.418449
0.90029955,3.5336008,9.526126
0.57457656,3.6221352,8.745767
0.51475596,3.6149569,8.118249
0.50039905,3.6340995,8.336295
0.3687938,3.6245282,8.841479
0.24646074,3.5479577,9.313165
0.22492532,3.4426737,9.528519
0.581755,3.423531,9.047262
1.0223335,3.330211,8.520542
1.3836497,3.0885358,8.965906
1.6615162,2.9709885,10.079167
1.5466608,2.990131,10.5436735
1.2376875,3.3373895,9.691231
0.85244304,3.9143589,8.673683
0.63918275,4.0938206,8.530113
0.81864446,3.868895,8.839087
0.974477,3.6053855,9.459127
1.0103694,3.4977086,9.959526
1.0845468,3.5383866,9.715159
1.1994023,3.6460636,9.080762
1.4222339,3.531208,8.853444
1.5251254,3.3756745,9.688838
1.393221,3.5144582,10.033704
1.096511,3.8210387,9.545269
0.5673981,4.1057844,9.083155
0.689432,4.108177,7.9722867
1.5203397,3.761218,7.8981094
1.8601205,3.5623147,9.346664
1.6304095,3.6340995,9.782158
1.2640085,3.7803607,9.253045
0.9385847,4.0220356,9.116654
0.83060855,4.005286,9.085547
1.1611172,3.7731822,9.083155
1.5514464,3.6460636,9.102298
1.393221,3.7277186,8.961121
0.8353942,4.108177,8.760123
0.52193445,4.1703906,8.932407
0.78753775,3.8832521,9.370592
1.1611172,3.6149569,9.499805
1.082154,3.6053855,9.518948
0.7492526,3.9837506,9.296415
0.45972106,4.342973,8.827123
0.4022933,4.412365,8.927621
0.6798607,4.0220356,9.46152
0.9696914,3.679862,9.679267
1.2592229,3.6053855,9.392128
1.352543,3.8712878,8.800801
0.9290134,4.402794,8.448758
0.61046886,4.45065,8.697611
0.6726823,4.141677,9.31795
0.811466,3.9717865,9.456735
0.96729857,3.9670007,8.920443
0.86201435,4.086642,8.415258
0.7396813,4.1703906,8.5779705
0.76600236,4.100999,9.303594
0.72293156,3.993322,9.856635
0.84765744,3.9981074,9.731909
1.0654043,4.043571,9.162118
1.0917253,4.048357,8.784052
0.96490574,4.05075,8.831908
0.8859426,3.9741793,9.097511
0.89312106,3.9143589,9.255438
0.9625129,3.938287,9.174082
0.974477,3.9741793,9.018549
0.7827521,4.1297126,8.932407
0.5769694,4.2951164,8.863015
0.72053874,4.211368,8.834301
1.0342976,3.9837506,9.080762
1.1826526,3.8210387,9.562018
1.1611172,3.7875392,9.75823
1.1300105,3.8353956,9.578768
1.1395818,3.9000018,9.23151
1.0677971,3.9909291,8.879765
0.9290134,4.0938206,8.985049
0.90029955,4.045964,9.396914
0.9290134,3.9478583,9.928419
0.85244304,4.115356,10.119845
0.5769694,4.7449675,9.19801
-0.32333016,5.496912,7.440781
-0.9290134,5.59741,6.3753767
-0.6415756,5.3772707,6.966703
-0.53629136,5.3219366,7.6085777
-0.3687938,5.142475,7.574779
0.03589234,4.953442,8.032107
0.27996024,4.7859445,8.95155
0.5626124,4.558327,9.430413
0.7181459,4.453043,9.241081
0.65353966,4.4458647,8.848659
0.6056832,4.3932223,8.592327
0.6583253,4.3262234,8.604291
0.6559325,4.2520456,9.047262
0.6008976,4.12732,9.38495
