0.22731815,3.897609,10.083953
0.19860429,3.0909286,11.563615
-0.63200426,3.042773,11.58515
-1.1347961,3.112464,11.154142
-1.5873387,3.3062828,9.669696
-1.2735798,3.749254,7.6923265
0.5195416,4.223332,7.8957167
2.5354948,4.469793,9.810872
2.7053852,4.5894337,10.598709
1.5418751,4.5966125,9.23151
0.7085746,4.2592244,7.701898
0.61764735,4.249653,7.728219
1.3142579,4.735396,8.475079
2.070988,4.9055853,8.542078
2.693421,4.74736,8.17119
2.9997022,4.613362,8.134998
2.6312077,4.438686,8.293224
2.1547368,4.706682,8.448758
2.231307,5.4035916,8.475079
2.3724837,5.6524453,7.9340014
0.78753775,5.899205,7.144071
-1.3453646,6.195915,7.091429
0.07178468,5.573482,8.032107
2.8513472,5.19751,9.123833
3.4139597,5.496912,8.831908
2.516053,5.573482,7.1488566
1.5753746,5.4227343,6.066703
1.6208383,5.266902,6.641279
2.3605196,5.2166524,8.367402
2.8848467,4.979763,9.6529455
2.94706,5.0108695,8.913264
2.8226335,5.382056,6.629315
2.1738794,5.343771,5.19751
2.0398812,4.9510493,6.1600227
3.1459637,5.154439,8.192725
3.7061832,5.547161,8.839087
2.6479573,5.343771,8.649755
1.9366908,5.1735816,8.5779705
3.126821,5.3772707,8.563613
3.5168512,5.5447683,8.82473
2.7436702,5.4203415,9.602696
2.5522444,5.3243294,10.339985
2.2337,4.941478,9.640982
1.6567305,4.558327,7.400103
1.625624,4.429115,5.7696934
2.1308086,4.2185464,6.942775
2.1834507,3.9717865,9.08794
1.4605191,3.2775688,10.335199
0.6056832,2.4969103,10.634602
0.19621146,2.2576282,10.876276
-0.3687938,2.2337,12.166905
-1.7931215,2.8513472,13.562519
-1.1682956,4.108177,13.371093
1.8840487,4.57747,11.652149
4.0244284,4.5894337,10.447961
4.9869413,4.8361936,9.638589
5.6261244,5.1065826,8.489435
5.927919,5.5926247,8.403294
6.4570317,6.5575304,8.491829
6.1265235,5.195117,6.1504517
3.6173496,3.4857445,2.9614172
2.3772693,5.032405,4.1871405
4.098606,5.4634123,4.1225343
5.748158,4.398008,0.5841478
6.0427747,4.5559344,-0.17467605
6.9212394,6.06431,0.34965122
10.0265255,7.902895,3.6631124
12.269796,7.969894,6.222236
11.108679,7.596614,6.1695943
9.523733,8.05125,6.789634
8.7984085,8.62822,6.1528444
7.9507513,9.282058,4.9319067
4.7688956,8.613862,5.8920264
-1.704587,5.944669,8.39133
-8.087142,3.6559339,9.157332
-10.723136,3.2368908,7.7569327
-8.611469,3.1842487,5.7816577
-4.4243293,2.94706,4.1775694
-1.5179468,3.4331024,2.5498517
3.2919257,5.1759744,2.6455646
6.183951,5.3700924,7.012167
3.978965,4.1105704,8.796016
4.1464624,3.708576,6.2844496
9.025727,5.791229,5.5040903
6.076274,4.546363,4.840979
-1.3692927,-1.3166506,2.487339
9.727123,0.22253251,0.08853444
25.432415,5.63091,1.4389837
18.228523,5.1759744,0.31615168
8.084749,2.734099,-1.338186
8.305188,2.5570302,1.3477573
7.234998,3.2033913,3.2321053
4.7955155,2.9614172,3.260819
4.002893,0.99601245,2.5642085
7.8741813,-0.60807604,4.1057844
12.339189,-0.4764708,5.1640105
14.034204,1.0510473,4.412365
11.886645,2.4011974,2.9590242
10.196416,3.3613176,2.1475582
9.7654085,3.5359936,2.7819555
8.075178,2.2265215,3.0499516
7.9555373,1.2329018,2.8609185
9.013762,0.63200426,3.2440693
8.26451,-0.08853444,3.4929228
12.454043,-0.65353966,1.9271195
15.808183,-0.4621139,2.7652056
12.954443,0.6511469,6.1456656
11.89861,1.2209377,6.439983
10.424033,1.0247263,4.6779685
9.420842,0.50039905,3.9311085
9.662517,-0.52911294,4.8003016
9.53809,-1.0941181,5.831907
9.425628,-1.0247263,4.831408
9.691231,-1.2927225,3.153142
9.363414,-1.9103698,2.8034909
8.963513,-1.1084751,2.8393831
7.8574314,-0.009571291,1.6854445
7.1632137,0.91226363,2.7556343
6.1265235,1.5346966,4.4554358
3.0475588,1.2233306,4.3764725
2.032703,0.67028946,3.8952162
3.9741793,-0.3400799,2.9015965
6.4666033,-1.3405789,2.5088747
9.798908,-2.2504497,1.7811574
12.619148,-2.908775,1.7285153
12.049357,-3.4043884,2.5064816
10.550853,-3.5096726,3.6197424
9.219545,-2.9255247,3.4139597
8.003393,-2.260021,2.1308086
8.355437,-1.6088741,1.7955143
9.837492,-1.907977,2.4059832
9.284451,-2.1044874,3.1244283
8.060822,-1.6567305,3.7827535
8.4248295,-1.0797613,4.1297126
8.379366,0.30897322,3.909573
9.0544405,1.1395818,3.6511483
9.854242,2.0063818,3.5216367
10.885847,2.7580273,3.0909286
13.145868,2.097309,2.2648067
15.480366,1.3334004,2.4658036
16.418652,1.6351951,3.5790644
15.197714,1.7883358,4.302295
13.215559,1.1419746,3.5742788
11.297712,0.6008976,2.070988
9.808479,0.29461628,0.8955139
8.680861,0.124426775,0.30897322
7.953144,0.076570325,0.2727818
7.4862447,0.47886363,0.18664017
7.6396847,0.9768698,0.34965122
8.106285,0.90508515,0.85244304
8.072785,0.5195416,1.326222
7.3689966,0.2321038,1.6064813
6.4761744,0.75643104,1.1730813
6.48096,1.4318053,0.6415756
7.630113,0.96490574,0.64636123
8.67129,0.2970091,0.6583253
8.903693,0.45732823,0.907478
9.0544405,0.7253244,1.3286148
9.375379,0.64636123,1.4676976
9.607482,0.4860421,1.4174483
10.009775,0.1363909,1.2089736
10.339985,-0.18185452,0.8572287
10.696815,-0.7085746,0.6367899
10.5436735,-0.7085746,0.69182485
9.763016,0.9170493,0.73489565
10.232307,2.0662024,1.3405789
11.604293,2.4658036,2.530709
12.142977,3.598207,4.7042894
12.190833,4.05075,6.698707
12.233904,2.9542387,6.1791654
12.889836,1.3836497,5.2956157
13.706088,-0.083748795,4.7835517
12.588041,-1.3453646,3.0810583
10.847563,-2.2002003,1.5873387
9.918848,-2.0470598,1.3142579
9.557233,-0.94337034,1.2807583
8.874979,0.18664017,1.6902301
7.9770727,0.8787641,2.5953152
8.159226,1.1371889,3.2105699
8.439186,1.9872392,3.5240295
8.216654,2.3916261,3.19382
7.8071823,1.5275182,2.6431718
7.333104,0.72771716,2.015953
7.2708907,0.13399807,1.0941181
7.6923265,-0.72293156,0.9912268
7.7880397,-1.326222,1.462912
7.3977103,-1.0941181,1.8361923
7.49103,-0.49800622,1.6639091
8.185547,0.16031912,1.0773684
8.896515,1.0989038,0.6966105
9.241081,1.6016957,1.1778669
9.068798,1.4102699,1.5155541
8.970692,1.1946167,1.1084751
9.404092,0.8066803,1.2999009
10.162916,0.38554356,1.9295124
10.816456,0.37836507,2.516053
11.462817,1.0007981,2.7771697
12.61197,2.0733807,3.4402807
12.753446,2.9327033,4.2855453
11.407782,3.6364923,4.124927
11.113464,3.0332017,3.3565319
11.965609,1.7620147,2.42034
13.155439,1.9247267,1.9103698
13.5481615,2.7221348,1.9366908
12.63859,2.9374888,2.03031
10.481461,2.4442682,2.1020947
9.236296,1.7524434,1.7931215
8.286046,1.2999009,1.0031909
7.4790664,0.81625164,0.5769694
7.7330046,0.19381863,0.40468612
7.3043904,-1.0271192,-0.0047856453
6.7034926,-2.044667,-0.663111
7.306783,-1.9127626,-0.9290134
8.712267,-1.3597214,-0.15074782
8.348259,-1.434198,0.4860421
8.132606,-2.5618157,0.078963146
8.056036,-3.1339993,-0.53389853
7.0722866,-1.3501502,-1.0175478
7.2038918,1.0079765,-0.5673981
8.556435,1.8409779,0.60329044
9.619446,2.0781665,0.9194421
10.016953,2.204986,0.75643104
10.182058,2.0925233,0.72293156
10.996217,1.6663018,1.0366904
13.217953,1.5275182,2.0374885
14.529818,1.1659029,3.464209
13.332808,0.5171488,5.034798
12.681661,-0.40468612,5.6739807
12.834802,-1.041476,4.80748
12.80848,-1.3621143,4.1344986
11.877074,-1.8816559,2.9279177
9.791729,-1.8888344,0.9098708
8.9013,-1.50359,-0.09571291
9.770194,-1.1084751,0.4884349
10.809278,-0.89072824,1.6447664
10.7279215,-0.6343971,2.193022
10.397712,-0.5913263,2.1284158
9.904491,-0.7588239,1.879263
8.685647,-0.6152545,1.7021942
7.4383883,-0.27038896,1.6615162
6.6891356,-0.021535404,1.6710875
6.4737816,-0.14117654,1.4509479
6.602994,-0.5913263,1.1084751
6.8925257,-0.8066803,0.907478
7.3570323,-0.64636123,0.87637126
7.622935,-0.20817557,1.2855439
7.606185,0.18664017,1.7261224
7.804789,0.39511484,1.5514464
8.621041,0.37836507,1.1802598
9.418449,0.18185452,1.0773684
9.662517,-0.16031912,1.3980067
9.600304,-0.6128617,1.6615162
9.6122675,-0.9457632,1.6351951
9.777372,-1.0007981,1.785943
10.57478,-0.7683952,2.3222344
12.384652,-0.2440679,2.8896325
13.6199465,0.20338993,3.7683966
12.818051,0.70378894,4.6636114
11.072786,1.7093726,4.7306104
10.866705,3.2297122,4.536792
12.818051,4.273581,4.465007
14.34557,3.4426737,4.12732
13.852349,1.6495521,3.5216367
12.226726,0.4764708,2.7580273
10.7685995,-0.10767702,1.9534405
9.794122,-0.41665024,1.3669
8.743374,-0.51475596,0.87158567
7.5846496,-0.59611195,0.34486556
6.586244,-0.7109674,-0.016749758
5.9901323,-0.6655038,-0.04546363
6.0212393,-0.4764708,-0.148355
6.4423757,-0.31136605,-0.26799613
6.806384,-0.22492532,-0.1363909
7.0268226,-0.1363909,0.05503492
7.1751776,0.05503492,0.31615168
7.237391,0.21774685,0.55064833
7.3785677,0.21774685,0.6750751
7.9076805,0.10289137,0.770788
8.7984085,-0.11485548,0.87158567
9.7654085,-0.3472584,0.9529416
10.4718895,-0.34965122,1.1252248
10.99861,0.02632105,1.3166506
11.860325,0.74207413,1.8314066
12.684053,1.2209377,3.1076784
12.755838,0.9098708,5.006084
12.229118,0.5602196,6.602994
11.72154,0.7516454,6.7202425
12.573685,1.0175478,6.059524
14.223237,0.84765744,5.8103714
13.560126,0.6750751,4.8792644
11.211571,0.6200402,3.1627133
9.626625,0.12203395,2.0781665
8.812766,-0.4214359,1.6567305
8.369795,-0.81864446,1.704587
8.091928,-1.0869397,2.2289143
7.886145,-1.041476,2.7628129
7.656434,-0.7013961,2.9662027
7.426424,-0.2632105,2.9279177
7.1679993,-0.016749758,2.6192434
7.0025954,0.0526421,2.1547368
7.036394,0.076570325,1.8481563
7.318747,0.062213387,1.6495521
7.7832537,0.02871387,1.6280167
8.283653,0.059820566,1.5131612
8.623434,0.050249275,1.3477573
8.709874,-0.047856454,1.5299109
8.690433,-0.1052842,1.6878372
8.793623,-0.18185452,1.5634105
9.262916,-0.40707895,1.582553
9.77498,-0.6870392,1.9848464
9.866206,-0.59611195,2.6599214
10.589137,0.13160525,3.3589249
12.056536,0.9984053,4.112963
12.755838,1.6304095,4.7688956
12.554543,2.1451654,4.5415773
12.640983,2.5354948,3.8665023
13.514663,2.597708,3.6511483
13.763815,2.0207388,3.5790644
12.772588,1.2592229,3.0909286
11.481959,1.0295119,2.5354948
10.450354,1.230509,2.0781665
9.533304,1.556232,1.6519449
8.554042,1.7380866,1.3405789
7.5197444,1.6351951,1.1012967
6.6245294,1.2352947,0.8452646
6.0547385,0.5027919,0.57457656
5.8223357,-0.34965122,0.31615168
5.8558354,-0.948156,0.10767702
6.0427747,-1.1395818,0.009571291
6.3083777,-1.096511,-0.1794617
6.5694947,-0.8811569,-0.22731815
6.9738817,-0.36400816,0.09332009
7.579864,0.19860429,0.474078
8.276474,0.5267201,1.0127622
9.145369,0.9912268,1.7811574
10.136595,1.8768703,2.4849463
10.854741,2.7891338,3.181856
11.573186,3.1986058,3.8353956
12.633804,2.4993033,4.840979
13.201202,1.1108679,6.495317
12.317653,0.08853444,7.103393
12.451651,-0.15553348,6.059524
15.80579,-0.5841478,6.358627
16.52872,-0.6726823,6.296414
13.126726,0.069391854,3.7707894
10.294521,-0.019142581,1.7213368
8.644969,-0.46929234,1.0319048
7.697112,-0.42382872,1.2329018
7.2876406,-0.27517462,1.8625133
7.1919274,-0.23928227,2.4825535
7.0986075,-0.25603202,2.856133
6.9116683,-0.22731815,2.8250263
6.658029,-0.17706887,2.4442682
6.428019,-0.1698904,2.0111675
6.5647087,-0.13878371,1.7763717
7.0675006,-0.076570325,1.6280167
7.622935,0.016749758,1.5538392
8.228618,0.23688944,1.6328024
8.841479,0.53389853,1.6615162
9.200403,0.66071814,1.7261224
9.270094,0.4645067,1.7117655
9.294023,-0.10767702,1.5658033
9.289237,-1.0295119,1.7261224
9.202796,-1.8720846,2.1954148
9.107083,-2.0494525,2.542673
9.813265,-1.4365909,2.748456
11.257034,-0.3065804,3.342175
11.676077,0.8811569,4.132106
11.108679,2.0685952,4.273581
12.329617,3.4211383,3.8258243
15.616757,3.83061,3.8473597
17.16581,2.9183464,4.6372905
15.417853,2.0374885,4.7859445
12.573685,1.4964114,3.8401814
8.906086,0.5267201,1.718944
7.663613,0.5267201,0.58654064
7.663613,0.5267201,0.58654064
6.4160547,0.39032918,-0.49082774
5.705087,0.0023928226,-1.1276177
5.6596236,-0.3472584,-1.1970096
5.968597,-0.30418757,-0.7588239
6.4184475,0.12203395,-0.033499517
6.957132,0.7683952,0.58893347
7.4718876,1.4724833,0.87637126
7.9507513,2.0542383,1.0510473
8.276474,2.4538395,1.204188
8.307581,2.5546372,1.0510473
8.388937,2.243271,0.8883354
8.989835,1.6806588,1.0486546
10.031311,1.1108679,1.2472588
11.003395,0.78753775,1.4605191
11.566008,1.015155,2.111666
11.719148,0.9194421,3.2009985
11.460424,0.08135597,5.6668024
12.260225,-0.325723,8.420044
14.103596,-0.73489565,9.53809
13.179368,-0.9912268,7.5723863
11.185249,0.27756742,4.1608195
11.029716,1.8816559,2.3605196
11.872289,2.5259235,1.9704895
12.753446,1.9776679,3.1794631
12.525828,0.5458627,4.668397
10.201201,-0.22253251,4.6636114
9.135797,-0.009571291,3.3732817
9.135797,-0.009571291,3.3732817
8.254939,-0.09332009,1.9824536
7.7162547,-0.43579283,0.96490574
7.3163543,-1.0223335,0.5458627
7.0603223,-1.6758732,0.60807604
7.187142,-2.0231316,0.8883354
7.52453,-1.9390837,1.3573287
7.862217,-1.4988043,1.8553349
8.348259,-0.81864446,2.329413
8.997013,-0.44536412,2.5642085
9.7247305,-0.8234301,2.1068804
10.299307,-1.434198,1.4054842
10.486246,-1.6974086,1.2855439
10.467104,-1.5873387,1.6663018
10.3136635,-1.4150555,2.181058
9.729516,-0.4142574,3.502494
9.892527,1.9800607,4.8290153
11.039288,2.7436702,5.326722
11.723933,2.5354948,4.77398
11.697613,4.2038903,4.196712
11.774183,6.0164533,5.1903315
13.162619,5.853442,6.332306
14.096417,3.2991042,6.255736
12.3607235,0.35443684,4.7377887
9.552447,-1.0845468,2.6599214
7.4455667,-1.3238292,1.16351
6.0212393,-1.1515459,0.43100718
5.293223,-0.81625164,0.15074782
5.4586267,-0.16749759,0.17228323
6.143273,0.86919284,0.40707895
6.983453,1.7548363,0.7181459
7.8837523,2.1738794,1.0534402
8.601898,2.2528424,1.3501502
9.006584,2.1260228,1.4676976
9.296415,1.8409779,1.3453646
9.617053,1.4581263,1.0127622
9.916455,1.1060823,0.7516454
10.225129,0.9409775,0.90508515
10.632208,0.7372885,1.3692927
11.462817,0.40947178,1.6734804
12.25544,0.32333016,1.3453646
11.812469,0.52193445,0.47886363
10.510175,0.95054877,0.083748795
10.196416,2.1667008,2.379662
12.351152,4.2831526,6.2461643
12.032608,5.523233,8.400901
7.902895,5.61416,8.18794
6.026025,5.3075795,6.320342
7.0722866,3.8760736,4.359723
9.104691,2.085345,3.2153554
10.670493,1.0007981,3.1770704
11.118251,0.5243273,4.139284
11.015359,0.5937191,4.855336
10.311271,0.9194421,4.6205406
9.131011,1.1300105,3.5886357
8.084749,1.0127622,2.4107687
7.385746,0.6200402,1.7907287
7.2038918,0.086141616,1.6471593
7.4766736,-0.46929234,1.7907287
8.094321,-0.79471624,1.9824536
8.774481,-0.8955139,2.0685952
9.365807,-0.9912268,2.056631
9.705587,-1.1730813,1.9872392
9.471091,-1.2735798,1.9486549
8.922835,-1.1276177,1.8337995
8.470293,-0.8258229,1.6280167
8.2094755,-0.4860421,1.50359
8.26451,-0.4022933,1.50359
8.8701935,-0.79471624,1.59691
9.928419,-1.3286148,1.6663018
10.900205,-1.6734804,1.8361923
11.288141,-1.6902301,2.2384856
11.068001,-0.78753775,3.0619156
10.993824,1.4676976,3.7396827
11.127822,2.0374885,4.5726843
10.857134,0.9170493,5.779265
10.272985,1.9800607,6.3681984
10.074382,4.9031925,6.3801622
11.154142,7.2565336,6.3921266
12.547363,7.3570323,6.2342005
12.487543,5.063512,4.9103713
11.005788,1.8601205,3.289533
9.473484,-0.2416751,2.3844478
8.429615,-0.9098708,1.9295124
7.6277204,-0.907478,1.7668004
7.2565336,-0.5554339,1.6974086
7.199106,0.11724831,1.625624
6.96431,1.8696918,1.4916258
6.6963143,2.329413,1.3716856
6.6963143,2.329413,1.3716856
6.512067,2.329413,1.1347961
6.8111696,2.070988,0.89072824
7.792825,1.7500507,0.811466
9.241081,1.5658033,0.81864446
10.694422,1.4605191,0.6511469
11.630613,1.2281163,0.48125646
12.1046915,0.9242278,0.72053874
12.207582,0.80189466,1.218545
12.032608,1.0223335,1.2089736
11.711969,1.2329018,0.53629136
10.806885,1.244866,-0.15792629
9.660124,1.6830516,0.4214359
9.305986,2.7412775,3.4139597
10.653744,4.237689,6.708278
11.230713,5.128118,7.9100733
8.953942,4.8696933,7.254141
6.8015985,4.072285,6.0379887
6.6795645,2.5689943,5.1903315
8.008179,0.9385847,4.7306104
9.823135,0.14596218,5.0084767
10.933704,0.16749759,5.5519466
10.883454,0.4884349,5.494519
10.122238,0.8500503,4.8242297
9.152547,1.2592229,3.6918263
8.448758,1.4054842,2.7652056
7.9244304,0.6200402,2.679064
7.795218,0.21535404,2.7317061
7.795218,0.21535404,2.7317061
7.7162547,0.05503492,2.76042
7.673184,0.15314065,2.774777
7.704291,0.32333016,2.695814
7.7330046,0.49322057,2.6192434
7.646863,0.8042875,2.6551359
7.282855,1.1970096,2.5737798
6.6676,1.4389837,2.1714866
6.1504517,1.4003994,1.6304095
6.0690956,1.0797613,1.2400804
6.552745,0.6439684,1.1132607
7.349854,0.27038896,1.2472588
8.077571,-0.16271193,1.5921243
8.836694,-0.7109674,1.8696918
9.53809,-1.2017952,1.9055841
9.777372,-1.4820545,1.7787645
9.705587,-1.611267,1.7715861
9.408877,-1.6710875,2.0925233
8.973084,-1.4198412,2.600101
8.774481,-0.57457656,3.2823544
9.294023,0.98883396,4.158427
10.883454,2.8393831,5.128118
12.358331,4.115356,5.886942
12.928122,4.666004,5.791229
14.28545,4.4004006,5.0754757
15.633507,3.6173496,4.8026943
14.730814,3.251248,4.694718
12.561721,3.071487,3.856931
10.869098,2.4969103,2.8226335
9.873384,1.7644076,1.9319052
8.997013,1.1276177,0.9098708
8.216654,0.55064833,0.19142582
7.697112,0.15074782,0.15792629
7.3139615,0.02632105,0.62721866
6.899704,0.11724831,1.1563315
6.4905314,0.3711866,1.3956138
6.3083777,0.6870392,1.2137593
6.4351974,0.907478,0.7157531
6.576673,1.0199406,0.29940194
6.3083777,1.0295119,0.13399807
6.0212393,0.78753775,0.043070808
6.643672,0.22731815,0.19381863
8.17119,-0.34965122,0.7540382
9.902099,-0.4022933,1.5203397
11.206785,0.09092726,2.193022
11.874681,0.5697909,2.4538395
12.123834,0.87637126,2.3485553
12.28176,1.4868401,2.5929224
12.20519,2.1140587,3.3804603
11.611471,1.8696918,5.030012
11.391032,1.015155,6.7561345
11.597114,0.41665024,6.519245
12.74866,0.17706887,5.293223
15.302999,-0.39750767,5.705087
14.821742,-0.72053874,5.7194443
11.185249,-0.54346985,3.638885
8.891729,-0.5913263,1.8218354
8.307581,-0.65353966,1.2711871
8.091928,-0.5697909,1.6639091
7.582257,0.0,3.016452
7.615756,0.18424734,3.3349965
7.615756,0.18424734,3.3349965
7.5942206,0.12203395,3.2488549
7.2756763,-0.11724831,2.9015965
6.9619174,-0.24646074,2.4299114
7.038787,-0.23928227,2.003989
7.4359956,-0.31136605,1.6399808
7.7210402,-0.3711866,1.3238292
7.912466,-0.31136605,0.9529416
8.166405,-0.23449662,0.6511469
8.400901,-0.10289137,0.79710907
8.748159,0.038285162,1.2568301
9.140582,-0.011964113,1.5729818
9.19801,-0.15792629,1.5658033
9.224331,-0.31375888,1.4294125
9.274879,-0.5458627,1.448555
9.286844,-0.7109674,1.759622
9.361021,-0.63200426,2.2624137
10.016953,0.031106694,3.0355947
11.386247,1.189831,4.2014976
12.1764765,2.3509483,5.18076
12.011072,3.1555347,5.331807
11.716755,3.5886357,4.929514
12.477972,3.8904305,4.24726
13.8691,3.4953158,3.6726837
14.027025,2.231307,3.6173496
12.827623,1.1180464,3.6870406
10.567602,-0.24885355,3.0643084
9.535697,-0.42861435,2.5761726
9.535697,-0.42861435,2.5761726
8.369795,-0.15074782,1.9630119
7.32114,0.24885355,1.3645071
6.5072813,0.5051847,0.96729857
6.116952,0.6583253,0.81625164
6.282057,0.77318084,0.974477
6.8111696,0.86201435,1.2711871
7.1153574,0.8353942,1.407877
6.9858456,0.45732823,1.1180464
6.6628146,-0.14596218,0.4668995
6.25095,-0.29222345,0.04546363
5.831907,0.16031912,0.1794617
6.04756,0.4956134,0.57457656
7.4647093,0.23449662,1.1443675
9.363414,-0.17467605,2.0638096
10.90499,-0.02871387,3.1292138
12.334402,0.76600236,3.7660038
13.710874,1.9007984,3.9693937
14.182559,2.6455646,4.153641
13.778172,2.2624137,5.1233325
14.189737,1.2855439,6.7130637
14.766706,0.5243273,7.022037
14.544174,0.02632105,6.9116683
12.9688,-0.31615168,6.238986
9.859028,-0.3185445,3.7827535
7.4886374,-0.011964113,1.6974086
6.6628146,0.27756742,1.0725827
7.1273212,0.44775695,1.5107684
8.226225,0.34486556,2.6407788
9.075976,0.08853444,3.6317065
9.763016,-0.069391854,4.12732
10.244272,-0.13878371,4.342973
10.105488,-0.12203395,4.194319
9.404092,0.0023928226,3.5790644
8.487042,0.09092726,2.8322048
7.5532436,0.10049855,2.3605196
6.5742803,0.10289137,2.0518453
5.752944,0.069391854,1.623231
5.573482,-0.0071784677,0.8811569
6.066703,-0.1698904,0.285045
6.899704,-0.31375888,0.60807604
8.065607,-0.37836507,1.6160526
9.255438,-0.58893347,2.487339
9.68166,-0.6655038,2.6575286
9.29163,-0.38315073,2.2265215
8.621041,-0.3281158,1.9776679
8.381759,-0.6966105,2.2959132
8.894122,-1.0582259,2.7101707
9.729516,-0.9984053,3.1555347
11.089537,-0.1052842,3.9215372
12.758231,1.3692927,4.7162533
13.234702,2.7005994,5.154439
12.379867,3.6221352,4.88405
11.812469,4.167998,3.950251
12.724731,4.0292144,3.0068808
14.108381,2.8704898,2.6718855
14.163416,1.3597214,3.0068808
12.9688,0.46929234,3.2201412
11.376676,0.09092726,2.7364917
8.362616,0.20338993,1.0271192
7.086643,0.77796644,0.285045
7.086643,0.77796644,0.285045
6.17438,1.1754742,-0.18903299
6.0403814,1.2281163,-0.23928227
6.5838513,1.1611172,0.26081768
7.091429,1.0079765,1.1036894
7.6492558,0.7612167,1.556232
8.108678,0.48125646,1.474876
7.768897,0.3185445,1.2544373
6.698707,0.37357944,0.8859426
5.645267,0.4645067,0.5171488
5.2740803,0.5626124,0.3281158
5.53759,0.663111,0.47886363
6.48096,0.6942177,0.84765744
8.103892,0.5458627,1.1180464
10.213165,0.3065804,1.4437693
12.262618,0.3999005,1.9390837
13.433307,0.90508515,2.5498517
13.852349,1.5610176,3.1770704
14.180166,2.2097716,4.141677
13.579268,2.487339,6.171987
12.092728,2.056631,7.701898
10.785349,1.1754742,6.792027
10.82842,0.6655038,4.6229334
13.133904,-0.12203395,3.7588253
14.632709,-1.378864,4.0244284
12.844373,-1.4653047,3.3876386
8.815159,-0.40947178,1.89362
7.8693953,-0.02632105,1.8505492
7.8693953,-0.02632105,1.8505492
7.237391,0.41904306,1.9704895
7.086643,0.7923234,2.0949163
7.3713894,0.6870392,2.2504497
7.596614,0.26799613,2.2863421
7.574779,-0.13878371,2.0135603
7.5556364,-0.325723,1.6830516
7.8167534,-0.3592225,1.556232
8.348259,-0.36640096,1.5586249
8.544471,-0.33290145,1.5753746
8.152048,-0.24885355,1.5203397
7.8741813,-0.09810573,1.5131612
8.029715,0.069391854,1.2640085
8.18794,0.033499517,0.68225354
8.376973,-0.40947178,0.45014977
8.997013,-1.2927225,1.0055838
9.892527,-2.0470598,2.1332014
10.270593,-1.9007984,3.4450665
10.648958,-0.22731815,4.9606204
11.944074,2.8058836,6.049953
12.779767,5.4346986,6.0044894
12.212369,6.346663,4.7449675
11.297712,5.9805613,3.05713
11.680862,5.276473,2.1714866
13.047763,4.2257247,2.3341985
13.25863,2.7388847,2.6168506
10.675279,0.66071814,1.9944177
9.219545,0.09092726,1.582553
9.219545,0.09092726,1.582553
7.84786,-0.02871387,1.1467602
6.7441707,0.23928227,0.73011
5.994918,0.6008976,0.40468612
5.7026944,0.92183495,0.19860429
5.992525,1.0941181,0.16510476
6.5048885,0.96729857,0.27756742
6.7872415,0.6056832,0.33529428
6.8398833,0.26081768,0.3376871
6.617351,-0.059820566,0.5315057
6.3849483,-0.25603202,0.974477
6.725028,-0.07178468,1.5059828
7.6660056,0.13399807,2.0183458
8.717052,0.069391854,2.4945176
10.007382,0.26081768,2.8992038
11.563615,0.86201435,3.1052856
12.415758,1.3429717,2.94706
12.568899,1.7955143,2.8896325
13.3352,2.43709,3.0810583
13.316058,2.3030918,3.7995033
12.897015,1.8074784,5.168796
16.148262,0.61764735,7.6492558
18.681065,-1.7356937,10.332807
14.623137,-1.9223338,7.919645
9.382557,-0.038285162,2.9733813
7.2158556,1.1395818,0.6152545
7.2469625,1.4844474,0.51475596
7.7832537,0.6056832,1.6758732
7.7832537,0.6056832,1.6758732
8.096714,-0.33290145,2.7556343
8.633005,-0.9098708,3.7516468
8.71466,-0.9529416,4.2014976
7.77129,-0.5195416,3.3732817
7.77129,-0.5195416,3.3732817
7.0411797,-0.22731815,2.2384856
6.6628146,-0.3065804,1.0630114
6.5312095,-0.59611195,0.18903299
6.815955,-0.7683952,-0.16271193
7.433603,-0.72053874,0.21296121
8.307581,-0.38793638,1.1276177
9.238688,0.35682967,2.1858435
9.887741,1.1132607,2.7317061
9.894919,1.2640085,2.5378876
9.454341,0.7683952,2.0231316
9.253045,0.03589234,1.6926229
9.638589,-0.53389853,1.5275182
10.060024,-0.93619186,1.5921243
10.64178,-0.85244304,2.1858435
11.750255,0.0023928226,3.4426737
12.02543,0.9816555,4.936692
11.24507,2.1738794,5.326722
11.029716,3.8066816,4.290331
12.131013,5.0084767,3.3278182
13.785351,4.615755,2.9303105
14.357534,2.9422746,2.4705894
13.371093,1.59691,2.32702
11.963216,0.63918275,2.5112674
10.53171,-0.19142582,2.4442682
8.939586,-0.37597227,1.8744774
6.1241302,0.7540382,0.21296121
5.5184474,1.2807583,-0.2440679
5.5184474,1.2807583,-0.2440679
5.5423756,1.4796617,-0.26081768
5.705087,1.3501502,0.15553348
5.6333027,1.0366904,0.64636123
5.482555,0.7013961,0.8596215
5.5591254,0.49322057,0.56500524
5.750551,0.43579283,-0.10767702
5.8127646,0.6439684,-0.52911294
5.9757752,1.1682956,-0.4214359
7.294819,1.570589,0.16510476
10.036097,0.8787641,1.1706885
12.499507,-0.622433,2.3724837
13.684553,-0.98644114,3.4402807
14.110774,0.2970091,4.5224347
14.637494,2.0255244,5.144868
14.125132,2.516053,5.494519
12.631412,1.7763717,6.114559
11.453245,0.68225354,5.738587
11.252249,-0.8258229,4.682754
12.623934,-2.7436702,4.6755753
13.121941,-3.7133617,4.8696933
11.75504,-2.6407788,3.9191444
10.371092,-0.86201435,2.612065
9.380164,0.285045,1.8098712
8.405686,0.69182485,1.6519449
7.711469,0.80189466,1.9680966
7.945966,0.2970091,3.1459637
8.475079,-0.20817557,3.49053
8.475079,-0.20817557,3.49053
8.647362,-0.7085746,3.4187453
8.094321,-1.0271192,2.798705
7.096215,-0.9696914,1.6543378
6.5144596,-0.7372885,0.4214359
7.1129646,-0.8452646,-0.21535404
8.393723,-1.407877,-0.062213387
9.245867,-1.8553349,0.5051847
9.289237,-1.9390837,1.2616158
9.116654,-1.7069799,1.718944
9.107083,-1.0869397,1.4126626
9.016156,-0.64636123,0.87158567
9.262916,-1.0654043,0.4668995
10.124631,-1.9800607,0.09810573
10.797313,-2.0805593,0.663111
10.62503,-0.7755736,2.5064816
10.613066,1.474876,4.4554358
10.933704,3.897609,5.925526
10.797313,5.959026,6.8015985
10.931312,7.3642106,6.396912
12.260225,7.5846496,5.465805
14.383855,5.9135623,5.221438
15.753148,3.0379875,5.441877
15.104394,0.73489565,5.348557
12.789338,-0.5386842,4.4315076
10.222736,-1.1419746,3.0355947
6.1648083,-0.9553344,0.45732823
4.9989057,-0.27756742,-0.30418757
4.9989057,-0.27756742,-0.30418757
4.9079785,0.70378894,-0.37357944
5.695516,1.6806588,0.1268196
7.689934,2.6431718,1.4222339
8.417651,2.7125635,1.7572291
8.417651,2.7125635,1.7572291
9.035298,2.7029922,2.0063818
9.346664,2.748456,2.0901306
9.21476,2.7508488,2.1212373
8.906086,2.4921248,2.2337
9.423235,1.704587,2.164308
10.6561365,0.55304116,1.9968106
10.775778,-0.26799613,1.7165512
10.107881,-0.5027919,1.2161521
10.696815,0.19860429,2.5546372
13.9528475,1.5179468,5.535197
14.436498,2.3916261,7.213463
10.304092,3.8138602,6.602994
7.9076805,5.022834,5.0922256
8.125427,4.5224347,3.653541
9.619446,3.5551362,2.5184457
11.202,2.449054,2.8250263
11.879467,1.4389837,4.1344986
11.484352,1.3956138,5.08744
9.930812,1.9366908,5.1352963
8.156834,2.1954148,4.249653
6.806384,0.78035927,1.9800607
6.937989,-0.42622152,1.448555
6.937989,-0.42622152,1.448555
7.481459,-1.378864,1.1515459
8.585149,-1.9944177,1.1204392
10.074382,-2.8058836,1.570589
10.1700945,-2.600101,1.6064813
10.1700945,-2.600101,1.6064813
9.705587,-1.9031913,1.4820545
8.977871,-1.0007981,1.3860425
8.278867,-0.16749759,1.5346966
7.6683984,0.11006984,1.7500507
7.701898,-0.25124636,1.8146569
8.697611,-0.74207413,1.8912272
10.129416,-1.0630114,2.2217357
11.5061865,-0.8979067,3.0523443
12.657733,0.37357944,3.9957147
13.17219,0.8572287,4.486542
12.590434,-0.011964113,4.371687
11.218749,0.51236314,4.476971
10.00499,2.8728826,4.9031925
9.763016,5.425127,5.032405
10.385748,6.7322063,4.965406
10.888241,6.035596,4.319045
10.907383,4.0148573,3.289533
10.395319,1.9031913,2.786741
9.502198,0.45014977,2.7771697
8.510971,0.023928227,2.6455646
7.4527454,0.13878371,2.2911277
6.626922,0.42861435,1.7476579
6.2605214,0.88354975,1.1611172
6.3538413,1.4653047,0.62961143
6.686743,1.8481563,0.13160525
7.77129,1.3692927,-0.39750767
8.601898,1.0606186,-0.40468612
8.601898,1.0606186,-0.40468612
9.595518,0.89072824,-0.3185445
10.402497,0.7396813,0.09332009
10.926525,0.89072824,0.8234301
11.35514,1.3429717,1.1826526
11.702398,1.1611172,0.72293156
11.467603,0.2416751,0.17706887
10.953146,-0.083748795,0.23449662
11.302498,1.1156535,2.7029922
12.987942,2.691028,6.171987
12.12862,4.045964,6.8135624
8.673683,5.4370914,6.131309
7.19432,5.7840505,5.185546
8.137691,4.8792644,4.2831526
10.031311,3.437888,4.302295
11.242677,1.8768703,4.5128636
11.453245,0.73489565,4.776373
10.984252,0.31615168,5.0108695
10.11506,0.50039905,4.5224347
9.0544405,0.95054877,3.2679975
8.118249,1.1204392,2.1355941
7.373782,0.8258229,1.6830516
6.8398833,0.2727818,1.6758732
6.708278,-0.4142574,1.8577276
7.091429,-0.94337034,2.0662024
7.6013994,-1.1850454,2.181058
8.724232,-0.89072824,2.1044874
8.774481,-0.3807579,2.1188445
8.774481,-0.3807579,2.1188445
8.448758,0.11724831,2.2337
8.23819,0.36400816,2.4179473
8.499007,-0.038285162,2.477768
9.4686985,-0.7372885,2.43709
10.653744,-1.1012967,2.5881367
11.405389,-1.0462617,2.9159534
11.501102,-0.6511469,3.2871401
10.900205,0.5697909,4.1632123
10.395319,3.0909286,5.077869
10.06481,3.9430726,5.681159
9.703195,3.045166,5.5854464
9.511769,3.4666018,4.872086
9.803694,4.706682,4.613362
10.797313,5.4203415,4.936692
11.752647,4.5248275,5.331807
11.793325,2.099702,4.79073
10.553246,-0.19142582,3.2991042
8.800801,-1.0582259,1.8218354
7.3881392,-0.8883354,0.98644114
6.626922,-0.3376871,0.6750751
6.48096,0.4621139,0.79471624
6.6460648,1.4222339,1.1108679
7.069894,2.1451654,1.3046865
7.620542,2.2839491,1.3812568
8.084749,1.9776679,1.3621143
8.956335,0.8787641,0.7325028
9.430413,0.45972106,0.4118646
9.430413,0.45972106,0.4118646
9.916455,0.3185445,0.49082774
10.265807,0.6128617,1.1730813
10.495817,1.59691,2.1020947
10.916954,1.2735798,1.718944
10.916954,1.2735798,1.718944
10.713564,1.352543,2.1164517
11.242677,2.461018,4.091428
12.676875,3.423531,6.775277
11.604293,3.586243,8.137691
8.597113,3.519244,7.5364943
6.983453,3.251248,5.9207406
7.467102,1.9824536,4.3788652
9.104691,0.7013961,3.5671003
10.416854,0.27756742,3.7947176
10.766207,0.08853444,4.5391846
10.483853,-0.06699903,5.0012984
9.875777,0.08853444,4.936692
8.877372,0.5841478,4.496114
7.917252,1.2209377,3.789932
7.342675,1.6160526,3.1698918
7.079465,1.5418751,2.8034909
6.9116683,1.2161521,2.7029922
6.698707,1.0319048,2.7819555
6.4232335,0.907478,2.7915268
6.5312095,0.6056832,2.6072793
6.6101727,-0.033499517,1.8290138
6.0858455,-0.17467605,1.3716856
6.0858455,-0.17467605,1.3716856
5.927919,-0.18664017,1.0941181
6.698707,-0.37597227,0.91226363
9.075976,-1.3980067,1.3070793
10.251451,-1.5370895,1.7021942
10.251451,-1.5370895,1.7021942
11.022537,-1.1826526,2.2911277
11.04168,-0.5386842,2.8034909
10.785349,-0.0047856453,3.3086755
11.309676,0.6415756,4.0698924
12.703197,1.8984057,4.963013
13.433307,3.2129626,5.5016975
12.940085,3.7827535,5.0084767
11.855539,3.4761732,3.9143589
10.682458,2.7771697,3.3876386
10.275378,1.9582262,3.4067812
10.7590275,0.9840483,3.0933216
11.063215,0.069391854,2.288735
10.7685995,-0.37597227,1.378864
10.222736,-0.062213387,0.98644114
9.257831,0.5673981,1.2089736
7.862217,0.95772725,1.3884354
6.4495544,0.9912268,1.1994023
5.5782676,0.8066803,0.61764735
5.494519,0.6774679,0.078963146
5.8223357,0.64636123,-0.1363909
6.873383,0.031106694,-0.5243273
7.5173516,-0.43579283,-0.38554356
7.5173516,-0.43579283,-0.38554356
8.2094755,-0.5075775,0.31375888
8.738588,0.062213387,1.3692927
10.093524,1.9704895,2.5785656
11.273784,2.9135606,2.923132
11.273784,2.9135606,2.923132
12.434901,3.6340995,3.950251
12.250653,3.2775688,5.9039907
11.5157585,1.9534405,7.4383883
11.472388,0.9912268,7.3163543
12.954443,0.7085746,6.478567
14.809777,0.13160525,5.846264
13.897813,-0.68464637,4.5822554
11.414961,-1.1850454,2.7269206
10.036097,-1.6495521,1.6710875
9.602696,-2.1595225,1.5993029
9.152547,-2.5283163,2.0614166
8.5779705,-2.4538395,2.6694927
8.111071,-1.8960128,3.1627133
7.582257,-1.055833,3.3182468
6.8685975,-0.09810573,3.0595229
6.289235,0.8330014,2.3988047
6.238986,1.2951152,1.9031913
6.715457,1.1204392,1.9968106
7.0555367,0.77318084,2.3150558
6.6963143,0.5554339,2.2863421
6.4351974,0.581755,1.8720846
7.160821,0.72293156,1.6423737
8.396115,0.7109674,1.6639091
9.236296,0.4214359,1.6974086
9.542876,-0.392722,1.7955143
10.11506,-1.759622,2.6048865
10.572388,-1.4796617,3.7348971
10.572388,-1.4796617,3.7348971
11.455638,-0.3065804,4.888836
11.963216,1.5801603,5.697909
11.6019,3.7229328,4.970192
11.936894,3.1698918,4.4602213
11.936894,3.1698918,4.4602213
13.354343,2.4586253,4.409972
14.261522,1.6064813,4.503292
13.155439,0.8811569,3.9574296
11.020144,0.69182485,3.016452
9.334701,0.92662054,2.3605196
8.137691,1.4557334,1.8577276
7.1010003,2.0757737,1.4027922
6.291628,2.3629124,1.0462617
5.951847,2.1690936,0.7755736
6.148059,1.5945172,0.663111
6.859026,0.8979067,0.811466
7.819146,0.3472584,1.2017952
8.369795,0.05503492,1.4605191
8.305188,-0.069391854,1.352543
7.795218,-0.22971097,0.98883396
7.184749,-0.38554356,0.6798607
7.050751,-0.39511484,0.6343971
7.457531,-0.4142574,0.8572287
8.18794,-0.43100718,1.3429717
9.294023,-0.11964113,1.9103698
12.131013,1.3980067,2.6694927
12.887444,2.2121646,3.1363924
12.887444,2.2121646,3.1363924
12.686446,2.6551359,3.4857445
11.944074,2.2648067,4.191926
11.005788,0.5458627,5.6596236
11.005788,0.5458627,5.6596236
11.0608225,0.11006984,4.805087
13.3639145,-0.4022933,4.6971107
15.04218,-0.78753775,5.6093745
12.9688,-0.23688944,5.309973
9.691231,0.45014977,3.964608
7.7760754,0.68464637,2.8728826
6.8925257,0.80189466,2.0542383
6.5455666,0.7827521,1.6471593
6.519245,0.47886363,1.8242282
6.524031,-0.076570325,2.2552354
6.4666033,-0.541077,2.3916261
6.567102,-0.79950184,2.1044874
6.954739,-0.92662054,1.9271195
7.5676007,-0.8282157,1.8960128
8.113463,-0.6678966,1.8242282
8.558827,-0.47886363,1.8098712
9.162118,-0.124426775,1.7213368
10.038489,0.13399807,1.4102699
10.787742,0.059820566,1.2735798
10.653744,-0.27517462,1.7237296
9.669696,-0.5985048,2.2791636
8.760123,-0.7636095,2.03031
9.566804,-0.5482555,2.5666013
9.566804,-0.5482555,2.5666013
10.907383,0.23449662,3.7923248
11.853146,1.5155541,4.725825
11.32164,2.7101707,4.5272202
11.340783,2.7269206,3.8760736
11.340783,2.7269206,3.8760736
12.286546,2.8633113,3.2823544
13.430914,2.6216364,2.9709885
13.263416,1.8098712,2.8585258
12.049357,1.218545,2.9039893
10.565209,1.0534402,2.8489544
9.109476,0.9696914,2.3916261
7.6420774,0.89072824,1.8074784
6.2437716,1.0103694,1.1802598
5.326722,1.3453646,0.42622152
5.0395837,1.4102699,-0.24646074
5.389235,0.9194421,-0.55064833
6.0523458,0.11964113,-0.5027919
6.8039913,-0.55782676,-0.36400816
7.4527454,-0.8955139,-0.033499517
7.835896,-0.8258229,0.6415756
8.1230345,-0.31615168,1.3573287
8.642576,0.36400816,1.6926229
9.38495,0.8428718,1.6663018
10.191629,1.2903296,2.0279171
11.702398,2.0542383,3.4019957
14.321642,1.9199411,6.674779
13.814064,1.5801603,7.792825
13.814064,1.5801603,7.792825
13.184154,1.6639091,6.674779
13.816457,1.16351,5.5016975
12.308082,-0.57457656,3.313461
9.995419,-0.2009971,1.6351951
9.995419,-0.2009971,1.6351951
8.925228,-0.24646074,0.9625129
8.668898,-0.7325028,0.99601245
9.040084,-1.2664014,2.4346972
9.090333,-0.8787641,2.990131
9.090333,-0.8787641,2.990131
8.877372,-0.37836507,3.2368908
8.384151,0.10049855,3.2297122
7.7665043,0.4668995,3.0116663
7.3881392,0.63918275,2.7053852
7.1751776,0.5841478,2.4227328
6.8614187,0.325723,2.0925233
6.6532435,0.031106694,1.582553
6.7704916,-0.285045,1.0199406
7.105786,-0.5626124,0.8668
7.483852,-0.6750751,1.1084751
8.005786,-0.74207413,1.5155541
8.6090765,-0.66071814,1.9271195
9.090333,-0.4142574,2.2384856
9.518948,-0.14356937,2.3940191
9.863813,0.15553348,2.5184457
10.050453,0.35204405,2.7508488
9.679267,0.57457656,3.1794631
9.679267,0.57457656,3.1794631
9.859028,1.2376875,3.9167516
10.368699,2.2097716,4.699504
10.9579315,2.882454,4.6325045
11.647364,2.5905297,4.342973
11.647364,2.5905297,4.342973
12.830016,2.5737798,4.034
13.998312,2.547459,3.9406798
12.925729,1.9776679,3.626921
11.166107,1.6663018,3.2297122
11.166107,1.6663018,3.2297122
9.241081,1.3884354,2.7532415
7.534101,1.0582259,2.1834507
6.2342005,0.5769694,1.407877
5.468198,0.043070808,0.5841478
5.226224,-0.44057846,-0.11485548
5.389235,-0.77796644,-0.44536412
5.956633,-0.74207413,-0.43100718
6.6364937,-0.32333016,-0.11006984
6.890133,0.28983065,0.50039905
6.7609205,0.92183495,1.1754742
7.1081786,1.3597214,1.8170497
7.919645,1.448555,2.487339
8.499007,1.4557334,3.2153554
9.344272,1.6974086,3.7971103
10.723136,2.056631,4.213761
12.387045,2.341377,4.5631127
13.674981,2.0087745,5.425127
14.606388,1.4940187,7.2230344
14.074882,1.0582259,7.9507513
11.819647,0.68464637,6.0164533
13.471592,-0.7013961,4.1344986
13.488341,-1.0725827,4.151248
13.488341,-1.0725827,4.151248
11.522937,-0.5697909,3.4354951
9.906884,-0.18903299,2.8657043
8.164012,0.29940194,2.2217357
7.7665043,0.41665024,2.1906292
7.7665043,0.41665024,2.1906292
7.574779,0.4429713,2.3605196
7.5580297,0.3999005,2.6982067
7.582257,0.2970091,2.9542387
7.495816,0.13399807,2.9422746
7.2206416,0.023928227,2.6312077
6.9738817,-0.009571291,1.8098712
6.9332037,-0.10049855,0.92183495
7.1153574,-0.19621146,0.58893347
7.43121,-0.23688944,0.6870392
7.77129,-0.29222345,0.9409775
8.221439,-0.46929234,1.3286148
8.867801,-0.6966105,1.6878372
9.346664,-0.7325028,1.7141583
9.626625,-0.58654064,1.6591234
9.98824,-0.4956134,2.0805593
9.918848,-0.36400816,2.5498517
9.808479,0.27038896,2.5689943
10.928918,1.3405789,2.9566314
11.843575,2.12363,4.2185464
11.352747,2.5737798,5.0252266
11.410174,3.5383866,3.9885364
13.145868,3.8377883,3.638885
13.145868,3.8377883,3.638885
14.3022,3.1866415,3.3278182
13.92892,2.2169502,3.4881372
11.089537,0.76600236,3.4426737
9.53809,0.17706887,2.8106692
9.53809,0.17706887,2.8106692
8.0345,-0.0047856453,1.8074784
6.658029,0.09810573,0.7396813
5.372485,0.1794617,-0.6128617
5.858228,0.10289137,-0.5482555
5.858228,0.10289137,-0.5482555
6.5742803,0.05742774,-0.1268196
6.9858456,-0.08853444,0.21774685
6.9092755,-0.21774685,0.30897322
6.552745,0.040677983,0.31375888
6.4423757,0.7588239,0.43579283
6.820741,1.5275182,0.7923234
7.8909307,1.8146569,1.2640085
9.224331,1.4437693,1.9510478
10.351949,0.9625129,2.8872397
12.102299,1.2687942,3.8377883
14.45564,2.2169502,4.6301117
15.224035,2.4705894,5.7816577
14.678172,1.9606191,7.242177
13.447663,1.352543,7.1751776
11.764611,0.7612167,5.266902
11.436496,-2.0662024,3.2009985
10.304092,-2.2671995,1.9247267
10.304092,-2.2671995,1.9247267
9.868599,-1.4174483,1.4916258
9.868599,-0.50039905,1.718944
8.927621,0.7013961,2.5809584
8.508578,0.88354975,2.7915268
8.508578,0.88354975,2.7915268
8.436793,0.8353942,2.8848467
8.376973,0.70618176,2.841776
7.550851,0.14117654,2.0638096
7.361818,-0.37597227,1.3429717
7.361818,-0.37597227,1.3429717
7.9076805,-1.0247263,0.6583253
8.848659,-1.8050855,0.54346985
9.157332,-2.2839491,1.055833
8.5372925,-2.2743778,1.8649062
7.862217,-1.6208383,2.288735
7.7066836,-0.7396813,1.6160526
7.6420774,-1.0773684,0.36400816
8.262117,-2.1284158,-0.29222345
9.863813,-2.015953,0.5027919
11.24507,-0.72771716,1.8912272
11.510972,0.4142574,2.2791636
10.660922,0.62482584,1.9223338
9.404092,0.5315057,2.1738794
8.836694,1.0510473,3.1316066
9.514162,2.0470598,4.199105
11.621042,5.063512,5.7266226
13.981562,5.8079786,6.073881
13.981562,5.8079786,6.073881
16.586449,5.657231,7.22782
16.734804,4.429115,7.77129
11.312069,0.79471624,3.8138602
8.865408,-0.19142582,2.0614166
8.865408,-0.19142582,2.0614166
7.0818577,-0.72293156,0.8572287
5.927919,-0.77318084,0.14117654
5.872585,0.22731815,0.009571291
6.5431733,1.0582259,0.4884349
6.5431733,1.0582259,0.4884349
7.1799636,1.9606191,1.1108679
7.550851,2.6766713,1.7141583
7.7066836,3.1292138,2.1188445
7.9890366,3.3637104,2.408376
8.3123665,3.2656047,2.571387
8.661719,2.5136602,2.2983062
9.430413,0.95772725,1.730908
9.91167,-0.7181459,1.2137593
9.832706,-1.6280167,0.71336025
10.617851,-1.1706885,1.6710875
13.126726,0.62482584,4.5248275
14.086846,2.32702,8.252546
11.187642,3.926323,8.846265
8.8701935,5.2070813,6.291628
8.810373,4.4171505,4.362116
11.029716,2.1332014,2.4131618
12.003894,1.2759727,4.12732
12.003894,1.2759727,4.12732
12.533007,0.78753775,5.523233
11.405389,0.8042875,5.6907306
8.070393,0.5913263,2.5737798
7.7186475,-0.15792629,1.4126626
7.7186475,-0.15792629,1.4126626
7.7569327,-1.1754742,1.015155
7.785647,-1.7883358,1.1563315
8.59472,-1.9103698,2.0685952
9.042477,-1.4868401,2.2217357
9.042477,-1.4868401,2.2217357
8.817552,-0.6343971,2.1068804
7.926823,0.14596218,1.989632
7.433603,0.45014977,1.8433708
7.9076805,0.16031912,1.9944177
7.9076805,0.16031912,1.9944177
8.668898,-0.44775695,2.2145574
9.772587,-1.1587243,2.3940191
10.579566,-1.7620147,2.6455646
10.680065,-1.7739788,3.165106
10.780563,-0.2632105,3.938287
10.93849,1.6758732,4.5008993
11.027323,2.0542383,5.4849477
11.204392,2.0350957,6.586244
11.063215,3.246462,6.430412
11.048859,5.0180483,5.523233
11.273784,5.793622,5.0946183
11.154142,4.7545385,4.8266225
10.433604,2.4059832,3.8042889
9.471091,0.29222345,2.844169
8.851051,-0.541077,2.5402803
7.701898,0.24885355,2.070988
7.4527454,0.84765744,1.8696918
7.4527454,0.84765744,1.8696918
7.373782,1.3812568,1.7763717
7.335497,1.730908,1.7237296
7.402496,1.8385851,1.4653047
7.687541,1.6734804,1.2520444
7.687541,1.6734804,1.2520444
8.118249,1.5490535,1.1204392
8.604291,1.5681962,1.0295119
9.425628,1.611267,0.89312106
9.68166,1.4724833,0.9768698
9.68166,1.4724833,0.9768698
10.021739,1.2903296,1.1754742
10.572388,0.95054877,1.378864
11.276176,0.38793638,1.6663018
11.944074,0.24646074,1.6854445
12.389438,0.8234301,1.0319048
12.178869,1.6974086,1.1946167
12.147762,3.083451,3.612564
13.066905,5.142475,6.7034926
11.78854,6.181558,7.5269227
7.8071823,5.729016,6.4905314
5.341378,4.9055853,5.1616178
5.9135623,3.301497,3.8425741
7.785647,1.5323038,3.4881372
9.44477,0.78035927,4.1344986
10.541281,0.87637126,5.2405806
10.373485,1.89362,5.748158
9.205189,2.1044874,4.5128636
9.205189,2.1044874,4.5128636
8.226225,1.9007984,3.4929228
7.764111,1.3477573,3.234498
7.6277204,0.5913263,3.3445678
7.5053873,0.45972106,3.3326037
7.5053873,0.45972106,3.3326037
7.565208,0.3065804,3.2297122
7.8741813,0.031106694,3.0933216
8.499007,-0.95772725,2.4155545
8.692825,-1.2592229,1.9319052
8.692825,-1.2592229,1.9319052
8.779266,-1.3142579,1.623231
8.846265,-1.0845468,1.4796617
9.040084,-0.7325028,1.6184454
9.3562355,-0.40707895,1.9728823
9.600304,-0.21296121,2.4107687
9.870992,-0.22492532,2.707778
10.270593,-0.47886363,2.4921248
10.6154585,-0.74207413,1.8840487
10.775778,-0.74207413,1.4389837
10.6154585,-0.66071814,1.4222339
10.052846,-0.5027919,1.8385851
9.674481,1.1060823,3.1220353
9.731909,2.5809584,4.189533
9.664909,1.5155541,5.2956157
9.392128,0.8787641,6.930811
10.505388,5.2022953,8.700303
12.054143,7.1919274,8.235796
12.054143,7.1919274,8.235796
12.645768,7.3307114,6.7298136
11.345569,5.1352963,4.6301117
7.9627156,0.22971097,2.5040889
7.443174,-0.7516454,2.3030918
7.443174,-0.7516454,2.3030918
7.5317082,-0.79950184,2.3030918
7.728219,-0.086141616,2.3700907
7.5580297,2.082952,2.3461626
7.49103,2.9614172,2.353341
7.49103,2.9614172,2.353341
7.4096746,3.2249267,2.3653052
7.158428,2.7293134,2.2863421
7.0097737,0.9984053,1.6064813
7.1560354,0.42382872,1.3621143
7.1560354,0.42382872,1.3621143
7.1081786,0.20817557,1.1778669
6.672386,0.22253251,0.8644072
5.8343,0.16510476,0.474078
5.300401,-0.0023928226,0.09571291
5.604589,-0.076570325,0.13160525
6.521638,0.2416751,0.7923234
7.9220376,1.0677971,1.7333009
9.485448,2.0494525,2.6359932
10.634602,2.7556343,3.3349965
11.312069,2.9111679,3.478566
11.778969,1.9920249,2.0805593
11.633006,1.4557334,1.5011971
11.633006,1.4557334,1.5011971
11.774183,0.93619186,1.1252248
12.142977,0.7683952,1.3477573
10.34477,0.8258229,4.493721
9.176475,0.7516454,6.9858456
9.176475,0.7516454,6.9858456
10.847563,0.49082774,9.394521
15.302999,-0.148355,12.114263
11.640184,2.542673,4.9917274
8.815159,2.7771697,2.1212373
8.815159,2.7771697,2.1212373
7.6851482,1.4772689,0.4884349
7.852646,-0.30418757,0.66071814
8.659326,-1.867299,3.708576
8.863015,-1.2951152,4.4171505
8.863015,-1.2951152,4.4171505
8.427222,-0.16271193,4.3357944
7.5942206,0.9984053,3.7660038
7.1560354,1.6758732,3.1914272
7.309176,1.7524434,3.05713
7.548458,1.3908281,3.0236306
7.637292,0.71336025,2.65035
7.574779,0.02871387,2.204986
7.4623165,-0.35682967,1.7907287
7.3785677,-0.53629136,1.3716856
7.41446,-0.45014977,1.1108679
7.8957167,0.5099703,1.7141583
8.219047,0.5913263,2.1690936
8.219047,0.5913263,2.1690936
8.563613,0.148355,2.3461626
9.102298,-0.4022933,2.2360928
10.775778,-0.79471624,1.7715861
11.489138,-0.7612167,1.9848464
11.489138,-0.7612167,1.9848464
11.484352,-0.71336025,2.6216364
10.996217,-0.4860421,3.394817
10.6561365,1.2065809,4.610969
10.64178,2.382055,4.99412
10.64178,2.382055,4.99412
10.861919,3.1076784,5.063512
11.1015005,3.9430726,4.970192
13.311273,4.8122654,4.982156
12.830016,3.8665023,5.0994043
12.830016,3.8665023,5.0994043
11.376676,2.6551359,4.6755753
9.861421,1.4003994,3.682255
8.563613,0.2321038,2.5331018
7.4479594,-0.52911294,1.4724833
6.562316,-0.78035927,0.69182485
5.999704,-0.72053874,0.21296121
6.155237,-0.5458627,0.011964113
6.6819572,-0.40707895,0.11724831
6.832705,-0.5075775,0.26799613
7.0746794,-0.6056832,0.1794617
7.1010003,-0.38554356,-0.021535404
6.2198434,-0.009571291,-0.047856454
5.5447683,0.36640096,0.27756742
6.3107705,0.77318084,1.0462617
8.2812605,1.0055838,1.9657038
11.206785,0.42622152,2.396412
12.174084,0.6655038,2.5402803
12.174084,0.6655038,2.5402803
13.821242,1.7931215,3.4929228
14.831313,2.5354948,5.006084
12.28176,1.1108679,7.548458
12.5019,0.57936215,6.533602
12.5019,0.57936215,6.533602
13.821242,0.28265217,5.793622
13.445271,-0.0047856453,5.0252266
8.460722,-0.011964113,1.6710875
7.9914293,0.0,1.2879368
7.9914293,0.0,1.2879368
8.149654,0.043070808,1.6639091
8.152048,-0.10049855,2.3246272
7.986644,-0.33290145,2.9398818
7.811968,-0.4621139,3.4283166
7.4862447,-0.34486556,3.5288153
7.0196443,-0.0023928226,2.8848467
6.6963143,0.32093734,1.7380866
6.686743,0.35682967,0.6343971
6.9499536,-0.021535404,-0.08135597
7.383353,-0.5985048,-0.13160525
7.9555373,-0.91226363,0.6798607
8.5779705,-0.7085746,1.6184454
9.260523,-0.3376871,1.9992033
9.947562,-0.16749759,2.152344
10.3543415,-0.15074782,2.2983062
9.298808,-0.45254257,2.0494525
8.999406,-0.61764735,2.8633113
8.999406,-0.61764735,2.8633113
10.388141,-0.06699903,3.950251
12.387045,1.474876,4.8505507
12.877872,3.8593237,5.5184474
12.559328,3.4594233,4.5918264
12.559328,3.4594233,4.5918264
13.268202,2.7532415,3.679862
13.876278,2.044667,3.2943187
11.221142,1.5777674,2.477768
9.389735,1.1180464,1.8433708
9.389735,1.1180464,1.8433708
7.850253,0.4645067,1.3357933
6.586244,-0.011964113,0.8811569
5.573482,0.014356935,-0.10289137
5.927919,0.25842485,-0.23928227
5.927919,0.25842485,-0.23928227
6.0020967,0.25842485,-0.16510476
5.7816577,-0.043070808,-0.17706887
5.7601223,-0.22971097,-0.10049855
6.1193447,0.04546363,0.21774685
6.930811,0.64875406,0.69182485
8.266903,1.1180464,1.4988043
9.839885,1.2352947,2.542673
10.981859,1.2640085,3.4331024
11.743076,1.2951152,3.83061
12.030215,1.1994023,3.6029928
11.522937,2.0231316,2.9207392
11.877074,1.9438694,3.5168512
11.877074,1.9438694,3.5168512
12.533007,1.2711871,5.0395837
12.51865,0.74207413,6.1241302
9.815658,-0.25603202,4.7114677
10.107881,-0.37597227,4.0292144
10.107881,-0.37597227,4.0292144
10.739885,-0.34247273,4.01725
10.9579315,-0.2656033,4.1703906
10.225129,-0.4214359,3.8545382
9.64816,-0.42382872,3.370889
9.64816,-0.42382872,3.370889
9.001799,-0.26081768,2.8465617
8.341081,-0.09810573,2.6240292
7.038787,0.062213387,2.4658036
6.617351,0.08853444,2.312663
6.617351,0.08853444,2.312663
6.5455666,0.17467605,2.032703
6.6628146,0.32093734,1.3980067
6.6556363,0.5386842,1.0007981
6.7441707,0.53629136,1.0079765
7.4072814,0.19621146,0.86919284
8.365009,0.02632105,0.7683952
9.159725,-0.02632105,1.1084751
9.676874,-0.43818563,1.9031913
9.813265,-0.85483587,2.7532415
9.779765,-0.4645067,3.1220353
11.951252,2.1212373,4.6636114
12.763017,2.9590242,5.5280185
12.763017,2.9590242,5.5280185
12.657733,3.141178,5.398806
12.207582,3.0643084,4.817051
12.468401,2.8393831,4.1344986
13.112369,2.5259235,4.005286
13.112369,2.5259235,4.005286
12.648161,2.1068804,3.8330028
11.032109,1.7668004,3.4402807
7.345068,1.1515459,1.7261224
6.2318077,0.80907315,0.907478
6.2318077,0.80907315,0.907478
5.6237316,0.5482555,0.37836507
5.6189456,0.41665024,0.16271193
6.96431,0.04546363,0.36640096
7.345068,-0.42382872,0.31375888
7.345068,-0.42382872,0.31375888
7.254141,-0.48125646,0.11485548
6.576673,-0.0047856453,0.078963146
6.238986,0.49800622,0.1794617
7.184749,0.5697909,0.622433
9.193225,0.39750767,1.4294125
10.861919,0.3807579,2.4323041
11.649756,0.770788,3.1435707
11.970394,1.5251254,3.3732817
12.403794,2.542673,3.7181473
12.892229,2.9829526,4.1297126
12.126227,1.3286148,6.6939216
10.974681,0.8811569,6.5575304
10.974681,0.8811569,6.5575304
9.926026,0.7851449,4.7688956
11.216356,0.72771716,3.696612
14.074882,-0.4884349,5.439484
11.700006,-0.51475596,4.5918264
11.700006,-0.51475596,4.5918264
9.674481,-0.43818563,3.4977086
8.587542,-0.25842485,2.815455
7.3977103,0.0047856453,2.8178477
6.8614187,0.30418757,3.181856
6.8614187,0.30418757,3.181856
6.4208403,0.60329044,3.3876386
6.0714884,0.68225354,3.3589249
6.0882382,0.3711866,1.8026928
6.1695943,0.040677983,0.70618176
6.1695943,0.040677983,0.70618176
6.7872415,0.02632105,0.5721837
8.18794,0.076570325,1.4964114
9.691231,-0.581755,2.8992038
9.068798,-0.7109674,2.2121646
9.068798,-0.7109674,2.2121646
8.989835,-0.3999005,1.7428722
9.459127,0.11006984,1.5275182
9.621839,0.21774685,1.9872392
9.274879,0.0071784677,3.4761732
9.322736,0.57936215,4.840979
11.477174,3.4977086,4.99412
12.679268,4.2329035,4.766503
12.679268,4.2329035,4.766503
14.251951,4.421936,4.3812585
15.779469,4.189533,4.3932223
13.727624,2.0255244,4.199105
11.410174,1.0079765,3.5072799
11.410174,1.0079765,3.5072799
9.303594,0.124426775,2.4945176
7.2876406,-0.5075775,1.4003994
4.9606204,-0.8452646,-0.4645067
5.030012,-0.71336025,-0.83778703
5.030012,-0.71336025,-0.83778703
5.750551,-0.3999005,-0.7181459
6.195915,-0.019142581,-0.2536392
5.2046885,0.4645067,0.47168517
4.666004,0.5602196,1.0366904
4.666004,0.5602196,1.0366904
5.1400824,0.72293156,1.6471593
7.177571,1.0773684,2.341377
12.595221,1.9486549,3.818646
13.306487,1.6328024,3.5479577
13.306487,1.6328024,3.5479577
12.633804,1.2951152,2.8776684
12.650555,2.0350957,3.045166
13.488341,2.9614172,3.9885364
13.3352,2.6431718,5.3342
12.585649,1.6064813,5.8271213
12.063714,0.79471624,4.6372905
12.480365,-0.05742774,4.438686
13.133904,-0.83060855,5.020441
11.901003,-0.51236314,4.091428
10.287343,0.23449662,3.0379875
9.145369,0.9768698,2.2241287
8.62822,1.0342976,2.2624137
8.62822,1.0342976,2.2624137
8.300403,0.8859426,2.5761726
8.036893,0.66071814,3.0355947
7.5197444,0.6774679,3.5407794
7.089036,0.74446696,3.167499
7.089036,0.74446696,3.167499
6.593423,0.47168517,2.1954148
6.2772713,-0.03589234,0.9936196
7.4766736,-0.39750767,0.45254257
8.149654,-0.49800622,1.352543
8.149654,-0.49800622,1.352543
8.532506,-0.7157531,1.9151554
8.769695,-0.8644072,1.6639091
9.052048,-0.8258229,2.0925233
9.020942,-0.6056832,2.2935205
9.020942,-0.6056832,2.2935205
8.985049,-0.4022933,2.1332014
9.928419,0.009571291,2.6096723
11.886645,0.83060855,3.8138602
12.983156,1.7428722,5.2070813
12.57847,2.3198416,5.7577295
11.738291,2.6096723,5.262116
11.309676,2.8800611,4.3645086
11.946466,2.9829526,3.39721
12.961621,2.4729822,2.8752756
12.801302,1.5107684,2.8513472
9.969097,0.55304116,2.4658036
8.848659,0.3400799,1.8577276
8.848659,0.3400799,1.8577276
7.9340014,0.3185445,1.2113664
6.8709903,0.3185445,0.6008976
5.8390856,-0.22492532,-0.06460621
5.9638114,-0.36640096,0.19621146
5.9638114,-0.36640096,0.19621146
6.2365932,-0.04546363,0.5315057
6.7298136,0.63918275,0.68464637
8.463115,2.1882362,1.6734804
9.286844,2.8537402,2.3940191
9.286844,2.8537402,2.3940191
9.679267,2.9183464,2.6216364
9.523733,2.1020947,2.487339
10.476675,0.39750767,0.9625129
11.838789,-0.44775695,0.21774685
11.838789,-0.44775695,0.21774685
12.688839,-1.5466608,-0.30418757
13.04537,-2.2360928,-0.581755
11.163714,-1.1132607,1.8984057
9.437592,-0.22971097,4.4195433
9.437592,-0.22971097,4.4195433
9.099904,0.23688944,5.9135623
10.275378,0.22253251,6.454639
12.566506,0.50039905,7.158428
15.063716,0.81864446,8.338688
14.826528,0.8210373,8.058429
9.954741,0.90029955,3.8425741
8.977871,0.87158567,2.9303105
8.977871,0.87158567,2.9303105
8.434401,0.7468598,2.5088747
7.929216,0.6056832,2.2241287
6.6245294,0.37597227,1.8912272
6.329913,-0.30897322,1.6998014
6.329913,-0.30897322,1.6998014
6.818348,-1.2233306,1.4054842
7.878967,-1.7117655,1.50359
9.794122,-1.879263,2.1547368
10.122238,-2.0207388,1.9319052
10.122238,-2.0207388,1.9319052
10.105488,-2.4394827,1.3405789
10.014561,-2.76042,0.73489565
10.021739,-1.5203397,0.7516454
9.789336,-0.1794617,2.1284158
9.789336,-0.1794617,2.1284158
10.215558,2.178665,4.354937
11.723933,2.9566314,6.320342
11.994323,2.312663,8.130213
10.677672,4.970192,7.2326055
10.677672,4.970192,7.2326055
10.3232355,6.3658056,6.9188466
10.672886,5.3653064,6.2437716
10.627422,2.8393831,4.191926
10.452746,0.13878371,2.5881367
10.339985,-1.5179468,2.1954148
9.483055,-1.4916258,2.1690936
8.616255,-0.8138588,2.0087745
8.616255,-0.8138588,2.0087745
7.6827555,0.08135597,1.8361923
7.0097737,1.0342976,1.6830516
6.387341,2.1379871,1.2209377
6.4881387,2.085345,0.98883396
6.4881387,2.085345,0.98883396
6.930811,1.6974086,0.8428718
7.7353973,1.244866,0.77318084
9.399306,1.0055838,1.082154
10.021739,1.3310076,1.3334004
10.021739,1.3310076,1.3334004
10.452746,1.4581263,1.4581263
10.639387,1.0438689,1.5873387
11.237891,-0.08853444,1.5059828
11.304891,-0.0023928226,0.55064833
11.304891,-0.0023928226,0.55064833
11.115857,0.1363909,-0.4764708
10.823634,0.75643104,0.55064833
12.454043,3.8665023,7.196713
9.789336,4.24726,8.616255
9.789336,4.24726,8.616255
7.615756,4.4602213,7.500602
7.9555373,4.3669014,5.439484
8.702696,3.3230324,3.7516468
9.705587,1.8385851,3.0188448
10.0672035,0.55304116,3.2536407
9.736694,-0.083748795,4.041178
9.396914,-0.08135597,4.4578285
8.760123,0.20338993,4.0890346
8.017751,0.5482555,3.2656047
7.433603,0.8668,2.5402803
7.1919274,0.70618176,2.0877378
7.6133633,0.25842485,2.3365912
7.6133633,0.25842485,2.3365912
8.448758,-0.16031912,2.7029922
9.418449,-0.6367899,2.8082764
9.940384,-1.2496517,2.2169502
9.442377,-1.0271192,2.0255244
9.442377,-1.0271192,2.0255244
9.224331,-0.6439684,2.0901306
9.344272,-0.5051847,2.2552354
10.318449,-1.1611172,2.1212373
10.620244,-1.4150555,2.1212373
10.620244,-1.4150555,2.1212373
10.450354,-1.1754742,2.5881367
10.569995,0.014356935,3.39721
11.604293,0.6128617,5.221438
10.680065,1.1611172,5.7146587
10.680065,1.1611172,5.7146587
9.186047,3.1292138,5.415556
8.65454,5.077869,4.872086
9.341879,5.7194443,4.658826
10.124631,4.898407,4.331009
10.316056,2.9039893,4.0220356
10.17488,0.90029955,3.909573
9.786943,0.0047856453,3.5838501
8.932407,0.043070808,3.1220353
8.125427,0.28983065,2.597708
7.7497544,0.5721837,2.0494525
7.52453,1.189831,1.041476
7.6109705,1.1826526,0.4884349
7.6109705,1.1826526,0.4884349
7.687541,1.0199406,0.13399807
7.8239317,0.9026923,-0.019142581
8.997013,1.096511,-0.15792629
9.849456,1.1922239,0.16271193
9.849456,1.1922239,0.16271193
10.424033,1.3501502,0.9553344
10.457532,1.4653047,1.6591234
10.682458,0.73489565,1.7141583
11.135,1.2640085,1.448555
11.135,1.2640085,1.448555
11.989537,2.5136602,2.5112674
13.086048,3.3661032,4.778766
9.322736,3.7707894,8.010572
6.8446693,3.775575,6.686743
6.8446693,3.775575,6.686743
6.748956,3.205784,4.953442
8.491829,2.003989,3.7277186
10.375877,0.70618176,3.6726837
10.069596,0.43579283,3.9047875
10.069596,0.43579283,3.9047875
9.954741,0.5721837,4.0244284
9.569197,0.87158567,3.6990047
8.707481,1.041476,3.1076784
7.960323,0.9026923,2.6407788
7.7186475,0.47886363,2.3078775
8.348259,-0.23688944,1.8553349
8.985049,-0.39750767,1.9223338
8.985049,-0.39750767,1.9223338
9.552447,-0.6200402,2.1475582
9.957133,-0.7923234,2.2456641
9.70798,-0.45254257,1.8505492
9.001799,-0.12921242,1.6136597
9.001799,-0.12921242,1.6136597
8.432008,0.16271193,1.623231
7.9340014,0.08853444,1.8146569
8.479864,-0.8258229,2.152344
9.55484,-0.85483587,2.2169502
9.55484,-0.85483587,2.2169502
10.351949,-0.58654064,2.5378876
10.663315,-0.11485548,3.114857
10.325628,1.9271195,5.468198
10.675279,1.9247267,6.0690956
10.675279,1.9247267,6.0690956
10.589137,1.2903296,5.683552
10.050453,1.718944,4.776373
10.095917,4.273581,4.2185464
10.682458,3.8760736,4.3908296
10.682458,3.8760736,4.3908296
10.806885,2.0757737,3.9287157
10.366306,0.3807579,3.1244283
9.490233,-0.12921242,2.5402803
8.621041,0.3400799,2.178665
8.235796,0.9840483,2.0422742
8.39133,1.7165512,1.9151554
8.087142,1.7524434,1.8385851
8.087142,1.7524434,1.8385851
7.234998,1.3884354,1.8290138
6.99781,0.9314062,1.6208383
6.8135624,0.51236314,0.95054877
6.3011994,0.43100718,0.40707895
6.3011994,0.43100718,0.40707895
5.884549,0.34486556,-0.069391854
5.6237316,0.22492532,-0.011964113
6.6795645,0.27038896,0.8572287
7.9722867,0.24885355,1.338186
7.9722867,0.24885355,1.338186
9.463913,0.39032918,1.8696918
10.94836,0.6439684,2.2528424
12.2889385,1.218545,2.1619153
12.12862,1.6926229,2.1547368
12.12862,1.6926229,2.1547368
12.241082,2.4179473,2.6096723
12.09512,3.0260234,3.7875392
10.270593,2.1068804,6.8542404
9.743873,1.407877,6.626922
9.743873,1.407877,6.626922
9.746265,1.2424731,5.130511
10.6154585,1.0654043,3.461816
13.457234,-1.1994023,4.2038903
12.238689,-1.8194425,3.9670007
10.158131,-1.6926229,2.9949167
8.563613,-1.2640085,2.231307
7.3570323,-0.7181459,1.8361923
7.3570323,-0.7181459,1.8361923
6.6652074,-0.050249275,1.6423737
6.567102,0.4884349,1.5131612
7.0268226,0.22253251,1.6974086
7.1751776,-0.11485548,1.8337995
7.1751776,-0.11485548,1.8337995
7.5580297,-0.21535404,2.0135603
8.115856,-0.03589234,2.4634109
8.668898,0.8979067,2.7269206
8.659326,0.8979067,1.907977
8.659326,0.8979067,1.907977
8.740981,0.43579283,1.3980067
8.834301,-0.34965122,1.1994023
9.109476,-1.7213368,2.0111675
9.437592,-1.7333009,3.1292138
9.437592,-1.7333009,3.1292138
10.177273,-0.474078,4.2951164
11.26182,1.9968106,5.08744
12.3607235,5.1233325,5.2692947
12.63859,4.7401814,4.7859445
12.63859,4.7401814,4.7859445
13.617554,3.696612,4.261617
14.048561,2.3030918,3.9167516
11.479567,0.6750751,3.19382
9.827921,0.47168517,2.6240292
8.233403,0.3400799,2.0949163
6.9930243,0.4118646,1.4605191
6.279664,0.53629136,0.8330014
6.279664,0.53629136,0.8330014
6.2724853,0.58893347,0.42622152
6.9738817,0.49800622,0.30179477
7.4599237,0.0071784677,0.68464637
6.739385,-0.11246266,0.6966105
6.739385,-0.11246266,0.6966105
5.911169,-0.24646074,0.5458627
5.7577295,-0.45014977,0.4668995
7.95793,0.15792629,1.9151554
9.619446,0.69900334,2.5881367
9.619446,0.69900334,2.5881367
10.936097,0.52193445,2.5064816
11.72154,0.08135597,2.085345
12.650555,1.6591234,2.1762722
12.523436,2.5618157,2.7508488
12.523436,2.5618157,2.7508488
12.250653,2.6288147,3.8138602
11.503495,1.8577276,5.374878
9.626625,0.3472584,6.643672
10.347163,0.1268196,5.6356955
10.347163,0.1268196,5.6356955
12.920943,-0.078963146,5.3123655
14.371891,-0.39750767,5.2573304
10.500603,-0.64636123,3.1579278
8.975478,-0.8138588,2.5402803
8.975478,-0.8138588,2.5402803
7.888538,-0.8042875,2.178665
7.2397842,-0.64875406,2.1714866
6.9332037,-0.31615168,2.4275186
6.8662047,0.15792629,2.5929224
6.9475603,0.4884349,2.5378876
7.3809605,0.148355,2.5232315
7.400103,-0.1052842,2.2097716
7.400103,-0.1052842,2.2097716
7.325926,-0.27517462,1.7165512
7.49103,-0.3281158,1.352543
8.496614,-0.08853444,1.4868401
9.188439,-0.2416751,1.9944177
9.188439,-0.2416751,1.9944177
9.420842,-0.5482555,2.2073789
9.243474,-0.7396813,1.8553349
9.559626,-1.4772689,1.9680966
10.031311,-1.9247267,2.7915268
10.031311,-1.9247267,2.7915268
10.660922,-1.4916258,3.4402807
11.570793,-0.078963146,4.1344986
10.950753,3.2105699,5.604589
10.375877,4.057928,4.833801
10.375877,4.057928,4.833801
10.7279215,4.388437,3.8784664
12.810873,4.304688,3.5790644
14.730814,2.6407788,4.412365
12.298511,1.6304095,3.7516468
12.298511,1.6304095,3.7516468
9.985847,0.62482584,2.6240292
8.111071,-0.19381863,1.4557334
5.252545,-0.541077,-0.73011
4.776373,-0.49082774,-1.2161521
5.154439,-0.55782676,-1.0462617
5.939883,-0.77318084,-0.49082774
6.727421,-0.91226363,0.10289137
6.727421,-0.91226363,0.10289137
7.5942206,-0.65353966,0.6152545
8.4248295,-0.078963146,1.1778669
10.031311,1.1587243,2.4179473
10.203594,1.2352947,2.6168506
10.203594,1.2352947,2.6168506
9.61466,1.2352947,2.5905297
9.08794,1.4318053,2.516053
10.055239,1.759622,2.164308
10.723136,1.7739788,1.879263
10.723136,1.7739788,1.879263
11.486745,1.7404794,1.975275
12.073585,1.3310076,2.8082764
12.300903,0.83778703,6.8446693
10.902597,1.0175478,6.7848487
10.902597,1.0175478,6.7848487
9.81805,1.1300105,5.2573304
10.158131,1.0534402,3.370889
13.452449,-1.4820545,4.1057844
13.01187,-2.408376,4.359723
13.01187,-2.408376,4.359723
10.996217,-2.3318057,3.4881372
9.399306,-1.718944,2.4634109
7.764111,-0.77318084,1.704587
7.5942206,-0.36400816,2.1164517
7.4718876,-0.16031912,2.5184457
7.21107,-0.2440679,2.559423
6.849455,-0.45732823,2.1499512
6.849455,-0.45732823,2.1499512
6.5575304,-0.68464637,1.6160526
6.631708,-0.7851449,1.1850454
7.4886374,-0.17228323,1.1228321
8.202297,0.22492532,1.2855439
8.202297,0.22492532,1.2855439
8.9013,0.5554339,1.2017952
9.274879,0.5937191,1.3357933
9.866206,-0.4214359,2.3030918
10.476675,-0.69182485,2.0255244
10.476675,-0.69182485,2.0255244
11.283355,-0.78035927,1.7093726
11.26182,-0.91465646,1.8266209
9.70798,-0.8979067,2.5354948
9.87817,-0.17706887,3.2201412
9.87817,-0.17706887,3.2201412
10.119845,0.8979067,3.8066816
10.589137,1.6567305,3.6487553
12.324831,2.719742,3.8641095
13.584054,3.4283166,4.4913282
13.584054,3.4283166,4.4913282
14.412569,3.682255,4.8792644
13.871492,3.2703903,4.5942197
10.153345,1.4916258,2.896811
8.5779705,0.64636123,1.8960128
7.2302127,-0.02871387,1.0510473
6.282057,-0.5386842,0.38554356
5.8968124,-0.8955139,0.07178468
5.8968124,-0.8955139,0.07178468
6.1767726,-1.0342976,0.09571291
6.799206,-0.84017986,0.49082774
7.620542,0.09092726,1.3597214
7.1225357,0.44775695,1.218545
7.1225357,0.44775695,1.218545
6.4471617,0.6511469,1.0366904
6.5312095,1.1754742,1.4270196
8.906086,1.5131612,2.2145574
9.499805,0.285045,2.1284158
9.499805,0.285045,2.1284158
10.08156,-0.5673981,1.9151554
11.012966,-0.48364928,1.8481563
11.924931,1.0175478,2.5184457
12.121441,1.6686947,3.1866415
12.121441,1.6686947,3.1866415
12.39183,1.6639091,3.9670007
12.42533,1.4174483,5.2405806
11.558829,2.1499512,6.2054863
10.8714905,1.8960128,4.7859445
10.8714905,1.8960128,4.7859445
11.52533,0.20578274,4.01725
12.097513,-1.879263,3.6918263
10.007382,-1.9680966,2.4945176
9.380164,-1.0247263,2.4323041
8.8701935,-0.17706887,2.5259235
8.410473,0.38554356,2.6599214
8.046464,0.7181459,2.7771697
8.046464,0.7181459,2.7771697
7.838289,0.8811569,2.8752756
7.5699935,0.90029955,2.8872397
6.7369924,0.44057846,1.9510478
6.775277,-0.023928227,1.3142579
6.775277,-0.023928227,1.3142579
7.280462,-0.4549354,1.1563315
7.73779,-0.6439684,1.5538392
8.35783,-0.031106694,2.547459
8.815159,0.40468612,2.382055
8.815159,0.40468612,2.382055
8.997013,0.37357944,2.070988
9.018549,-0.038285162,2.0662024
9.274879,-0.6439684,1.5203397
9.851849,-1.0797613,1.8002999
9.851849,-1.0797613,1.8002999
10.412068,-1.1347961,3.1244283
10.7590275,0.023928227,4.2185464
12.430116,2.7795627,4.76411
12.107084,2.8585258,4.54397
12.107084,2.8585258,4.54397
11.362318,2.6048865,3.682255
11.144571,2.3365912,2.8728826
11.400603,1.6663018,2.5809584
11.065608,1.4605191,2.7173493
10.263414,1.2592229,2.5929224
9.346664,1.16351,2.1475582
8.341081,1.1922239,1.7261224
8.341081,1.1922239,1.7261224
7.3307114,1.230509,1.3669
6.6891356,1.1587243,1.0103694
6.5479593,0.78753775,0.7612167
6.9092755,0.29940194,0.69182485
7.3977103,-0.38793638,0.38554356
7.11775,-0.7372885,0.05503492
7.11775,-0.7372885,0.05503492
7.036394,-0.77796644,0.011964113
7.2637124,-0.5482555,0.4118646
8.874979,0.24885355,1.9824536
9.945169,0.7923234,2.7388847
10.981859,1.4700904,3.1627133
11.877074,2.1379871,2.992524
12.413365,2.3653052,2.679064
12.413365,2.3653052,2.679064
12.667304,2.0015962,3.0619156
13.035799,1.3621143,4.9845486
11.556436,0.67028946,7.426424
10.730314,0.37357944,5.7553368
10.730314,0.37357944,5.7553368
12.071192,-0.31136605,4.4913282
12.923336,-0.8282157,4.153641
9.842278,-0.7325028,3.112464
8.738588,-0.62721866,2.923132
8.738588,-0.62721866,2.923132
7.8717885,-0.3185445,2.6862426
7.294819,-0.023928227,2.4011974
6.9020967,0.32333016,2.3916261
6.7561345,0.1794617,2.2265215
6.7561345,0.1794617,2.2265215
6.524031,-0.1363909,1.7739788
6.600601,-0.24646074,1.4198412
7.850253,0.1052842,1.4916258
8.652147,0.27038896,1.7021942
8.652147,0.27038896,1.7021942
9.35145,0.27996024,1.9920249
9.595518,0.009571291,2.43709
8.772088,-0.31136605,1.9462621
9.018549,-0.50039905,1.3812568
9.810872,-0.9912268,1.6016957
10.639387,-1.3286148,2.7388847
11.757433,-0.6798607,3.9430726
11.757433,-0.6798607,3.9430726
12.444472,0.8042875,5.032405
11.518151,2.8537402,5.329115
11.518151,2.8537402,5.329115
10.428819,2.7771697,3.1603205
10.845169,2.288735,2.3389843
10.845169,2.288735,2.3389843
11.230713,1.6495521,2.1571295
11.166107,1.1060823,2.12363
9.861421,0.9098708,1.9414765
8.786445,1.1682956,1.9103698
8.786445,1.1682956,1.9103698
7.4718876,1.3214363,1.5155541
6.2988067,1.1802598,0.79471624
5.966204,0.42622152,-0.2727818
6.512067,0.29940194,-0.34965122
6.9738817,0.34965122,-0.2536392
7.5990067,0.5602196,0.11724831
8.458329,0.8811569,0.74446696
8.458329,0.8811569,0.74446696
9.365807,1.1611172,1.623231
10.0265255,1.4964114,2.798705
10.953146,1.7356937,2.2002003
11.271391,0.8500503,0.87158567
11.271391,0.8500503,0.87158567
11.616257,-0.4022933,0.3687938
11.9560375,-1.582553,0.7085746
11.266605,-1.8625133,5.685945
11.237891,0.04546363,7.8143606
11.237891,0.04546363,7.8143606
12.133406,1.8170497,8.510971
13.756637,2.7173493,9.193225
12.133406,2.6982067,6.875776
10.5125675,2.2983062,4.65404
10.5125675,2.2983062,4.65404
9.370592,1.7931215,3.5288153
9.02812,1.1970096,3.3397822
8.558827,0.45254257,3.4139597
7.8741813,0.09571291,2.8657043
7.8741813,0.09571291,2.8657043
7.2637124,-0.6750751,2.0638096
7.199106,-1.582553,1.3166506
8.398508,-1.9992033,1.3190435
8.810373,-1.5873387,1.9848464
8.839087,-1.015155,2.5737798
8.822337,-0.37597227,2.8393831
8.829515,-0.19381863,2.6551359
8.829515,-0.19381863,2.6551359
8.889337,-0.4645067,2.0949163
9.138189,-0.51236314,1.6734804
10.797313,2.1260228,4.436293
12.925729,1.4222339,6.253343
12.925729,1.4222339,6.253343
13.342379,0.7253244,7.2493553
12.154941,2.9973094,7.3785677
10.601102,6.937989,6.5694947
10.572388,5.2477593,5.113761
10.572388,5.2477593,5.113761
10.412068,2.5354948,3.7133617
10.138988,0.4621139,3.4570305
9.142975,-0.285045,3.816253
8.451151,0.24646074,3.3900316
8.451151,0.24646074,3.3900316
7.6492558,0.92183495,2.5929224
6.77767,1.4533406,1.8218354
5.482555,1.7907287,1.0749756
5.4370914,1.4772689,0.95054877
5.4370914,1.4772689,0.95054877
6.066703,1.0725827,0.7109674
7.402496,0.78753775,0.40707895
10.682458,0.29940194,0.6678966
11.453245,0.0023928226,1.1036894
11.704791,0.22013968,1.5753746
12.102299,0.9529416,1.6615162
12.396616,1.4844474,1.2329018
11.89861,1.6519449,0.58893347
10.92174,1.6136597,-0.08135597
10.371092,1.5945172,-0.021535404
10.900205,2.3724837,2.4538395
12.521043,4.1344986,6.241379
12.521043,4.1344986,6.241379
11.240284,5.3653064,8.405686
7.498209,5.506483,8.147262
7.038787,3.4977086,4.615755
8.48465,1.7907287,3.6894333
8.48465,1.7907287,3.6894333
9.839885,0.3592225,3.6436708
10.4001045,-0.55064833,4.0962133
9.815658,0.0741775,4.3525443
8.99462,0.7636095,3.7109687
8.99462,0.7636095,3.7109687
8.140083,1.4027922,2.8896325
7.50778,1.625624,2.4658036
7.6013994,0.5602196,2.5136602
8.022536,-0.21774685,2.5546372
8.022536,-0.21774685,2.5546372
8.508578,-0.8811569,2.5689943
9.032906,-1.3621143,2.5833511
9.497412,-1.3645071,2.3246272
9.353843,-0.96490574,2.1595225
9.262916,-0.4429713,2.1020947
9.183653,-0.12921242,2.3341985
9.18126,-0.34486556,2.6312077
9.813265,-0.7516454,2.801098
10.761421,-0.7827521,2.8585258
11.178071,-0.49800622,2.951846
10.972288,-0.11246266,2.9709885
10.320843,0.689432,3.246462
10.320843,0.689432,3.246462
9.866206,2.4586253,4.0268216
10.036097,3.2249267,5.073083
9.633803,1.9558334,5.604589
9.253045,3.2033913,5.300401
9.253045,3.2033913,5.300401
9.68166,4.6779685,5.0682974
10.198809,4.8625145,4.6971107
10.682458,1.3621143,3.4737802
10.100702,0.023928227,2.975774
10.100702,0.023928227,2.975774
9.126225,-0.076570325,2.5666013
8.2094755,0.47886363,2.2456641
7.3522468,1.6495521,2.003989
7.251748,2.056631,1.9055841
7.251748,2.056631,1.9055841
7.3402824,2.1308086,1.6567305
7.574779,1.8337995,1.2783655
8.106285,0.7923234,0.41665024
8.554042,0.44775695,0.12921242
9.221938,0.33529428,0.09092726
9.997811,0.54346985,0.5243273
10.754242,1.1778669,1.2999009
11.017752,1.6854445,1.9462621
11.091929,1.5777674,2.1667008
11.166107,1.2544373,1.7069799
11.412567,1.5873387,1.352543
11.800504,2.4658036,2.7532415
11.800504,2.4658036,2.7532415
12.090335,3.2033913,5.3533425
11.223535,3.8330028,7.069894
6.631708,4.3501515,5.6189456
7.3642106,3.3469608,4.4674
7.3642106,3.3469608,4.4674
9.449555,2.0662024,3.909573
10.878669,1.0797613,3.9813578
10.725529,0.12921242,4.35733
10.191629,0.47886363,3.9454653
10.191629,0.47886363,3.9454653
9.286844,0.8979067,3.1459637
8.329117,1.096511,2.2911277
7.3115687,0.4645067,1.7093726
7.41446,-0.07178468,1.8481563
7.41446,-0.07178468,1.8481563
7.9316087,-0.48125646,2.0183458
8.640183,-0.7923234,2.1379871
9.542876,-0.77318084,2.2648067
9.327521,-0.14356937,2.42034
9.327521,-0.14356937,2.42034
8.819944,0.6798607,2.542673
8.235796,1.1826526,2.5136602
7.582257,-0.24646074,2.1332014
8.137691,-0.98644114,2.3605196
9.21476,-1.2017952,3.0236306
10.277771,-0.91226363,4.1632123
11.051251,0.74207413,5.5112686
11.115857,2.65035,6.4328046
10.593924,2.612065,6.468996
10.184451,2.097309,5.1568317
9.978668,3.054737,3.7588253
10.424033,4.6971107,3.6412778
10.424033,4.6971107,3.6412778
11.733505,5.209474,4.5128636
12.554543,3.6317065,5.317151
10.14138,0.62482584,3.612564
8.40808,0.8811569,2.4586253
8.40808,0.8811569,2.4586253
7.1656065,1.230509,1.7285153
6.107381,1.1300105,1.50359
6.198308,0.6942177,1.326222
6.48096,0.7468598,1.3286148
6.48096,0.7468598,1.3286148
6.9116683,0.7468598,1.189831
7.469495,0.6343971,0.8979067
7.41446,0.23928227,0.58654064
7.3402824,0.18903299,0.6798607
7.3402824,0.18903299,0.6798607
7.292426,0.06699903,0.8042875
7.3642106,0.19860429,1.1252248
8.851051,0.9912268,2.5450659
9.7654085,1.2329018,2.9590242
10.720743,1.759622,3.098107
11.3168545,2.798705,3.4307094
11.410174,3.761218,4.041178
11.063215,3.4019957,5.286044
11.221142,2.2624137,7.4623165
11.566008,1.5179468,8.68804
11.58515,1.1371889,7.697112
12.949657,0.6415756,6.346663
12.949657,0.6415756,6.346663
14.09881,-0.38315073,5.4466624
12.399009,-1.3429717,4.0890346
9.049655,-1.852942,2.559423
8.5014,-1.5323038,2.6192434
8.5014,-1.5323038,2.6192434
7.986644,-1.0845468,2.949453
7.6803627,-0.581755,3.4259238
7.1273212,0.6200402,3.8353956
6.9619174,0.8210373,3.3732817
6.9619174,0.8210373,3.3732817
6.8279195,0.5075775,2.5618157
6.98106,-0.069391854,1.8457636
8.338688,-0.5482555,1.6615162
8.678469,-0.52193445,2.0901306
8.678469,-0.52193445,2.0901306
8.525328,-0.4860421,2.4681966
8.197512,-0.2727818,1.9968106
9.123833,0.23688944,1.3453646
10.050453,-0.078963146,2.1762722
9.981061,-0.60807604,2.449054
9.803694,-1.0749756,2.03031
10.203594,-1.407877,2.43709
10.94836,-1.1300105,3.5144582
11.642578,0.13399807,4.328616
12.068799,1.6471593,4.5798626
12.07837,2.3318057,4.395615
11.438889,2.0685952,3.8736808
11.438889,2.0685952,3.8736808
10.770992,1.730908,3.112464
11.319247,1.8361923,2.5522444
13.452449,1.4581263,2.4681966
12.786945,1.0175478,2.1451654
12.786945,1.0175478,2.1451654
11.084751,0.7325028,1.7548363
9.104691,0.5482555,1.3884354
6.36102,0.009571291,0.42622152
5.788836,-0.5051847,-0.10767702
5.788836,-0.5051847,-0.10767702
5.81755,-0.933799,-0.37357944
6.320342,-0.90508515,-0.2440679
7.3546395,0.14117654,0.38793638
7.3307114,0.46929234,0.56500524
7.3307114,0.46929234,0.56500524
7.292426,0.7396813,0.85244304
7.498209,0.98883396,1.2640085
8.398508,1.1539388,1.8266209
9.490233,1.1706885,1.8433708
10.763814,0.8428718,1.611267
11.566008,0.18664017,1.1060823
11.819647,-0.10289137,0.7540382
11.989537,0.30418757,0.90508515
12.434901,0.9816555,1.6830516
13.191631,1.4533406,3.4761732
13.5074835,1.6950158,5.64766
12.4731865,1.3214363,6.2724853
12.4731865,1.3214363,6.2724853
11.056037,0.26799613,5.1999025
10.481461,-0.8811569,3.696612
11.05843,-2.3748765,2.219343
11.280962,-2.4251258,2.475375
11.280962,-2.4251258,2.475375
10.962717,-2.0901306,2.7508488
9.916455,-1.4318053,2.6288147
7.764111,0.076570325,2.0279171
7.6109705,0.4884349,2.0279171
7.6109705,0.4884349,2.0279171
7.64447,0.5315057,2.0087745
7.450352,0.24646074,1.9247267
7.234998,-0.84765744,1.7165512
7.4359956,-1.244866,1.2329018
7.4359956,-1.244866,1.2329018
7.878967,-1.4102699,0.93619186
8.451151,-1.3477573,1.0582259
8.985049,-0.6726823,1.4988043
9.138189,-0.27038896,1.3980067
9.279665,-0.19860429,1.2568301
9.435199,-0.541077,1.1659029
9.341879,-0.90029955,1.4150555
9.078369,-0.8883354,2.2097716
9.418449,-0.29940194,3.4666018
10.902597,0.9290134,4.8026943
12.78216,2.3365912,5.63091
13.6199465,3.1914272,5.9781685
13.090834,3.2392836,5.764908
12.322438,2.894418,4.936692
12.119048,2.396412,4.0363927
12.09512,1.6447664,3.289533
11.644971,0.9601201,2.798705
11.644971,0.9601201,2.798705
10.785349,0.7468598,2.4275186
9.875777,0.8811569,1.9920249
8.024929,1.0869397,1.4724833
6.966703,0.933799,1.2735798
6.966703,0.933799,1.2735798
6.3370914,0.5027919,0.94337034
6.279664,-0.17228323,0.6415756
6.847062,-1.1156535,0.11485548
6.6101727,-1.3621143,-0.20338993
6.6101727,-1.3621143,-0.20338993
6.2605214,-1.0295119,-0.11006984
6.389734,-0.18185452,0.39511484
9.162118,0.6559325,1.8840487
10.639387,0.64636123,2.7173493
10.639387,0.64636123,2.7173493
11.053644,0.92183495,3.1555347
11.252249,1.6830516,3.030809
11.276176,3.0885358,2.4993033
11.542079,2.3150558,2.9685955
12.379867,0.91226363,4.7018967
12.696018,0.31136605,6.4881387
12.324831,0.61046886,6.940382
12.602399,0.7516454,6.3107705
13.114761,-0.20578274,5.657231
12.265011,-1.3477573,4.74736
10.620244,-1.5011971,3.5527434
9.473484,-1.1228321,2.8465617
9.473484,-1.1228321,2.8465617
8.752945,-0.8138588,2.6982067
8.060822,-0.62961143,2.815455
7.493423,-0.12203395,3.0140593
7.780861,-0.02632105,3.2823544
7.780861,-0.02632105,3.2823544
7.8311105,0.038285162,3.4283166
7.565208,0.14356937,3.114857
7.091429,-0.2440679,2.1020947
7.428817,-0.5243273,1.7069799
7.428817,-0.5243273,1.7069799
8.003393,-0.5195416,1.4318053
8.367402,-0.3400799,1.3884354
8.68804,-0.6367899,1.7644076
8.752945,-0.4621139,1.5394822
8.752945,-0.4621139,1.5394822
9.15494,-0.22253251,1.3836497
9.739087,-0.38554356,1.7165512
9.490233,-0.6942177,2.5040889
9.377771,-0.38554356,2.8226335
10.380663,0.23928227,3.7588253
11.664113,1.2975081,4.927121
12.162119,2.4059832,5.508876
11.965609,2.8585258,5.432306
11.216356,2.652743,4.8026943
10.692029,2.3724837,3.7301114
11.249856,2.0949163,2.896811
12.286546,1.5849459,2.487339
12.286546,1.5849459,2.487339
12.65534,0.92662054,2.2576282
11.970394,0.30418757,1.9103698
9.250652,-0.4214359,1.4150555
8.012965,-0.4956134,1.3669
8.012965,-0.4956134,1.3669
6.942775,-0.52193445,1.1012967
6.5886374,-0.6583253,0.6200402
7.069894,-0.88354975,0.2105684
6.6652074,-0.86919284,0.20817557
6.6652074,-0.86919284,0.20817557
6.0427747,-0.7683952,0.15314065
5.7577295,-0.6056832,0.34486556
8.075178,0.4429713,1.7524434
9.590733,0.8500503,2.6192434
9.590733,0.8500503,2.6192434
10.40489,1.096511,3.0885358
10.989038,1.2640085,2.9877381
10.94836,1.2065809,1.7165512
11.237891,1.3238292,1.7620147
11.69522,1.1419746,3.4354951
12.133406,0.74446696,6.143273
11.994323,0.28265217,7.7665043
12.001501,0.11246266,7.50778
13.816457,0.22731815,6.847062
14.620745,0.083748795,6.43759
12.317653,0.09571291,4.848158
9.808479,-0.023928227,2.719742
8.927621,-0.6511469,1.4700904
8.635398,-1.1060823,1.1754742
8.379366,-1.1611172,1.5394822
8.333902,-1.0654043,2.0901306
8.4655075,-0.933799,2.6192434
8.4655075,-0.933799,2.6192434
8.556435,-0.6559325,2.9662027
8.367402,-0.36161533,2.992524
7.9148593,-0.21535404,2.612065
7.780861,-0.27038896,2.1978076
7.780861,-0.27038896,2.1978076
7.8023963,-0.4022933,1.6208383
7.9746795,-0.4860421,1.1515459
8.134998,-0.124426775,1.2592229
7.998608,0.050249275,1.2017952
7.998608,0.050249275,1.2017952
7.8311105,-0.0526421,1.0247263
8.036893,-0.35443684,1.0749756
9.133404,-0.97926265,1.8840487
9.439984,-0.9242278,1.989632
9.674481,-0.5099703,1.6208383
10.095917,-0.15314065,1.7572291
10.196416,-0.0526421,2.7293134
9.550055,0.038285162,4.0220356
9.209974,0.6367899,4.6205406
9.416057,1.623231,4.5559344
9.902099,2.5450659,4.3405805
10.713564,3.153142,4.1703906
11.309676,3.3756745,4.2687955
12.049357,3.330211,4.6636114
12.887444,2.9877381,5.2310095
12.652947,2.379662,4.939085
11.017752,1.4581263,3.6726837
11.017752,1.4581263,3.6726837
8.980264,0.6583253,2.382055
7.4599237,0.40707895,1.3453646
6.79442,-0.7181459,-0.25124636
7.2637124,-1.8409779,-0.6678966
7.2637124,-1.8409779,-0.6678966
7.9794655,-2.5498517,-0.474078
9.02812,-2.2791636,0.14117654
10.261022,0.21774685,1.6686947
9.746265,1.2520444,2.1906292
9.746265,1.2520444,2.1906292
9.068798,1.8433708,2.4538395
8.879765,2.14038,2.5546372
8.697611,2.1619153,2.2983062
9.078369,2.2169502,2.3916261
9.078369,2.2169502,2.3916261
10.124631,2.4825535,3.0738797
11.063215,2.3318057,4.206283
12.629019,0.689432,7.242177
12.8467655,0.8859426,6.710671
13.473985,0.6343971,6.133702
14.060525,-0.4884349,6.0020967
12.186048,-0.9625129,4.345366
9.698409,-0.77796644,2.260021
8.422437,-0.811466,1.3022938
7.8813596,-0.79710907,1.244866
7.7736826,-0.6152545,1.8146569
7.9746795,-0.38315073,2.695814
7.9746795,-0.38315073,2.695814
8.118249,-0.18664017,3.4833515
8.015358,-0.09571291,3.844967
7.0196443,0.047856454,2.8178477
6.674779,0.2970091,1.7787645
6.674779,0.2970091,1.7787645
6.9499536,0.38793638,1.338186
7.3402824,0.2727818,1.570589
7.428817,0.49082774,1.9390837
7.859824,-0.047856454,1.2807583
7.859824,-0.047856454,1.2807583
8.032107,-0.13160525,0.8428718
8.7984085,-0.663111,1.582553
9.006584,-1.3214363,2.6216364
9.451948,-0.84765744,3.301497
9.451948,-0.84765744,3.301497
10.94836,0.24885355,4.2951164
12.6625185,1.907977,5.0970116
12.523436,4.0292144,4.733003
12.5042925,3.6029928,3.868895
13.426127,2.7532415,4.151248
13.380664,1.9151554,2.734099
12.877872,1.4988043,1.5275182
12.434901,0.7923234,2.3389843
10.809278,0.9098708,2.4634109
9.296415,1.5179468,2.1164517
8.152048,1.3166506,1.3501502
6.7704916,1.0510473,0.72053874
6.238986,0.6678966,0.20578274
6.2437716,0.35204405,0.0741775
6.248557,0.19860429,0.22013968
6.600601,0.25124636,0.5769694
6.937989,0.35204405,0.8258229
6.937989,0.35204405,0.8258229
7.5580297,0.55304116,0.93619186
8.118249,0.87637126,0.8811569
8.257332,1.0606186,1.2089736
8.240582,0.57457656,1.6878372
8.240582,0.57457656,1.6878372
9.286844,0.42382872,1.7715861
10.6154585,0.6678966,1.6926229
12.042179,0.20338993,-0.5673981
11.257034,-0.6415756,-1.2209377
11.257034,-0.6415756,-1.2209377
10.866705,-1.1994023,-0.85483587
11.539686,-1.338186,-0.021535404
11.225927,0.7636095,2.1762722
9.909277,0.45732823,5.2334023
12.159726,-0.0741775,6.25095
15.702899,-1.16351,7.1345
15.556936,-1.5011971,7.103393
12.556935,-0.96490574,5.539983
11.099108,-0.89312106,3.9957147
10.986645,-0.65353966,3.3397822
10.919347,-0.4956134,2.612065
10.150951,-0.49800622,2.0685952
9.260523,-0.014356935,2.4586253
8.274081,0.2321038,2.3318057
6.710671,-0.4118646,1.785943
5.2070813,-1.3740784,1.8864416
5.128118,-1.5586249,2.0063818
5.128118,-1.5586249,2.0063818
6.808777,-1.2089736,1.9295124
8.647362,-0.948156,2.0087745
9.107083,-0.64875406,2.0374885
9.267701,-0.9194421,2.4107687
9.267701,-0.9194421,2.4107687
9.430413,-1.1946167,1.9728823
9.430413,-1.218545,1.4964114
10.241879,-0.4022933,2.1571295
9.880563,0.6439684,2.4346972
9.880563,0.6439684,2.4346972
10.122238,1.2568301,2.585744
11.283355,1.2520444,4.2975097
11.649756,1.730908,7.996215
10.692029,0.90508515,6.5072813
9.569197,1.2257234,4.9007998
9.471091,1.7404794,4.412365
10.012168,1.2281163,4.0770707
10.455139,0.09810573,4.182355
10.672886,-0.8234301,4.2014976
10.304092,-0.7325028,3.4163525
9.518948,0.37357944,3.071487
8.4679,1.5514464,2.8082764
7.704291,1.989632,2.0518453
7.6660056,1.7356937,1.5299109
7.3785677,1.4102699,0.60807604
7.153642,1.2424731,1.3573287
7.9555373,1.1084751,4.158427
7.9555373,1.1084751,4.158427
8.3530445,0.9529416,5.6213384
7.8071823,0.9912268,4.112963
11.297712,-0.6870392,4.955835
12.999907,-0.11964113,5.5256257
12.999907,-0.11964113,5.5256257
15.497116,1.2783655,5.6093745
18.77678,1.2687942,4.845765
13.960027,-0.3065804,3.0667014
12.652947,0.6415756,0.8979067
12.652947,0.6415756,0.8979067
18.195023,3.1890345,-3.8617167
24.398117,2.626422,4.206283
15.1498575,5.59741,7.7569327
13.019049,5.211867,5.5543394
13.019049,5.211867,5.5543394
12.183655,1.3453646,4.625326
8.788837,-4.469793,-1.5275182
-0.53389853,-9.29163,-3.8042889
-3.6631124,-7.859824,1.5346966
-5.343771,-4.1033916,7.096215
-4.699504,-1.1012967,9.743873
-4.002893,-0.7755736,9.047262
-4.692325,-0.7325028,6.485746
-5.6931233,0.6152545,5.9327044
-5.3772707,2.2983062,7.8957167
-4.4841495,3.1244283,10.861919
-3.9191444,1.730908,10.550853
-4.503292,-0.6559325,7.5774713
-6.7585278,-1.9247267,6.0690956
-8.85823,-1.7979071,3.2775688
-8.214261,0.1052842,2.868097
-5.374878,0.29940194,5.183153
-5.374878,0.29940194,5.183153
-4.1847477,-1.2424731,6.9355965
-3.4019957,-1.7524434,9.839885
0.03589234,-0.22492532,14.168202
1.0773684,-0.038285162,14.82892
1.0773684,-0.038285162,14.82892
0.9553344,-0.0071784677,13.91217
0.21535404,-0.663111,12.0278225
-0.5267201,1.5227325,13.1027975
-2.032703,2.7245276,14.266308
-2.032703,2.7245276,14.266308
-0.75643104,2.896811,14.486747
3.9000018,0.474078,12.580863
2.1667008,1.3214363,6.0379887
2.003989,1.9800607,3.2727833
1.7021942,2.1140587,4.2831526
0.5697909,2.5378876,8.752945
0.27038896,2.1690936,11.707184
0.6439684,1.7117655,12.2889385
1.3429717,1.4294125,13.450056
1.1730813,1.3142579,13.60559
0.689432,1.2951152,10.500603
0.22971097,1.434198,7.3570323
0.06460621,1.1419746,6.291628
-0.17467605,0.7636095,6.102595
-0.7396813,0.5769694,6.969096
-0.2632105,0.36400816,9.643374
1.0103694,-0.33050862,11.197213
2.097309,-1.5753746,11.690434
1.6758732,-2.1284158,13.035799
1.1204392,-1.6926229,14.98236
2.5112674,-1.1587243,16.526329
1.8553349,-1.7691933,16.12912
-0.16031912,-1.9944177,13.342379
-0.5243273,-1.0462617,9.985847
0.0071784677,0.44057846,7.7090764
1.2687942,2.1427727,8.23101
1.5466608,3.330211,11.127822
0.72771716,3.5623147,11.740684
0.4621139,2.5402803,9.993026
1.1946167,1.7165512,7.95793
1.785943,1.7380866,6.444769
1.8409779,1.7955143,6.8853474
2.0733807,1.5155541,8.644969
2.5953152,1.3501502,10.194023
2.3653052,1.7069799,10.131809
1.1108679,2.9015965,8.005786
0.70378894,3.6990047,5.616553
1.1036894,3.670291,4.7138605
1.1994023,3.816253,5.925526
0.98644114,3.7803607,8.369795
0.35443684,3.4067812,10.548459
0.043070808,3.4426737,10.778171
0.53389853,3.6750765,8.9108715
0.9529416,3.6173496,7.440781
0.663111,3.6364923,7.900502
0.25603202,3.964608,9.284451
0.2727818,4.3788652,10.158131
0.59611195,4.4243293,9.803694
0.89312106,4.1703906,8.750552
1.1108679,4.0794635,8.252546
1.16351,4.2951164,8.40808
1.1228321,4.610969,8.76491
1.1036894,4.634897,9.346664
1.1539388,4.4482574,9.942777
1.2616158,4.505685,9.978668
1.1371889,4.5918264,9.5404825
0.95054877,4.551149,9.219545
0.8572287,4.4913282,9.3155575
0.8066803,4.4075794,9.736694
0.8428718,4.429115,9.712767
0.72771716,4.558327,9.138189
0.32093734,4.610969,9.016156
-0.10767702,4.5128636,9.358628
-0.19860429,4.240082,10.040882
0.18185452,3.7731822,11.108679
0.42382872,3.3230324,11.759826
0.20817557,3.1627133,11.24507
-0.20817557,3.2679975,9.753445
-0.5482555,3.4594233,8.108678
-0.8572287,3.7133617,7.0172515
-0.95772725,4.098606,6.643672
-0.53389853,4.2759743,7.234998
-0.2105684,4.048357,8.479864
-0.2970091,3.9358943,9.420842
-0.40707895,4.0890346,9.748658
-0.33050862,4.1847477,9.504591
-0.2416751,4.208975,8.930014
-0.285045,4.2951164,8.278867
-0.4118646,4.4339004,7.919645
-0.6367899,4.5535417,8.056036
-0.8452646,4.6061835,8.417651
-0.95772725,4.7018967,8.494222
-1.0295119,4.9103713,8.23819
-1.1491531,5.2429733,8.058429
-1.1371889,5.276473,8.276474
-0.98883396,5.0515475,8.99462
-0.9409775,5.0946183,9.815658
-0.85244304,5.2070813,9.923634
-0.6774679,5.226224,9.243474
-0.61764735,5.3219366,8.448758
-0.5051847,5.389235,8.207083
-0.31615168,5.250152,8.518149
-0.31615168,5.252545,8.585149
-0.9625129,5.532804,8.103892
-1.3764713,5.293223,8.183154
-0.70618176,4.9989057,8.274081
-0.62721866,5.5016975,7.7569327
-0.9242278,5.942276,8.024929
-0.3065804,5.3676996,9.791729
0.27756742,4.5559344,11.563615
0.34486556,4.412365,11.609078
0.3472584,4.3405805,10.897812
0.4022933,4.148855,10.14138
0.5985048,3.993322,9.075976
