-0.5315057,2.7173493,9.0951185
-0.7755736,2.8920252,8.084749
-0.45732823,3.4737802,6.6795645
0.392722,3.885645,6.882954
1.5681962,3.8904305,8.278867
2.4394827,3.598207,8.676076
3.2656047,3.260819,8.108678
3.3565319,3.4546378,7.534101
2.597708,4.091428,7.4072814
2.4275186,4.9725847,7.8957167
2.5666013,5.6668024,8.949157
1.6567305,5.7003016,9.727123
0.5171488,5.1209397,9.396914
1.1706885,4.733003,9.195618
2.719742,4.65404,10.529317
3.5359936,4.651647,12.006287
3.0116663,4.766503,11.082358
2.2097716,5.073083,8.235796
2.2767708,5.5423756,6.018846
2.3916261,5.4466624,5.7553368
2.2576282,4.9773703,7.004988
2.3485553,4.5678983,8.111071
2.4681966,4.5655055,8.522935
3.0690942,4.922335,9.739087
3.8258243,4.35733,11.304891
3.112464,3.370889,10.677672
1.2329018,3.464209,8.195119
-0.90029955,3.4737802,7.4240313
-0.4764708,3.1100712,8.750552
2.300699,3.586243,7.819146
2.844169,3.9981074,5.130511
3.0403802,3.749254,6.0116677
2.8250263,3.5838501,9.997811
1.8840487,3.289533,12.631412
2.4801607,1.907977,9.789336
1.0462617,1.2568301,5.8127646
0.016749758,1.3645071,6.0834527
2.2169502,1.0055838,8.7984085
2.353341,0.4884349,11.252249
0.41665024,-0.11724831,11.55165
-0.95772725,0.019142581,11.616257
-3.083451,1.5849459,11.527722
-3.6559339,4.1847477,10.229915
-1.230509,4.7569313,9.15494
1.1300105,3.1100712,9.245867
2.2624137,2.5498517,8.944371
3.8330028,4.922335,6.7226353
6.1456656,6.4642105,5.432306
5.034798,6.0427747,6.3801622
3.0236306,5.884549,6.99781
3.8234315,5.468198,5.5710893
4.7569313,5.7338014,3.0236306
3.8090746,7.069894,2.2217357
1.3597214,8.580363,3.3661032
1.4844474,9.624231,5.266902
3.9741793,10.040882,7.5580297
3.775575,10.445568,10.119845
0.17228323,10.7016,11.769398
-1.407877,9.277272,13.076477
-0.32333016,7.443174,18.492033
-0.69900334,4.2352962,20.962622
-3.9000018,1.7524434,10.339985
-4.5631127,3.7181473,2.4227328
-2.5402803,7.620542,-2.2456641
-4.3525443,10.823634,-9.31795
-4.749753,11.333605,-5.7409797
-0.75643104,10.7016,3.3852458
4.4913282,10.680065,4.7715874
5.238188,10.7351,1.6854445
3.05713,9.68166,4.5655055
6.5144596,10.658529,11.781362
7.740183,12.5138645,9.667302
3.7707894,11.668899,-1.4003994
1.8864416,8.410473,-5.235795
-2.9733813,3.251248,5.384449
-10.890634,-0.60807604,16.653448
-13.759029,-2.9327033,17.771494
-10.782956,-4.0555353,10.720743
-4.1057844,-1.2065809,0.70378894
1.9606191,4.965406,-3.4522448
6.567102,10.263414,-2.2671995
7.5699935,11.02493,-0.42861435
3.0957143,8.223832,2.0422742
0.24646074,5.1592245,4.6085763
2.5642085,3.1555347,3.4211383
6.765706,1.5658033,0.7588239
8.810373,-0.25842485,0.42861435
7.7066836,-0.30418757,1.0175478
17.180168,-0.10289137,5.0180483
15.686149,4.191926,4.100999
-3.5647075,3.9550366,-3.7444685
9.854242,3.0140593,0.86919284
19.066608,5.911169,12.298511
8.551649,6.0212393,10.304092
9.93799,6.4977098,4.781159
9.552447,5.152046,2.9662027
8.518149,3.6460636,0.39032918
9.607482,2.6336005,1.5777674
11.99193,1.9223338,6.48096
12.372687,1.9199411,13.01187
2.7388847,2.1547368,20.491236
6.17438,3.1244283,5.211867
12.245868,5.4466624,-7.8430743
6.8255267,5.3629136,-2.312663
17.201702,3.3876386,5.944669
17.120346,3.5527434,9.823135
7.8023963,4.65404,4.685147
8.772088,3.9406798,4.153641
9.257831,2.4394827,3.5288153
8.3219385,1.2592229,4.354937
7.8335032,0.7851449,5.0682974
8.367402,0.9194421,4.098606
9.3155575,1.0031909,1.6471593
9.114262,0.17467605,0.72293156
7.704291,0.17467605,1.9606191
6.3394847,1.6710875,2.2384856
1.5921243,3.7229328,2.9853454
1.1946167,2.612065,-1.5610176
6.660422,2.7005994,-2.2145574
7.9818583,3.1220353,2.2337
7.443174,1.9680966,3.1339993
7.9818583,1.1706885,2.7963123
10.272985,-0.20578274,3.9454653
13.442878,-1.637588,5.7720866
12.830016,-1.8649062,5.1592245
11.388639,-1.6040884,5.07069
11.197213,-1.0079765,5.4346986
11.33839,-0.20817557,6.2676997
11.402996,-0.22971097,7.9052877
10.634602,-0.8739785,8.510971
8.518149,-0.43100718,7.6923265
8.745767,0.04546363,7.2708907
11.716755,-1.9510478,7.172785
12.573685,-2.896811,6.818348
10.974681,-1.8481563,6.248557
9.576375,-1.4198412,5.61416
9.416057,-1.879263,4.7545385
7.036394,-1.582553,3.7133617
6.3945193,-1.3357933,4.2424746
6.5431733,-1.7021942,4.0962133
5.573482,-0.8234301,2.9135606
8.317152,0.55064833,3.7923248
11.5061865,0.32333016,4.668397
11.539686,-1.9247267,3.4713874
8.326724,-3.4977086,1.5370895
7.764111,-3.4307094,0.52193445
7.8311105,-1.8026928,0.53389853
6.315556,-0.43818563,0.9625129
6.6628146,0.076570325,1.1706885
7.349854,1.4964114,1.2376875
8.2094755,1.9872392,1.1659029
8.712267,1.1922239,1.934298
8.5372925,0.4956134,3.3062828
8.506186,0.04546363,3.045166
8.819944,0.047856454,2.0255244
10.016953,0.5051847,1.9390837
10.043275,0.9385847,2.7795627
8.898908,0.9529416,3.5048869
9.609875,1.2089736,4.0531425
12.272189,1.8888344,4.9079785
14.00549,2.1595225,5.6620164
12.406187,2.0877378,5.348557
10.505388,2.2408783,4.0698924
11.2139635,2.2384856,3.8330028
12.684053,2.6694927,4.4482574
12.466008,3.3732817,4.2014976
10.328021,3.167499,3.2392836
8.848659,2.379662,2.7364917
7.522137,2.3198416,2.4466612
4.584648,2.5570302,1.6447664
3.950251,0.9098708,-0.6367899
6.358627,0.076570325,-0.5913263
10.076775,-0.03589234,0.3065804
10.196416,0.09092726,-0.13878371
8.161619,1.3477573,-0.31375888
9.123833,1.015155,-1.2113664
8.678469,0.392722,-0.91465646
6.5455666,0.14117654,-0.14356937
5.5447683,0.72053874,-0.44775695
6.296414,1.4820545,-0.35204405
8.197512,1.1970096,0.20338993
9.6529455,1.0797613,-0.17228323
10.04806,0.78753775,-0.9290134
10.708778,0.27038896,-1.6806588
11.9153595,0.1698904,-1.6615162
12.219547,0.4022933,-1.041476
12.372687,0.43100718,-0.18903299
13.371093,0.3592225,1.3094722
14.936896,0.80907315,2.6096723
15.461224,1.0869397,2.4251258
14.094025,0.6056832,1.2329018
12.877872,0.16271193,0.7755736
12.032608,0.12921242,0.6439684
11.029716,0.11006984,0.0526421
10.493424,-0.285045,-0.2416751
10.419247,-0.6128617,-0.20817557
10.4001045,-0.51475596,-0.1698904
10.036097,-0.58893347,-0.285045
9.566804,-0.9290134,-0.34247273
8.690433,-1.096511,-0.37597227
7.376175,-1.218545,-0.14356937
6.2844496,-1.1084751,0.26799613
6.17438,-0.40468612,-0.4764708
7.2230344,0.20338993,-1.3405789
7.7425756,0.42622152,-1.6710875
7.390532,0.059820566,-1.2472588
7.2493553,-0.4764708,-0.26081768
7.6133633,-0.4214359,-0.18424734
8.379366,-0.35204405,0.09092726
8.95155,-0.12921242,-0.7636095
8.702696,0.16749759,-1.9486549
8.360223,0.22253251,-1.4222339
8.738588,-0.18424734,-1.2352947
9.755837,-0.93619186,-0.9720842
10.885847,-1.1706885,0.19381863
12.150155,-0.5315057,1.4796617
13.42852,0.96490574,2.044667
14.03899,1.9031913,2.1571295
13.718052,1.6543378,1.4270196
13.361522,1.5777674,-0.033499517
14.560924,1.8314066,-0.4429713
15.271892,1.8050855,-0.15553348
13.610375,1.9800607,-0.3185445
11.611471,2.1667008,-0.7636095
10.529317,1.8433708,-0.98883396
9.662517,1.3166506,-1.0654043
8.259725,0.8042875,-0.9385847
6.8446693,0.581755,-0.7899306
5.8390856,0.69182485,-0.7516454
5.2740803,0.9290134,-0.7372885
5.101797,0.8644072,-0.9601201
5.1640105,0.40707895,-1.582553
5.441877,-0.014356935,-2.3174486
5.7840505,-0.285045,-2.5232315
6.2318077,-0.30897322,-1.8050855
7.053144,-0.06460621,-0.84765744
8.295617,0.17706887,-0.4118646
9.600304,0.4764708,-0.55304116
10.57478,1.1826526,-0.9409775
11.139786,1.7979071,-1.2161521
11.364711,1.8577276,-1.4198412
12.116655,1.7572291,-1.1276177
13.217953,0.9768698,-0.02871387
14.015061,-0.50039905,2.0374885
14.491532,-0.83060855,3.3565319
15.638292,-0.17467605,2.5378876
16.454544,-0.689432,2.288735
13.883456,-0.8210373,1.4461622
10.627422,0.63918275,-0.72053874
9.392128,1.1252248,-0.9553344
9.782158,0.08853444,0.148355
10.560424,-1.0989038,0.7540382
10.069596,-1.3980067,0.68225354
8.752945,-0.84017986,0.41665024
7.697112,-0.15314065,0.11246266
7.254141,0.30179477,-0.34247273
6.9882383,0.43100718,-0.72053874
6.6771717,0.35204405,-0.92183495
6.725028,0.20338993,-0.9314062
7.1656065,0.08135597,-0.9912268
7.428817,0.08135597,-0.974477
7.622935,0.2727818,-0.53629136
8.070393,0.6008976,-0.4956134
8.592327,0.6128617,-0.7923234
8.9108715,-0.15553348,-0.6200402
9.107083,-1.3214363,-0.2727818
9.466306,-2.015953,-0.61046886
10.1700945,-2.0422742,-0.9553344
11.068001,-1.5227325,0.15553348
12.224333,0.17467605,1.9007984
13.205988,2.2815564,2.6766713
13.227524,2.827419,1.9175483
12.916158,2.12363,0.08853444
13.332808,1.7165512,-1.0510473
14.216059,2.1451654,-0.83060855
13.974383,2.5259235,-0.16510476
12.186048,2.4442682,-0.08135597
9.942777,2.0805593,-0.689432
8.436793,1.6016957,-1.0223335
7.8741813,1.3501502,-0.8787641
7.309176,1.1204392,-0.8330014
6.485746,0.7540382,-1.1252248
5.8079786,0.23688944,-1.5921243
5.2716875,-0.17706887,-1.8577276
5.0754757,-0.009571291,-1.8888344
5.266902,0.3472584,-1.7213368
5.695516,0.22013968,-1.1084751
7.0722866,-0.16749759,-0.35443684
9.44477,-0.2727818,-0.06460621
11.091929,0.18424734,-0.25124636
11.273784,1.2807583,-0.45972106
10.900205,2.3485553,-0.58893347
11.154142,2.8992038,-0.7636095
12.856337,3.2536407,-0.80907315
14.237594,2.219343,0.7396813
14.273486,0.15792629,3.1770704
13.598412,-0.80907315,3.0236306
13.311273,-1.0223335,0.9601201
14.62553,-1.6304095,0.083748795
14.091632,-1.7931215,-0.17467605
11.621042,-0.6511469,-0.8066803
10.388141,-0.059820566,-0.85483587
10.1700945,-0.6966105,-0.42622152
10.028918,-1.1611172,0.0047856453
9.38495,-0.87637126,0.3999005
8.7266245,-0.16031912,0.57457656
8.278867,0.44057846,0.6655038
7.9100733,0.6056832,0.48125646
7.4048886,0.26081768,-0.0047856453
6.8685975,-0.15553348,-0.3472584
6.751349,-0.05742774,-0.75643104
7.0603223,0.4118646,-1.2520444
7.184749,0.4022933,-1.0654043
6.8614187,-0.19142582,-0.36640096
6.708278,-0.40707895,0.0047856453
7.2732835,0.0526421,-0.51475596
8.250154,0.3376871,-1.1682956
9.171689,-0.43579283,-1.1874382
9.736694,-2.1068804,-0.96490574
9.947562,-3.3780673,-0.09332009
10.3136635,-2.9877381,1.0845468
11.405389,-0.70378894,1.9992033
13.184154,2.082952,1.9968106
14.860026,3.1698918,1.0941181
15.631114,2.707778,0.021535404
15.97568,2.5184457,-0.68464637
15.643078,2.6144578,-0.53389853
13.766208,2.3222344,-0.43100718
11.340783,2.0518453,-0.75643104
9.564411,2.1379871,-1.1515459
8.903693,2.2671995,-1.3310076
8.52772,2.0662024,-1.096511
7.4886374,1.4365909,-0.85244304
5.9901323,0.6678966,-0.90508515
4.5918264,0.11006984,-1.0199406
3.7971103,-0.062213387,-1.16351
3.7875392,0.17467605,-1.2735798
4.8122654,1.0295119,-1.1252248
7.1512494,2.2121646,-1.0462617
10.265807,2.9662027,-0.6415756
11.934502,3.0499516,0.3711866
11.027323,2.6431718,0.689432
9.578768,2.1332014,-0.25603202
9.212367,1.7237296,-1.4581263
9.437592,1.3980067,-2.2671995
9.899706,1.1611172,-2.9183464
11.424532,1.1970096,-3.1004999
14.110774,1.1706885,-2.2767708
15.259928,0.14356937,0.5099703
13.859528,-0.21774685,3.610171
11.683255,0.3592225,4.321438
11.642578,0.2009971,4.0005
12.650555,-0.32333016,3.5336008
11.814861,-0.35682967,2.638386
11.096715,0.5721837,1.8098712
11.752647,1.989632,1.2783655
12.5138645,2.5283163,1.5681962
12.284153,1.5897316,2.1092732
11.395818,0.16271193,1.9247267
10.409676,-1.1395818,1.1850454
9.657731,-2.0901306,0.21296121
9.12144,-2.461018,-0.770788
8.623434,-2.2456641,-1.2855439
8.106285,-1.8242282,-1.2233306
7.687541,-1.6758732,-1.0941181
7.6540413,-1.5993029,-1.0438689
7.8813596,-1.2831511,-0.85483587
8.1687975,-0.8739785,-0.5027919
8.709874,-0.55064833,-0.23688944
8.999406,-0.49800622,-0.09810573
8.434401,-0.79471624,-0.31375888
8.099107,-1.1419746,-0.8596215
8.52772,-1.4676976,-1.0319048
8.7577305,-2.0925233,0.11246266
9.719945,-0.7683952,2.6551359
13.42852,1.6615162,2.935096
14.912968,0.948156,2.9183464
13.10519,0.3711866,4.7114677
13.07887,2.9662027,4.8098726
14.082061,4.9606204,3.39721
15.1498575,4.6492543,2.152344
14.951253,2.992524,1.9968106
12.67209,1.1970096,2.353341
10.651351,0.33529428,1.989632
9.566804,0.22971097,1.3022938
8.695218,0.55304116,1.1850454
7.9770727,1.0390832,1.1778669
7.2637124,1.4916258,0.948156
6.6652074,1.7763717,0.392722
6.2054863,1.6926229,-0.17467605
5.8654065,1.2903296,-0.4142574
5.7720866,0.87637126,-0.41904306
6.0212393,0.7827521,-0.47886363
6.519245,1.1802598,-0.7516454
7.218249,1.7404794,-1.0893325
8.283653,1.9657038,-1.4700904
9.516555,1.6591234,-1.7787645
10.8714905,1.1778669,-1.6519449
12.099906,1.0247263,-1.3286148
12.367902,1.2376875,-1.50359
11.872289,1.7213368,-2.12363
11.216356,2.5136602,-2.5040889
12.772588,3.7851462,-0.62721866
16.55265,4.922335,3.9717865
13.569697,4.941478,5.858228
8.065607,4.261617,3.801896
7.809575,3.1842487,2.6742785
8.592327,1.7165512,2.896811
10.079167,1.1228321,3.141178
11.252249,1.611267,3.4139597
10.835598,2.056631,3.4594233
10.4001045,2.111666,2.9542387
10.198809,1.7165512,2.32702
9.64816,1.0223335,2.0063818
8.860622,0.30418757,1.6615162
8.032107,-0.34965122,1.3716856
7.5942206,-0.5554339,1.07019
7.5197444,-0.55304116,0.65353966
7.6947193,-0.7181459,0.3065804
8.024929,-1.0103694,0.023928227
8.345866,-1.4868401,-0.42861435
8.685647,-1.9728823,-1.1826526
9.133404,-2.1595225,-1.3286148
9.700802,-1.7668004,-0.6415756
10.426426,-0.96490574,0.019142581
10.8714905,-0.3185445,0.622433
10.689636,-0.392722,0.69900334
10.280165,-1.1730813,-0.033499517
10.105488,-1.7069799,-0.76600236
10.050453,-1.556232,-0.79710907
9.849456,-0.8644072,0.5051847
10.747064,0.8859426,2.1188445
12.696018,2.0757737,3.4163525
12.999907,1.7548363,4.141677
11.834003,2.3102703,4.151248
11.7311125,4.213761,3.3206396
12.609577,4.965406,2.5112674
13.035799,3.9335012,2.1906292
12.413365,2.111666,1.7644076
10.950753,0.20578274,1.474876
9.68166,-0.6367899,0.8353942
8.68804,-0.37836507,0.31615168
7.646863,0.37597227,0.22971097
6.8925257,1.2544373,0.27756742
6.600601,2.0470598,0.21296121
6.600601,2.5136602,-0.0741775
6.6221366,2.4658036,-0.43818563
6.725028,2.0877378,-0.6798607
7.0842505,1.7931215,-0.89312106
7.8837523,1.6304095,-1.2544373
8.851051,1.4964114,-1.6543378
9.566804,1.4102699,-2.0733807
10.371092,1.2999009,-1.9462621
11.149357,1.3214363,-1.2472588
11.010573,1.4437693,-1.4940187
10.20838,1.3860425,-2.3772693
9.305986,1.4413766,-2.7723842
9.334701,2.1308086,-1.8314066
12.810873,2.9662027,3.3326037
14.1059885,3.586243,7.050751
10.60828,3.4283166,5.3365927
9.416057,2.8058836,2.7915268
10.119845,2.2743778,1.6040884
11.115857,2.0614166,1.6447664
11.726327,2.300699,2.2241287
11.633006,2.4107687,2.746063
11.5468645,2.1379871,2.14038
10.847563,1.4102699,1.2855439
10.0265255,0.7683952,0.811466
9.080762,0.2727818,0.5841478
8.17119,-0.18185452,0.3592225
7.5293155,-0.51236314,-0.04546363
7.2565336,-0.7492526,-0.42622152
7.3522468,-0.7923234,-0.68464637
7.84786,-0.7588239,-0.974477
8.455936,-0.9625129,-1.1706885
8.748159,-1.1682956,-1.0271192
9.090333,-0.9385847,-0.7468598
9.74148,-0.41665024,-0.36161533
10.232307,-0.20817557,0.30179477
10.201201,-0.5841478,0.37357944
9.949955,-1.2065809,-0.18664017
10.239487,-1.4174483,-0.44775695
10.586744,-1.474876,-0.1363909
10.112667,-1.5155541,2.1475582
10.883454,0.14596218,4.8768716
12.039786,1.6854445,5.144868
11.115857,2.03031,2.6192434
11.374283,3.4043884,-0.23449662
13.778172,4.045964,-0.10049855
14.465211,2.4658036,1.4724833
12.719946,0.6008976,1.6806588
11.15175,-0.392722,0.6152545
10.397712,-0.51236314,-0.11006984
9.47827,0.32333016,0.0023928226
8.3219385,1.4318053,0.27756742
7.21107,2.0614166,0.31615168
6.282057,2.1882362,0.11246266
5.6644096,2.0015962,-0.148355
5.331807,1.5586249,-0.4022933
5.3700924,1.1395818,-0.71336025
5.563911,0.8138588,-0.79950184
5.5950174,0.43818563,-0.85244304
5.657231,0.18903299,-1.5251254
5.872585,0.083748795,-1.9582262
5.925526,0.13399807,-1.3764713
5.654838,0.23449662,-0.9098708
5.788836,0.043070808,-0.8859426
7.632506,0.02632105,-0.8859426
10.816456,0.92662054,-1.1324034
12.916158,2.5040889,-0.93619186
13.98874,4.01725,1.1467602
15.157036,4.733003,3.0403802
15.817754,3.49053,4.0100718
18.42982,1.5107684,4.9773703
16.940586,-1.2927225,4.165605
11.757433,-1.9366908,0.33050862
10.756635,0.285045,-1.7404794
10.51496,0.5937191,-0.6750751
10.627422,-0.44775695,-0.05503492
11.89861,-1.2329018,0.031106694
11.977572,-1.7955143,-0.15074782
10.6154585,-1.9223338,-0.26799613
9.47827,-1.3094722,-0.6415756
8.8701935,-0.79710907,-0.86201435
8.539685,-0.34486556,-1.041476
8.0345,0.30418757,-1.1443675
7.390532,0.85483587,-0.7827521
6.8279195,0.99601245,-0.20578274
6.2054863,0.76600236,0.31615168
5.918348,0.37597227,0.36161533
5.999704,-0.047856454,-0.11724831
6.061917,-0.21774685,-0.8428718
6.3658056,0.10289137,-1.2400804
7.1895347,0.76600236,-0.9026923
8.197512,1.2424731,-0.70378894
9.073584,0.9912268,-1.0941181
9.75823,-0.16749759,-1.0606186
9.863813,-1.7835501,-0.34247273
9.55484,-2.8800611,0.9553344
10.6154585,-2.0063818,2.3222344
13.53859,0.40947178,3.0885358
16.16262,2.6982067,4.0962133
17.658731,4.469793,2.1954148
17.12992,3.6774693,-0.71336025
14.826528,1.16351,-0.44057846
12.985549,0.32333016,-0.2727818
11.381461,1.2759727,-0.8452646
10.045668,2.6072793,-0.8979067
9.4686985,2.7675984,-0.9026923
9.114262,2.0494525,-1.1826526
8.398508,1.5394822,-1.2759727
7.268498,1.3405789,-1.1563315
6.1193447,1.2137593,-1.0390832
5.219045,0.8644072,-1.2376875
4.74736,0.18185452,-1.9151554
4.634897,-0.622433,-2.6048865
4.922335,-1.0103694,-3.0379875
5.1161537,-0.6415756,-2.8082764
5.29083,0.062213387,-1.9127626
6.492924,0.34486556,-1.1371889
9.080762,0.28983065,-0.69900334
11.398211,0.9170493,-0.6367899
11.869896,1.9606191,-1.041476
11.702398,2.5642085,-1.7093726
12.334402,2.9685955,-1.5251254
13.10519,3.1627133,1.4796617
13.639089,2.4155545,4.644469
13.569697,0.56500524,4.2687955
15.669399,-1.1012967,1.7524434
18.230915,-2.1092732,0.45732823
16.169798,-1.6471593,-0.062213387
12.803695,-0.3472584,-1.0390832
10.450354,-0.58654064,-0.9242278
8.817552,-1.6136597,0.086141616
8.010572,-2.056631,0.8979067
7.5942206,-1.5921243,1.082154
7.335497,-0.51236314,0.93619186
7.0675006,0.5243273,0.5697909
6.524031,1.082154,-0.11246266
5.9494543,0.95054877,-1.0390832
6.023632,0.19381863,-1.4150555
6.725028,-0.4549354,-0.9194421
7.093822,-0.50039905,-0.33529428
6.942775,-0.2416751,-0.392722
7.4455667,0.20578274,-1.1611172
9.004191,0.5769694,-1.5897316
10.117453,0.44536412,-0.91226363
9.902099,-0.014356935,-0.59611195
9.169296,-0.85244304,-0.9385847
9.018549,-1.9657038,-0.15792629
10.091131,-2.2073789,2.2839491
12.071192,-0.20817557,3.531208
13.603197,2.6359932,3.205784
14.84567,4.362116,2.8369904
17.041084,4.888836,0.6367899
18.10649,3.5503507,-1.0079765
16.624733,1.2975081,-0.20338993
13.857135,0.17228323,0.25124636
11.034502,0.3376871,-0.37357944
9.339486,1.0342976,-0.9098708
8.73141,1.7380866,-1.0295119
8.084749,2.1212373,-1.0773684
6.8398833,2.1308086,-1.0103694
5.4586267,1.7644076,-0.60329044
4.551149,1.1300105,-0.45972106
4.438686,0.70378894,-0.92183495
4.855336,0.3376871,-1.5658033
5.4035916,-0.21774685,-2.2743778
5.7984076,-0.5554339,-2.7795627
5.9805613,-0.4645067,-2.7125635
6.1360946,-0.19621146,-2.2671995
6.2748785,-0.21296121,-1.7237296
7.4862447,-0.4668995,-0.95054877
10.024133,-0.2536392,-0.27756742
12.123834,1.0749756,0.1794617
14.13231,3.1196425,0.95772725
16.703697,4.615755,2.5354948
17.30938,4.0794635,5.10419
17.017157,2.1260228,4.874479
16.461723,-0.72771716,3.6894333
13.423735,-2.3653052,1.4174483
10.560424,-0.92662054,-2.0087745
9.897313,0.51475596,-1.6615162
10.440783,0.30179477,-0.13399807
10.92174,-0.9290134,0.6774679
10.510175,-1.9055841,0.63918275
9.430413,-1.8242282,0.16749759
8.345866,-1.1659029,-0.11246266
7.740183,-0.60329044,-0.083748795
7.385746,-0.22253251,0.078963146
7.0316086,0.09092726,-0.10289137
6.6556363,0.3999005,-0.3687938
6.2844496,0.6559325,-0.6415756
5.9805613,0.71336025,-0.77318084
5.992525,0.6415756,-0.6367899
6.5838513,0.3999005,-0.8811569
7.278069,-0.083748795,-1.1515459
8.329117,-0.34965122,-0.9242278
9.676874,-0.4022933,-0.85483587
10.148559,-0.8596215,-1.2640085
10.272985,-1.9271195,-0.4142574
11.5468645,-2.3892334,2.3940191
13.373486,-0.3999005,3.6607196
14.4795685,2.4418755,2.8896325
15.049359,3.5910287,1.9223338
15.432509,3.531208,0.35443684
15.815361,2.951846,-0.31615168
15.533009,2.1164517,-0.06460621
13.995918,1.7069799,-0.3400799
12.023036,1.6471593,-0.9194421
10.687243,1.7500507,-1.3453646
9.823135,2.1427727,-1.2640085
8.673683,2.353341,-0.89072824
7.242177,2.0805593,-0.5673981
5.685945,1.5059828,-0.2321038
4.517649,0.8739785,-0.34247273
4.1440697,0.38793638,-0.9696914
4.2927237,0.11485548,-1.4700904
4.8601217,0.07178468,-1.8026928
5.7314086,0.15792629,-2.2337
6.492924,0.28983065,-2.5809584
6.68435,0.5386842,-2.2384856
6.6963143,0.948156,-1.6040884
7.6516485,1.1347961,-1.2592229
9.140582,0.9936196,-0.8210373
9.789336,1.218545,-0.44536412
9.964312,1.8816559,-0.31136605
11.395818,2.65035,0.18185452
14.101203,3.260819,0.85483587
15.259928,2.5208387,2.6288147
15.082858,1.2496517,4.362116
17.05305,0.4860421,3.5264223
18.707386,-0.92183495,2.9039893
14.977574,-1.5921243,1.1515459
10.289736,-0.5697909,-1.9366908
8.606684,-0.04546363,-2.341377
8.683254,-0.7612167,-1.0031909
9.9140625,-1.8218354,0.4214359
10.112667,-2.2624137,1.0797613
8.863015,-1.6447664,0.7516454
7.2900333,-0.75643104,0.17706887
6.0954165,-0.23688944,-0.0741775
6.1097736,0.10049855,-0.31615168
7.146464,0.19621146,-0.3472584
7.6851482,0.043070808,-0.3711866
7.1512494,0.21535404,-0.4764708
6.363413,0.8500503,-0.6655038
6.289235,1.3094722,-1.1802598
6.9523463,1.218545,-1.5394822
8.448758,0.7396813,-1.6016957
10.184451,-0.23688944,-1.2759727
10.706386,-1.4174483,-1.2903296
10.263414,-2.353341,-1.6280167
10.584352,-2.7580273,-0.3807579
12.190833,-1.1946167,1.5610176
13.423735,1.6686947,2.2121646
13.30888,2.7819555,1.9968106
13.744373,2.7317061,0.9601201
15.987644,3.1914272,-0.3711866
17.524734,2.8489544,-0.36400816
15.863217,1.7237296,0.474078
11.869896,1.0534402,0.009571291
8.0345,0.29940194,-1.3477573
5.791229,-0.4334,-1.8074784
5.1496534,-0.33529428,-1.5083755
5.5160546,0.20578274,-1.3669
5.982954,0.58654064,-1.4772689
6.1863437,0.79471624,-1.7428722
6.2270217,0.85483587,-1.9728823
6.2844496,0.7612167,-1.8409779
6.4737816,0.5602196,-1.852942
6.5886374,0.11246266,-2.4011974
6.768099,-0.25842485,-2.7699914
7.5870423,-0.12921242,-2.3174486
9.056833,0.48125646,-1.1874382
10.215558,1.0606186,-0.38793638
10.186844,1.1706885,-0.37357944
11.07518,1.8146569,-0.474078
14.096417,2.5450659,0.33529428
16.368402,1.7213368,3.2967114
16.864016,0.41665024,4.0770707
19.095324,-1.2113664,2.9662027
17.735601,-2.4945176,2.379662
11.977572,-0.89312106,-0.52193445
9.01137,1.2592229,-2.3030918
8.388937,1.2879368,-1.378864
9.238688,-0.1052842,0.083748795
10.074382,-1.6902301,1.1778669
9.870992,-2.0733807,1.2496517
8.898908,-1.2329018,0.64875406
7.785647,-0.38315073,0.0741775
7.062715,-0.19142582,-0.3185445
6.6221366,-0.32093734,-0.7372885
6.9116683,-0.16510476,-0.9529416
7.886145,0.2321038,-0.71336025
8.2812605,0.4860421,-0.60329044
7.3115687,0.28265217,-0.474078
5.685945,-0.19621146,-0.62961143
5.346164,-0.124426775,-1.082154
7.1010003,0.4549354,-1.1802598
9.375379,0.6056832,-1.0055838
10.241879,0.20578274,-0.88354975
10.095917,-0.5195416,-1.0127622
10.198809,-1.4605191,-0.43579283
10.526924,-1.6423737,0.7899306
11.137393,-0.46929234,1.556232
12.243475,1.0271192,1.4174483
13.435699,1.89362,0.19142582
15.492331,3.0116663,-1.2975081
17.941383,4.0698924,-1.448555
17.745173,3.4689946,-0.9601201
14.623137,2.0877378,-1.0223335
10.62503,1.2137593,-1.2975081
7.2397842,0.97926265,-1.4198412
5.5663037,1.3070793,-1.3573287
5.1257253,1.5729818,-1.3022938
4.7955155,1.2831511,-1.3908281
4.4004006,0.67028946,-1.50359
4.24726,0.53389853,-1.5227325
4.5248275,1.0989038,-1.4222339
5.2549376,1.637588,-0.97926265
6.3945193,1.9704895,-0.73489565
7.967501,2.1332014,-0.622433
10.069596,2.3054845,-0.22253251
11.767004,2.6886353,0.18664017
11.860325,2.5833511,0.31615168
11.5061865,2.1499512,-0.2321038
13.1027975,2.798705,-0.77796644
15.257534,3.2273195,-1.0319048
16.84248,1.2903296,0.5267201
17.555841,-0.2970091,3.5048869
16.66302,0.4956134,4.7138605
12.729517,0.77796644,3.464209
8.558827,0.39511484,1.8290138
7.835896,1.0797613,1.4820545
9.171689,1.7069799,1.9319052
11.580364,1.5011971,2.2671995
12.992728,0.6798607,2.1164517
12.492329,-0.2632105,1.7668004
11.084751,-0.70618176,1.3597214
9.863813,-0.689432,1.0007981
8.946764,-0.5697909,0.5075775
8.228618,-0.5458627,0.047856454
7.8741813,-0.7085746,-0.1794617
7.740183,-1.0223335,-0.3281158
7.4527454,-1.3716856,-0.50039905
7.3666034,-1.6710875,-0.8210373
7.9507513,-1.7715861,-1.2759727
8.745767,-1.4916258,-1.4557334
9.107083,-0.8353942,-1.1132607
9.035298,-0.20578274,-0.28983065
8.831908,-0.39750767,0.3687938
9.114262,-1.5346966,0.11485548
10.105488,-2.3030918,-0.49082774
10.96511,-2.0638096,-0.6008976
10.577173,-0.85244304,1.5251254
11.182857,2.42034,4.1871405
13.734802,4.1727834,4.8433723
13.9935255,2.841776,4.388437
13.7324095,3.775575,2.8369904
14.48914,5.642874,2.2289143
14.465211,5.1352963,2.3102703
13.5481615,3.5144582,1.3477573
11.35514,1.7668004,0.77796644
9.303594,0.36161533,0.66071814
8.161619,-0.22971097,0.4118646
7.2206416,0.02632105,0.23449662
6.370591,0.77318084,0.06460621
6.06431,1.623231,-0.16510476
5.8821564,2.1667008,-0.24885355
5.391628,2.2935205,-0.2727818
4.840979,2.0733807,-0.41665024
4.77398,1.8170497,-0.5721837
5.382056,1.7141583,-0.55064833
6.7034926,1.5179468,-0.40468612
8.800801,1.1587243,-0.5913263
11.156535,0.6966105,-0.44057846
12.6625185,0.35443684,0.083748795
12.827623,0.37357944,-0.6798607
12.418151,0.6774679,-2.4681966
11.762218,1.2951152,-3.49053
12.18844,2.8034909,-1.50359
15.085251,4.706682,4.725825
14.4795685,5.872585,9.643374
10.57478,5.9781685,7.4048886
9.801301,4.872086,2.9374888
9.566804,3.399603,0.9625129
10.560424,2.7580273,0.8572287
11.845967,2.3150558,2.748456
10.756635,1.5179468,4.6468616
10.723136,1.2329018,3.816253
10.440783,0.68225354,2.5232315
8.551649,-0.392722,2.3485553
7.3522468,-1.1132607,2.1044874
7.2038918,-1.759622,1.6686947
7.7976108,-2.3748765,0.37357944
8.920443,-2.6623142,-0.8668
9.284451,-2.6623142,-1.230509
8.616255,-2.7173493,-1.2807583
7.888538,-2.827419,-1.3573287
7.6492558,-2.6647072,-1.2640085
8.259725,-1.9127626,-1.1778669
9.777372,-0.37836507,-1.0869397
11.283355,1.0989038,-0.25124636
11.297712,1.096511,0.27038896
10.373485,-0.40947178,-0.39511484
9.854242,-1.9944177,-1.1395818
9.413663,-2.4849463,0.12203395
10.316056,-0.32333016,2.992524
13.485949,2.5378876,4.0627136
14.029418,1.9992033,4.369294
12.477972,1.8840487,4.7401814
12.636197,4.476971,3.423531
12.894622,5.6093745,2.3365912
13.133904,4.429115,1.9247267
13.179368,2.1738794,0.9314062
12.162119,0.05742774,0.57457656
10.560424,-1.0175478,0.474078
8.973084,-1.1419746,-0.06699903
7.5870423,-0.4884349,-0.18903299
6.483353,0.6870392,-0.124426775
5.4873405,1.8170497,-0.12203395
4.778766,2.477768,-0.069391854
4.5798626,2.4969103,-0.15314065
4.9845486,2.0901306,-0.51475596
6.0451674,1.785943,-1.015155
7.589435,1.8074784,-1.5490535
9.296415,2.0087745,-1.9872392
10.972288,2.056631,-2.3389843
12.387045,1.6351951,-1.9175483
12.897015,1.1467602,-1.2496517
12.650555,1.5251254,-2.0614166
11.972787,2.6551359,-3.1746774
11.570793,3.6846478,-2.4323041
14.606388,3.9526439,1.0869397
13.246666,4.007679,5.451448
7.8550386,5.1161537,4.8122654
7.455138,5.5136614,2.6551359
8.752945,3.844967,2.9781668
10.622637,2.4011974,2.6838498
11.948859,1.7620147,2.6623142
11.493923,1.338186,2.6599214
10.723136,1.2161521,1.8050855
10.368699,1.1347961,0.8596215
10.009775,0.95054877,0.4429713
9.44477,0.5554339,0.43818563
8.673683,0.09810573,0.47168517
7.835896,-0.14356937,0.29461628
7.2158556,-0.26799613,-0.076570325
7.048358,-0.40468612,-0.42861435
7.3043904,-0.52193445,-0.74207413
7.510173,-0.7851449,-0.95772725
7.838289,-1.1180464,-1.2687942
8.551649,-1.3070793,-1.3022938
9.188439,-1.2209377,-0.91465646
9.593125,-0.7923234,-0.45014977
10.079167,-0.1794617,0.05742774
10.491032,0.1698904,0.11246266
10.40489,-0.17228323,-0.34247273
10.308878,-0.66071814,-0.69182485
10.424033,-0.7827521,0.3400799
11.252249,0.4142574,1.7117655
12.722339,1.1802598,2.6168506
13.02862,-0.22731815,3.2799616
11.97518,-0.8979067,3.0619156
11.503495,1.6447664,2.3437698
12.087942,5.2716875,1.8840487
12.621541,6.5431733,2.0901306
12.681661,4.8936214,1.8625133
12.193226,1.6686947,0.9457632
11.345569,-0.8282157,0.27756742
10.3136635,-1.5634105,0.086141616
8.975478,-1.16351,0.043070808
7.469495,-0.43579283,0.13399807
6.2174506,0.59611195,0.33529428
5.6524453,1.8433708,0.2727818
5.7170515,2.7005994,-0.04546363
5.858228,2.827419,-0.27756742
5.779265,2.4251258,-0.36640096
5.549554,1.9606191,-0.63918275
5.3051867,1.611267,-1.0869397
5.020441,1.1611172,-1.2113664
4.57747,0.62961143,-1.218545
4.067499,-0.016749758,-1.5083755
3.976572,-0.9385847,-1.5921243
5.721837,-1.7476579,-1.3621143
9.380164,-1.8864416,-1.1491531
12.2889385,-0.96490574,-0.97926265
13.169797,1.1036894,-0.8282157
13.3352,3.3397822,-0.7516454
13.53859,4.6564326,-0.5602196
13.81885,5.1233325,0.9242278
13.512269,4.8433723,2.8728826
12.214762,3.0667014,4.5822554
16.68934,0.9314062,4.8361936
20.627626,-2.8776684,5.819943
15.305391,-4.108177,3.976572
9.731909,-1.0606186,-1.2376875
8.077571,0.047856454,-2.0662024
8.518149,-0.21774685,-0.49322057
9.102298,-0.8258229,0.8500503
9.511769,-0.98883396,0.9194421
9.552447,-0.23928227,0.25842485
8.472686,0.4214359,-0.083748795
7.278069,0.5171488,-0.4860421
6.8518476,0.078963146,-0.9840483
6.7848487,-0.4142574,-0.974477
6.849455,-0.2970091,-0.93619186
6.98106,0.47168517,-1.3214363
6.9044895,1.1970096,-1.2496517
6.8374906,1.4940187,-0.7612167
6.96431,1.4700904,-0.541077
7.75454,1.4003994,-0.61764735
9.394521,1.1994023,-0.7013961
10.648958,0.44057846,-0.7181459
10.371092,-0.54346985,-0.83778703
9.550055,-1.2664014,-1.3405789
9.935597,-1.9366908,-0.6678966
11.896217,-1.448555,1.3980067
14.086846,1.0271192,2.9446673
15.566507,3.1387851,2.975774
16.440187,3.3373895,1.3716856
16.217655,2.3246272,-0.41665024
14.855241,0.93619186,-0.69182485
12.9592285,0.047856454,-0.42622152
11.056037,0.285045,-0.689432
9.662517,1.6998014,-0.8234301
8.968299,2.856133,-0.7181459
8.712267,2.7029922,-0.69900334
8.254939,2.0733807,-0.63918275
7.225427,1.570589,-0.36400816
5.8968124,1.1347961,-0.22731815
4.7688956,0.581755,-0.3687938
4.2568316,0.1052842,-0.8811569
4.469793,-0.16031912,-1.6304095
5.1903315,-0.3711866,-2.4466612
5.870192,-0.47168517,-3.1004999
6.389734,-0.39750767,-3.1028929
7.54128,-0.24646074,-2.4466612
9.380164,-0.009571291,-1.3094722
10.737493,0.6750751,-0.02871387
11.202,1.9414765,0.48125646
11.5061865,3.5216367,0.08135597
12.571292,4.8792644,-0.11485548
14.877076,5.384449,0.7253244
15.734005,3.868895,2.8130622
14.379069,1.218545,4.4434714
14.2495575,-0.30897322,2.9255247
16.167406,-1.8649062,1.1659029
15.468402,-2.6048865,0.44057846
12.011072,-1.338186,-1.0917253
9.631411,-0.84017986,-1.3908281
8.79123,-1.4724833,-0.36640096
9.212367,-1.8194425,0.3376871
8.985049,-1.6854445,0.33529428
7.9052877,-1.2233306,0.078963146
7.457531,-0.8210373,-0.21296121
7.699505,-0.60807604,-0.7923234
8.087142,-0.6008976,-1.2161521
8.503793,-0.6343971,-1.2400804
8.597113,-0.4334,-0.9720842
7.94118,0.0071784677,-0.57457656
6.820741,0.5985048,-0.5075775
5.956633,0.8596215,-0.72053874
5.580661,0.3999005,-1.2424731
6.0116677,-0.13399807,-1.623231
7.7330046,-0.16749759,-1.5346966
9.782158,-0.014356935,-1.2951152
10.653744,0.023928227,-1.4605191
10.493424,-0.38315073,-1.8481563
10.416854,-1.1324034,-1.989632
10.739885,-1.5873387,-1.625624
11.944074,-1.3980067,-0.9768698
13.847564,-0.5841478,0.6056832
14.5513525,0.86919284,2.5905297
14.295022,2.4945176,2.6862426
13.763815,3.3254254,1.6758732
13.227524,3.6149569,0.27517462
13.658232,3.6221352,-0.45732823
14.079667,2.9111679,0.06699903
13.047763,2.1571295,0.2656033
10.926525,1.6830516,-0.27756742
8.930014,0.98883396,-0.80189466
7.2900333,0.42622152,-0.9601201
5.836693,0.26799613,-0.8282157
4.759324,0.33290145,-0.6774679
4.4745784,0.61046886,-0.907478
5.2740803,1.0582259,-1.1778669
6.4328046,1.4027922,-0.8739785
6.789634,1.3166506,-0.6152545
6.0284176,0.8066803,-1.0773684
4.9725847,0.37357944,-1.745265
4.77398,0.33050862,-1.9271195
6.1193447,0.34247273,-1.3286148
8.570791,0.3472584,-0.1794617
10.782956,0.80907315,0.2632105
11.688042,1.2137593,-0.2727818
11.501102,1.4437693,-1.0582259
11.843575,2.3844478,-1.6423737
13.627125,3.5240295,-0.7683952
15.2623205,3.2967114,1.59691
15.243177,1.6902301,3.667898
13.878671,0.13878371,3.5551362
13.627125,-0.70618176,1.6926229
15.506687,-1.3740784,0.7612167
15.310177,-1.8625133,0.6367899
12.389438,-1.2233306,0.17467605
10.031311,-0.16031912,0.043070808
8.906086,0.21535404,0.42861435
8.544471,0.2440679,0.62482584
8.259725,0.19381863,0.3592225
7.8406816,0.016749758,0.13878371
7.347461,-0.2536392,0.1268196
6.5838513,-0.5913263,-0.43818563
5.6763735,-0.8452646,-1.7069799
5.506483,-0.811466,-2.3581266
6.3945193,-0.64875406,-1.556232
7.498209,-0.57457656,-0.11246266
7.7760754,-0.13399807,0.42382872
7.66122,0.61764735,-0.22731815
8.37458,0.7325028,-1.2400804
9.475877,0.124426775,-1.867299
10.548459,-0.5769694,-1.9175483
11.297712,-1.3956138,-1.2951152
11.467603,-2.3724837,0.047856454
12.506686,-1.7500507,0.64875406
14.364713,0.9816555,0.80189466
15.159429,3.3493536,1.8649062
14.517853,3.8042889,2.2648067
13.17219,3.1770704,1.16351
12.786945,2.9566314,0.011964113
13.265809,2.9015965,-0.2440679
12.645768,2.1738794,-0.069391854
10.974681,1.2281163,0.11246266
9.332308,0.46929234,0.011964113
8.245368,0.08135597,-0.28983065
7.591828,0.23449662,-0.325723
7.0002027,0.6415756,-0.2632105
6.533602,1.0175478,-0.5386842
6.4208403,1.2376875,-1.1515459
6.4761744,1.1276177,-1.5227325
6.093024,0.6678966,-1.326222
5.4059844,0.15553348,-1.4820545
4.7138605,-0.20817557,-2.0255244
4.342973,-0.30418757,-1.9295124
5.391628,-0.076570325,-1.0319048
7.969894,0.2727818,0.078963146
10.730314,0.6798607,0.55064833
12.253047,1.204188,-0.083748795
11.979965,2.0015962,-1.0007981
11.379068,2.9997022,-1.352543
13.064512,3.5694933,-0.60329044
15.815361,2.7699914,1.8816559
16.05255,1.0917253,3.9885364
13.72523,-0.34247273,3.653541
12.556935,-0.90029955,1.326222
13.667803,-1.0845468,-0.663111
13.840385,-1.556232,-0.948156
12.037394,-1.3692927,-0.38315073
10.155738,-0.5673981,0.36400816
9.042477,-0.1268196,0.58893347
8.319545,-0.17228323,0.19381863
7.912466,-0.2321038,-0.22253251
7.6755767,-0.26799613,-0.34247273
7.4240313,-0.4884349,-0.18185452
7.1488566,-0.6200402,-0.09332009
6.832705,-0.31375888,-0.6056832
6.6556363,0.076570325,-1.1922239
7.1345,0.325723,-1.3549358
8.125427,0.4621139,-0.79710907
8.886943,0.56500524,-0.3065804
9.107083,0.68464637,-0.30418757
8.975478,0.49082774,-0.047856454
8.613862,-0.3185445,0.23928227
8.566006,-1.3429717,-0.39032918
9.528519,-2.0662024,-1.3669
10.7685995,-2.4107687,-0.8353942
11.685649,-1.3573287,0.7372885
12.564114,1.5538392,1.311865
13.181761,3.667898,1.1706885
13.641482,3.354139,0.9816555
14.321642,2.3341985,0.043070808
15.21207,2.449054,-0.581755
15.633507,3.6726837,-0.21774685
14.331213,4.3525443,0.2656033
11.889038,3.682255,0.22013968
9.660124,2.0662024,0.05503492
7.9746795,0.4764708,-0.07178468
6.7968125,-0.2632105,-0.3711866
5.9709897,-0.15074782,-0.58893347
5.535197,0.37357944,-0.8234301
5.480162,0.75643104,-1.3405789
5.278866,0.7157531,-2.056631
4.6707897,0.36161533,-2.8178477
3.6221352,-0.2970091,-3.315854
2.6192434,-1.015155,-2.894418
3.246462,-1.1802598,-1.7165512
6.8518476,-0.948156,-0.40707895
11.743076,-0.55064833,0.60329044
14.141881,0.770788,0.7755736
13.531412,3.2967114,0.56500524
13.014263,5.8968124,0.4214359
14.1059885,7.0025954,0.2105684
14.831313,4.6779685,0.77318084
14.558531,0.4549354,2.329413
13.98874,-1.6399808,1.9007984
13.864313,-1.7404794,-0.124426775
13.945669,-1.975275,-0.38315073
12.439687,-2.0135603,-0.6439684
10.467104,-1.2831511,-1.2951152
9.509377,-0.6942177,-0.7588239
9.55484,-0.5985048,-0.16510476
9.712767,-0.689432,0.22492532
9.229117,-0.42622152,0.5099703
8.475079,0.09810573,0.27756742
7.701898,0.51475596,-0.24646074
7.144071,0.77318084,-0.60329044
6.875776,0.89072824,-0.6870392
6.780063,0.9601201,-0.663111
6.725028,1.0510473,-0.7899306
6.8542404,1.1587243,-1.0677971
7.1632137,1.0989038,-0.98883396
7.5197444,0.8739785,-0.8210373
7.95793,0.25842485,-1.4003994
8.95155,-1.096511,-2.4705894
10.162916,-3.0762727,-2.3605196
10.888241,-4.4578285,-1.6639091
11.170893,-4.0818563,-0.81625164
11.6019,-1.7907287,1.07019
12.770195,1.556232,2.7580273
14.34557,3.8617167,3.0499516
15.226428,4.0962133,1.8122641
15.413068,3.4474592,0.1052842
15.561722,3.0738797,-0.5841478
14.309678,2.786741,-0.23928227
11.383854,2.6216364,-0.06460621
8.463115,2.288735,-0.6942177
6.6628146,1.3692927,-1.4988043
6.1217375,0.7085746,-1.718944
5.9470615,0.6678966,-1.5442679
5.3219366,0.72771716,-1.3716856
4.642076,0.79471624,-1.5873387
4.5918264,0.90508515,-1.934298
5.185546,1.0199406,-1.785943
5.7409797,1.1084751,-1.4294125
5.918348,1.2257234,-1.3190435
6.9619174,1.6926229,-1.2329018
9.368199,2.4466612,-0.9409775
11.542079,3.0595229,-0.6128617
12.413365,3.0116663,-0.5171488
12.466008,2.4921248,-0.8042875
13.708481,2.8058836,-0.7157531
15.647863,3.0020952,-0.5937191
16.66302,1.1276177,0.2009971
16.550257,-0.4645067,2.894418
15.530616,0.20338993,4.4602213
9.466306,-0.56500524,1.230509
9.466306,-0.56500524,1.230509
9.329915,-0.22731815,0.45972106
10.388141,0.15553348,0.70618176
11.807682,0.62961143,1.1802598
12.576077,0.974477,1.6615162
11.912967,1.1515459,1.9247267
10.397712,1.3334004,1.8625133
8.946764,1.2329018,1.6519449
7.9052877,0.7372885,1.2113664
7.2708907,0.08135597,0.55304116
6.914061,-0.6559325,-0.124426775
6.9786673,-1.637588,-0.69182485
7.6827555,-2.6096723,-1.1682956
8.781659,-2.9614172,-1.5179468
9.626625,-2.3700907,-1.2903296
9.739087,-1.4222339,-0.55782676
9.58834,-0.9601201,0.15314065
9.990633,-1.1706885,0.17467605
10.591531,-1.8505492,-0.5985048
10.895419,-2.1571295,-1.3956138
11.359925,-1.5203397,-1.8050855
11.790933,-0.78753775,-1.6040884
11.460424,-0.83778703,-0.77796644
10.770992,-0.8210373,1.5681962
11.704791,1.0390832,2.9183464
13.253844,2.8848467,3.2967114
12.707982,2.949453,4.718646
11.46521,2.896811,4.8098726
11.077573,3.1962128,3.1603205
11.065608,3.2488549,1.5873387
10.900205,3.1866415,0.89072824
10.335199,2.6455646,0.6367899
9.238688,1.0271192,0.9026923
8.3123665,-0.83060855,0.5769694
7.996215,-1.7380866,-0.44775695
7.900502,-1.0486546,-0.80907315
8.0345,0.7468598,-0.49322057
8.024929,2.3557339,-0.10289137
7.5053873,3.0523443,0.014356935
6.9762745,2.8633113,-0.19142582
6.8781686,2.1284158,-0.50039905
7.172785,1.3956138,-0.78035927
7.768897,1.1826526,-1.1204392
8.5372925,1.5155541,-1.5418751
9.073584,1.7333009,-1.6974086
9.430413,1.4174483,-1.2711871
10.629815,1.0534402,-0.6655038
11.711969,0.907478,-0.2632105
11.84836,0.9194421,-0.64636123
11.891431,1.244866,-2.0087745
12.51865,2.3102703,-2.7508488
13.986347,3.6511483,-0.7372885
14.393426,4.80748,3.0475588
11.805289,5.178367,5.152046
8.896515,4.158427,4.4458647
8.415258,2.477768,3.3900316
9.23151,1.5418751,2.827419
10.038489,1.7117655,2.181058
10.103095,1.934298,2.1858435
9.693624,1.8720846,2.719742
10.292129,1.3190435,2.181058
9.382557,0.948156,1.9776679
9.382557,0.948156,1.9776679
8.381759,0.50039905,1.9438694
7.6013994,-0.09571291,1.7548363
7.199106,-0.6798607,1.2017952
7.500602,-1.3142579,0.39032918
8.623434,-1.9295124,-0.36640096
9.729516,-2.2121646,-0.9768698
10.043275,-2.181058,-1.4940187
9.98824,-1.9606191,-1.4700904
9.957133,-1.570589,-1.1395818
10.079167,-1.1970096,-1.1826526
10.440783,-1.0725827,-0.9242278
10.787742,-1.2879368,-0.57936215
10.96511,-1.3980067,-0.8042875
10.924132,-1.0247263,-1.1539388
10.699207,-0.49082774,-1.3549358
10.368699,-0.0071784677,-1.1922239
9.870992,0.22492532,0.9026923
10.64178,1.6639091,2.827419
12.039786,2.7628129,3.6077783
11.69522,2.3054845,4.3094735
10.703993,3.0595229,3.670291
10.837991,4.0698924,2.8513472
11.381461,3.330211,2.5666013
12.039786,1.07019,1.6136597
12.341581,-1.2640085,0.9026923
11.259427,-1.9968106,0.8138588
9.947562,-0.97926265,0.30897322
9.071191,0.45972106,0.13399807
8.242975,1.5801603,0.3376871
7.32114,2.3557339,0.5099703
6.023632,2.6671,0.16749759
5.8271213,2.2576282,-0.38793638
5.8271213,2.2576282,-0.38793638
6.023632,1.7093726,-0.90508515
6.6963143,1.2999009,-1.4389837
7.953144,1.0869397,-2.1499512
9.490233,0.770788,-2.4586253
10.864312,0.69900334,-1.5107684
11.479567,1.2616158,-0.13160525
11.027323,1.7763717,-0.09092726
11.07518,1.6830516,-1.3310076
11.642578,1.5993029,-2.3772693
12.571292,2.7149563,-1.89362
13.775779,4.0627136,0.6798607
12.099906,4.5966125,3.3900316
9.131011,4.273581,4.199105
8.372188,2.8250263,3.5048869
9.375379,0.91226363,2.4801607
10.680065,0.2321038,1.5897316
10.972288,0.9409775,1.3405789
10.443175,1.6902301,1.6351951
10.213165,2.0494525,1.4126626
10.507782,1.8050855,0.84017986
10.316056,1.1371889,0.6200402
9.375379,0.38315073,0.55782676
8.376973,-0.22013968,0.13399807
7.6492558,-0.57457656,-0.5075775
7.3689966,-0.7253244,-1.0366904
8.772088,-0.8210373,-1.4820545
9.241081,-0.948156,-1.7691933
9.241081,-0.948156,-1.7691933
9.277272,-0.95054877,-1.637588
9.298808,-0.5458627,-1.0654043
9.624231,0.622433,0.17228323
9.4280205,0.7755736,0.37357944
9.4280205,0.7755736,0.37357944
9.186047,0.22492532,-0.09571291
9.533304,-0.64875406,-0.4860421
10.385748,-1.2137593,-0.541077
10.993824,-1.3477573,-0.61764735
11.015359,-1.0582259,-0.16271193
11.537293,0.40947178,1.1587243
12.351152,1.745265,2.951846
11.984752,1.4844474,4.2664027
10.742278,1.3980067,3.4546378
10.548459,2.4705894,0.81625164
12.324831,3.2656047,-0.581755
13.201202,2.695814,0.13399807
11.417354,1.6280167,0.74446696
9.447163,0.91465646,0.4214359
8.8701935,0.63200426,-0.10049855
8.76491,0.7109674,-0.2009971
8.506186,1.0438689,-0.06699903
8.147262,1.378864,0.031106694
7.4790664,1.745265,0.1268196
6.471389,2.0422742,0.18664017
5.468198,2.0231316,0.04546363
4.9606204,1.6615162,-0.28265217
5.235795,1.0845468,-0.9098708
6.059524,0.74207413,-2.0063818
6.9738817,0.5195416,-3.0212376
7.1225357,-0.47168517,-2.2839491
6.7441707,-0.32093734,-1.1802598
6.7441707,-0.32093734,-1.1802598
7.089036,0.3687938,-0.581755
8.5779705,1.0797613,0.019142581
11.704791,1.8744774,-0.6200402
12.013465,2.4179473,-1.1156535
12.013465,2.4179473,-1.1156535
11.807682,3.0475588,-1.3501502
11.740684,3.7660038,-1.1060823
12.279367,4.1464624,-0.06699903
12.942478,3.153142,2.0374885
12.669697,0.79710907,4.1608195
11.221142,-1.2065809,3.8736808
12.109477,-1.3884354,0.35682967
16.456936,-1.582553,-1.0677971
17.38595,-2.2504497,0.43818563
13.505091,-1.2807583,0.076570325
10.165309,-0.13399807,-0.4142574
8.817552,-0.038285162,0.15074782
8.388937,-0.09092726,0.57457656
7.919645,0.09810573,0.7085746
7.582257,0.4022933,0.5027919
7.450352,0.5243273,0.23688944
6.96431,0.44057846,0.17467605
6.404091,0.29940194,-0.043070808
6.535995,0.06699903,-0.5697909
7.0603223,-0.20338993,-1.1587243
7.5723863,-0.09571291,-1.6280167
7.744969,-0.0023928226,-1.1443675
7.744969,-0.0023928226,-1.1443675
8.223832,-0.08135597,-0.79471624
9.116654,-0.12203395,-1.0366904
9.945169,-0.21774685,-1.8457636
9.763016,-0.40947178,-1.8696918
9.763016,-0.40947178,-1.8696918
10.182058,-0.69900334,-1.637588
11.254642,-1.0989038,-0.3065804
14.304593,1.0007981,2.0494525
14.94886,2.6024938,2.4323041
14.94886,2.6024938,2.4323041
14.544174,2.6479573,2.181058
11.987144,1.4413766,1.7285153
10.424033,1.2951152,0.13160525
12.183655,1.9534405,-0.5171488
13.550554,1.9968106,0.14596218
12.537792,1.9462621,0.16749759
10.742278,1.6758732,-0.45972106
9.224331,1.1252248,-0.97926265
8.077571,0.9625129,-1.0079765
6.9738817,0.9840483,-0.5386842
5.886942,0.8234301,-0.18424734
5.144868,0.5937191,-0.60329044
5.003691,0.5554339,-1.6447664
5.468198,0.4956134,-2.5064816
5.788836,0.30179477,-2.7293134
5.4777694,0.124426775,-2.248057
5.1903315,-0.078963146,-1.5514464
6.1695943,-0.38793638,-0.9912268
8.788837,-0.32333016,-0.3711866
11.455638,0.4764708,0.09571291
12.3607235,2.7723842,-0.30179477
13.342379,3.6918263,-0.5243273
13.342379,3.6918263,-0.5243273
14.8480625,3.4211383,0.059820566
14.934504,1.7261224,2.1858435
13.342379,0.14356937,1.2209377
14.239986,-0.85483587,0.20578274
14.239986,-0.85483587,0.20578274
13.72523,-1.6016957,-0.20817557
11.242677,-0.7468598,-1.3070793
9.619446,-0.31136605,-0.689432
9.617053,-0.98644114,-0.21774685
9.617053,-0.98644114,-0.21774685
9.310772,-1.0893325,-0.33529428
8.784052,-0.8066803,-0.5769694
8.451151,-0.41665024,-0.7396813
8.185547,-0.02871387,-0.8282157
7.7186475,0.3472584,-0.78753775
7.2206416,0.5602196,-0.7253244
6.859026,0.62961143,-0.7396813
6.7848487,0.6343971,-0.8572287
6.818348,0.38315073,-0.88354975
7.0411797,0.17467605,-0.5913263
7.8000035,0.56500524,-0.61764735
8.487042,0.948156,-0.8353942
8.9826565,0.63200426,-0.53629136
9.176475,-0.21535404,0.076570325
8.819944,-1.0390832,-0.009571291
10.296914,-1.625624,0.46929234
11.649756,-0.5554339,1.7165512
11.649756,-0.5554339,1.7165512
12.458829,1.3094722,2.2671995
13.249059,2.2959132,1.5179468
14.5513525,1.4533406,-0.89072824
14.733207,2.015953,-1.2855439
14.733207,2.015953,-1.2855439
14.53221,2.3940191,-0.80189466
13.383057,2.204986,-0.5697909
9.416057,1.7883358,-1.7668004
8.434401,1.6782659,-1.7787645
8.434401,1.6782659,-1.7787645
7.4790664,1.3669,-1.3190435
6.0403814,0.8428718,-0.9816555
5.0491548,0.63200426,-2.487339
5.628517,0.7636095,-2.9446673
5.628517,0.7636095,-2.9446673
5.7170515,0.7085746,-2.9327033
5.4705906,0.28983065,-2.4705894
5.8821564,-0.48125646,-1.8337995
7.342675,-1.1156535,-1.3597214
9.212367,-0.95772725,-1.2233306
10.560424,0.040677983,-1.1084751
11.19482,1.4796617,-0.58893347
11.901003,3.0212376,-0.4142574
13.852349,4.453043,-0.62721866
15.523437,4.54397,0.19621146
15.104394,2.7412775,2.449054
13.411771,1.0247263,3.083451
11.008181,0.124426775,1.5251254
10.134202,-0.51475596,-0.5482555
12.530614,-1.9968106,-1.2735798
13.320844,-3.2009985,1.1228321
11.099108,-1.0366904,0.55782676
11.099108,-1.0366904,0.55782676
9.506984,0.0741775,0.18424734
8.661719,0.8042875,0.15074782
8.307581,0.91465646,-0.0023928226
8.305188,0.2656033,-0.21296121
8.305188,0.2656033,-0.21296121
7.73779,-0.2536392,-0.5315057
6.739385,-0.4860421,-0.96729857
6.1767726,-0.15074782,-1.759622
7.0722866,-0.2727818,-1.9007984
7.0722866,-0.2727818,-1.9007984
7.850253,-0.79950184,-1.4676976
8.079964,-0.8644072,-0.8739785
8.745767,0.14596218,-0.78035927
9.0544405,0.0526421,-0.8452646
9.0544405,0.0526421,-0.8452646
9.075976,-0.5171488,-1.082154
9.394521,-1.1850454,-1.015155
10.308878,-1.3692927,-0.46929234
11.268998,-0.5554339,0.79710907
11.78854,1.3046865,2.4275186
11.869896,2.856133,2.9446673
12.023036,2.8250263,2.0063818
12.949657,1.8361923,-0.0526421
14.180166,1.2161521,-1.3214363
15.044573,2.243271,-1.1276177
12.758231,3.1100712,-0.52193445
10.112667,1.3429717,-1.1826526
10.112667,1.3429717,-1.1826526
7.6540413,-0.20817557,-1.7356937
5.5663037,-1.0390832,-2.1164517
4.814658,-0.069391854,-2.501696
6.1097736,1.2711871,-2.5881367
6.1097736,1.2711871,-2.5881367
7.1632137,2.3318057,-2.5666013
7.251748,2.5905297,-2.2911277
7.5029945,0.9720842,-0.39032918
9.262916,0.42622152,-0.17467605
9.262916,0.42622152,-0.17467605
10.459925,0.61764735,-0.5195416
10.416854,0.9912268,-0.66071814
13.155439,1.8194425,-1.3429717
14.7044935,0.6750751,0.4142574
14.7044935,0.6750751,0.4142574
14.584852,0.021535404,2.4849463
14.182559,0.8572287,1.5658033
13.960027,-2.0805593,0.27996024
11.501102,-2.3629124,-0.9768698
11.501102,-2.3629124,-0.9768698
9.449555,-0.8452646,-2.3988047
9.032906,0.0023928226,-1.6184454
9.755837,-0.04546363,-0.5458627
9.890134,-0.5673981,-0.12203395
9.090333,-0.7396813,-0.6439684
8.386544,-0.5673981,-1.3573287
8.058429,-0.5554339,-1.5777674
7.8000035,-0.5985048,-1.7380866
7.1679993,-0.68464637,-2.181058
6.4471617,-0.78753775,-2.353341
6.957132,-0.5482555,-1.1084751
7.7234335,-0.009571291,-0.7253244
7.7234335,-0.009571291,-0.7253244
8.365009,0.9385847,-0.6942177
9.123833,1.7500507,-0.7109674
9.341879,0.0047856453,0.83060855
9.636196,-1.0438689,1.9657038
9.636196,-1.0438689,1.9657038
11.673684,0.48364928,1.4126626
14.043776,2.7795627,1.4581263
14.975182,4.0555353,1.1922239
13.8356,2.1978076,-0.7588239
13.8356,2.1978076,-0.7588239
13.196417,-0.14596218,-1.8577276
12.389438,-1.2065809,-2.5040889
10.390533,0.9816555,-1.8984057
10.119845,2.2169502,-1.8649062
10.119845,2.2169502,-1.8649062
9.660124,2.5232315,-1.5993029
8.439186,2.6336005,-0.98883396
5.5040903,2.4251258,-0.70618176
4.7018967,1.6686947,-1.6399808
4.7018967,1.6686947,-1.6399808
4.5726843,0.811466,-2.695814
5.003691,0.009571291,-3.2584262
5.6189456,-0.5458627,-3.4019957
6.1887364,-0.61046886,-2.827419
7.201499,-0.1794617,-1.5203397
10.694422,0.7923234,-0.45014977
11.233106,1.3046865,-1.0079765
11.233106,1.3046865,-1.0079765
12.487543,2.7843482,-1.3429717
14.728421,4.3501515,-1.041476
16.856838,1.4844474,3.1052856
19.045074,0.5985048,3.5886357
19.045074,0.5985048,3.5886357
16.169798,-0.2632105,4.1177487
10.320843,0.3281158,2.0877378
6.2294145,0.6655038,-1.2424731
7.172785,-0.6583253,0.019142581
7.172785,-0.6583253,0.019142581
9.408877,-1.989632,0.47886363
10.723136,-2.652743,-0.05742774
8.300403,-1.6471593,0.22013968
7.3546395,-0.7540382,0.11006984
7.3546395,-0.7540382,0.11006984
7.1488566,-0.062213387,-1.1252248
7.0340014,0.61764735,-2.3318057
6.7322063,1.489233,-2.4155545
6.7226353,1.218545,-1.7237296
6.7226353,1.218545,-1.7237296
7.6660056,0.9314062,-1.2831511
9.0233345,0.81864446,-0.7683952
11.249856,0.33529428,-1.7428722
11.805289,-1.3214363,-2.5232315
11.805289,-1.3214363,-2.5232315
11.283355,-2.882454,-2.1571295
10.308878,-3.667898,-1.8888344
10.373485,-2.9207392,-1.4796617
11.668899,-0.22731815,1.0295119
12.753446,2.4945176,3.7564325
13.888242,4.3118663,0.43818563
15.140286,4.618148,-0.42861435
15.140286,4.618148,-0.42861435
15.2934265,4.2927237,0.35204405
13.009478,3.6173496,0.9720842
7.443174,2.1738794,0.22731815
6.370591,1.1060823,-0.2440679
6.370591,1.1060823,-0.2440679
6.148059,0.17228323,-0.67028946
6.026025,-0.21296121,-1.2281163
5.4753766,0.84017986,-1.8266209
4.955835,1.8816559,-2.1475582
4.955835,1.8816559,-2.1475582
4.191926,2.2265215,-2.76042
3.3613176,1.6974086,-2.2815564
7.129714,0.8883354,-0.90029955
10.43839,0.8258229,-0.79471624
10.43839,0.8258229,-0.79471624
11.84836,1.3836497,-0.7085746
11.786147,2.815455,-1.0797613
13.55534,3.5838501,1.2352947
13.7324095,1.6615162,3.1986058
13.7324095,1.6615162,3.1986058
13.576876,-0.0071784677,2.4801607
12.372687,-1.5538392,0.45972106
11.829218,-1.9582262,-2.4155545
11.704791,-1.2209377,-3.0499516
11.402996,-0.6511469,-2.2671995
11.132607,-0.5554339,-1.218545
10.316056,-0.57457656,-0.73489565
10.316056,-0.57457656,-0.73489565
9.217153,-0.29940194,-0.22253251
8.637791,0.3376871,-0.2656033
9.06162,0.02632105,-1.4868401
9.08794,-0.7157531,-1.9007984
9.08794,-0.7157531,-1.9007984
8.668898,-1.204188,-2.0662024
8.403294,-1.0534402,-1.8553349
8.324331,-0.7157531,0.16510476
7.9148593,-1.6088741,-1.0031909
7.9148593,-1.6088741,-1.0031909
7.6492558,-2.3198416,-2.9279177
7.926823,-1.7787645,-2.8633113
9.349057,1.5610176,4.194319
12.712768,4.9677987,6.2605214
12.712768,4.9677987,6.2605214
18.64278,7.6660056,4.0890346
20.675484,6.849455,2.7436702
15.458831,4.5415773,1.5586249
14.28545,2.6216364,0.9720842
14.28545,2.6216364,0.9720842
12.8467655,1.0438689,0.6152545
11.671291,-0.18424734,0.033499517
9.0544405,0.3281158,-0.3999005
7.4862447,1.2999009,-0.4334
7.4862447,1.2999009,-0.4334
6.3658056,1.9007984,-0.45254257
5.3342,1.9295124,-0.3400799
3.9574296,1.4461622,-0.64636123
4.0555353,1.4003994,-1.2975081
5.020441,1.2783655,-1.8074784
7.1081786,1.2687942,-1.7811574
9.935597,1.6710875,-1.0582259
9.935597,1.6710875,-1.0582259
11.769398,2.2456641,-0.55304116
12.032608,2.3222344,-1.5634105
13.9935255,2.9542387,-3.1244283
18.963718,4.694718,1.7476579
18.963718,4.694718,1.7476579
16.25594,5.6189456,6.372984
7.5460653,5.1616178,4.2999024
8.0201435,2.6192434,0.663111
10.890634,1.3645071,1.2137593
10.890634,1.3645071,1.2137593
13.239488,1.7141583,2.3988047
12.940085,2.2528424,3.205784
10.950753,1.6543378,1.1467602
9.906884,1.2424731,0.87637126
9.906884,1.2424731,0.87637126
8.848659,0.6750751,1.1204392
7.6420774,0.10049855,1.3740784
6.25095,-0.09571291,0.7827521
6.512067,-0.20338993,0.51475596
6.512067,-0.20338993,0.51475596
6.9188466,-0.5554339,0.39511484
7.170392,-1.0582259,0.2416751
8.276474,-1.2544373,-0.72053874
9.265308,-0.8042875,-0.3807579
10.4718895,-0.22253251,0.15792629
11.597114,0.19860429,0.43100718
11.934502,-0.10289137,0.20338993
11.453245,-1.2233306,-0.80189466
11.187642,-2.260021,-1.8553349
11.340783,-2.719742,-2.3030918
11.209178,-2.6814568,-2.1762722
10.675279,-1.9007984,-0.9026923
10.675279,-1.9007984,-0.9026923
10.392926,0.09571291,1.244866
10.577173,2.0757737,3.1890345
11.402996,3.0595229,2.894418
13.464413,4.5296135,1.5131612
13.464413,4.5296135,1.5131612
13.86192,5.118547,1.4222339
13.081263,4.35733,1.1922239
10.486246,1.3621143,0.22731815
8.860622,0.10049855,-0.011964113
8.860622,0.10049855,-0.011964113
7.400103,-0.689432,0.031106694
6.451947,-0.71336025,-0.11006984
5.831907,1.1371889,-0.7109674
5.6237316,2.070988,-0.7157531
5.6237316,2.070988,-0.7157531
5.425127,2.5088747,-0.88354975
5.7003016,2.5378876,-1.2568301
8.137691,2.2169502,-1.8696918
9.808479,2.312663,-2.1667008
9.808479,2.312663,-2.1667008
11.161322,2.4825535,-2.003989
11.972787,2.3078775,-1.1994023
12.253047,2.6359932,-0.8596215
12.530614,3.6846478,-3.2177482
14.070096,4.3094735,-3.4833515
17.685352,3.7229328,-0.45972106
14.771492,2.6671,3.205784
8.108678,3.557529,3.0212376
6.897311,4.634897,1.1156535
7.177571,3.3038898,1.7787645
7.7330046,1.4868401,2.949453
9.981061,0.93619186,2.9781668
9.981061,0.93619186,2.9781668
11.458032,0.63200426,2.9207392
11.288141,0.72053874,2.5283163
9.571589,0.96729857,1.0534402
9.008977,0.6870392,0.91226363
9.008977,0.6870392,0.91226363
8.355437,0.285045,0.8596215
7.778468,-0.20338993,0.74207413
7.3402824,-0.5027919,0.4022933
7.251748,-0.13160525,0.40947178
7.251748,-0.13160525,0.40947178
7.278069,0.20338993,0.4956134
7.4886374,0.18424734,0.4142574
9.245867,-0.5195416,-0.45014977
10.483853,-0.7516454,-0.65353966
10.483853,-0.7516454,-0.65353966
11.156535,-0.83060855,-0.62482584
11.438889,-0.8955139,-0.3376871
11.762218,-1.2137593,-0.8330014
11.379068,-1.0869397,-1.4365909
10.787742,-0.96729857,-1.6471593
10.579566,-0.7325028,-1.5370895
10.402497,-0.42382872,-0.45254257
10.534102,0.3687938,1.8266209
11.948859,1.4581263,3.2321053
12.284153,1.2568301,4.124927
11.542079,0.74446696,4.3812585
11.78854,1.1371889,3.6511483
11.877074,1.5466608,3.1220353
10.943574,1.8337995,2.4634109
9.851849,2.1068804,1.5083755
9.58834,1.7524434,0.74446696
9.38495,0.41904306,0.5602196
9.38495,0.41904306,0.5602196
9.157332,-1.0199406,0.16031912
9.253045,-1.5442679,-0.059820566
8.5372925,1.0342976,0.8811569
7.697112,2.487339,1.1180464
7.697112,2.487339,1.1180464
6.8422766,2.8250263,0.9098708
6.2174506,2.4131618,0.4022933
6.602994,1.7069799,-0.31615168
7.2732835,1.6974086,-0.6655038
7.2732835,1.6974086,-0.6655038
7.9387875,1.745265,-1.2855439
8.544471,1.4964114,-1.9414765
10.989038,1.2927225,-1.7668004
12.334402,1.8290138,-0.7181459
12.334402,1.8290138,-0.7181459
12.20519,2.542673,-0.33050862
11.66172,3.2033913,-1.3621143
16.823338,3.7444685,0.15074782
17.381165,3.165106,4.465007
11.72872,3.9813578,5.2549376
6.7034926,4.508078,2.679064
5.7314086,3.071487,1.4653047
6.768099,0.4334,1.7356937
8.963513,-1.2759727,1.8146569
10.663315,-1.4389837,1.8194425
10.90499,-0.5554339,1.8026928
10.57478,0.72053874,1.326222
10.000204,1.3094722,0.89312106
9.394521,1.1156535,0.7253244
8.697611,0.61764735,0.63918275
8.05125,-0.09571291,0.6367899
8.099107,-0.45254257,0.4884349
8.099107,-0.45254257,0.4884349
8.635398,-0.35682967,-0.09332009
8.175976,-0.17228323,-0.24885355
7.7066836,-1.3477573,-0.19860429
7.606185,-0.11485548,-0.70378894
7.606185,-0.11485548,-0.70378894
7.6779695,0.5554339,-1.1132607
7.5774713,0.5099703,-0.76600236
12.200404,0.14117654,-0.023928227
14.244772,0.2416751,-0.31615168
14.244772,0.2416751,-0.31615168
13.406985,-0.4214359,-1.1970096
11.362318,-1.8840487,-2.14038
14.64228,-2.2911277,-0.047856454
4.76411,-1.5514464,-1.5801603
3.1363924,-0.7109674,0.148355
11.953645,1.1012967,3.3756745
15.516258,2.3653052,2.8082764
15.044573,3.1579278,2.4921248
13.794922,3.1579278,2.8633113
12.997514,2.288735,0.75643104
12.083157,1.7237296,-0.5554339
10.804492,1.1228321,-0.30418757
9.169296,0.05503492,-0.15553348
7.4647093,-0.83778703,-0.1363909
5.602196,-1.1539388,-0.17706887
4.9007998,-0.6942177,-0.80907315
6.538388,0.60807604,-1.4940187
8.829515,1.7428722,-1.3477573
9.679267,1.6950158,-1.4653047
8.908479,1.1802598,-2.003989
7.457531,0.8979067,-1.7428722
5.9327044,1.218545,-1.4150555
5.9327044,1.218545,-1.4150555
5.9231334,1.8649062,-2.3078775
8.17119,1.9295124,-1.8026928
10.0265255,1.8577276,-2.3653052
10.337592,1.1395818,-1.6304095
10.337592,1.1395818,-1.6304095
11.309676,0.89312106,-0.9840483
11.817254,1.407877,-1.5514464
12.174084,2.652743,-2.9542387
13.761422,1.4724833,-1.2616158
13.761422,1.4724833,-1.2616158
14.740386,1.2137593,1.2759727
12.983156,2.3150558,2.9829526
7.886145,1.6663018,2.0231316
7.0603223,0.29940194,1.1611172
7.795218,-0.66071814,0.7612167
8.52772,-1.0534402,0.79710907
9.471091,-0.39032918,0.6774679
9.710373,0.6128617,0.42382872
9.2075815,1.1252248,0.033499517
8.254939,0.97926265,-0.02871387
7.912466,0.62482584,-0.033499517
8.412866,0.13399807,-0.16271193
8.721839,-0.9098708,-0.54346985
9.636196,-2.0901306,-1.7979071
10.14138,-2.6814568,-1.7500507
8.810373,-2.2408783,-0.52193445
7.376175,-0.83060855,0.086141616
8.439186,-0.0071784677,-0.1363909
11.7311125,-0.22492532,-0.148355
12.609577,-0.581755,0.21296121
10.92174,-0.84765744,0.011964113
10.613066,-0.63200426,-0.3711866
10.613066,-0.63200426,-0.3711866
10.9579315,-0.15553348,-0.44775695
11.178071,-0.4621139,-0.53389853
10.124631,-1.9848464,-0.6367899
10.033704,-2.0135603,-1.4174483
10.033704,-2.0135603,-1.4174483
10.636994,-1.730908,-0.9601201
11.273784,-1.1204392,1.1515459
10.928918,0.148355,2.5283163
10.440783,0.62721866,2.8513472
10.849956,1.3716856,2.3054845
11.994323,1.5418751,0.43579283
11.783754,1.5658033,-0.32093734
11.826825,1.0247263,-0.5267201
11.989537,-0.20817557,0.29940194
10.225129,-0.4334,0.6942177
8.458329,-0.4764708,-0.047856454
7.4623165,-0.42382872,-0.5099703
6.815955,0.5027919,-1.0247263
7.0097737,1.7500507,-1.204188
6.873383,3.761218,-0.92662054
6.0714884,5.118547,-1.3597214
6.0954165,4.766503,-1.4102699
7.792825,3.0786655,0.40947178
8.750552,1.8577276,0.4429713
9.164511,1.4054842,-0.55782676
10.134202,0.78753775,-0.45014977
10.17488,0.43818563,-0.5841478
10.349556,0.5937191,-1.07019
10.816456,1.0582259,-1.5179468
11.676077,1.0271192,-0.03589234
13.316058,0.07178468,1.3669
14.235201,0.541077,0.9768698
14.235201,0.541077,0.9768698
13.873885,2.312663,-0.4022933
15.628721,3.0858438,-1.2496517
15.271892,3.004488,3.205784
14.316856,2.5232315,4.249653
14.316856,2.5232315,4.249653
13.557734,1.5610176,4.342973
13.792529,1.6328024,3.73729
19.753649,5.221438,5.901598
15.6359,3.6245282,-4.179962
10.53171,1.0319048,-4.692325
10.692029,0.9625129,-1.8170497
10.7016,0.91226363,0.033499517
9.38495,1.4676976,2.3150558
8.048857,1.7572291,1.5538392
8.274081,2.288735,1.0055838
7.522137,0.9457632,0.3400799
4.01725,-0.99601245,0.33290145
-1.2065809,-1.0271192,2.1284158
-4.328616,-1.1970096,2.4729822
-4.8361936,-1.3645071,2.231307
-5.628517,-0.95054877,2.8992038
-4.831408,-0.83778703,3.0236306
-3.7277186,-1.0749756,2.097309
-6.3777695,-1.2376875,3.4666018
-9.660124,-1.2807583,6.849455
-10.296914,-1.9657038,7.986644
-9.320343,-3.3182468,7.704291
-7.550851,-3.8210387,7.306783
-6.1791654,-2.449054,6.6771717
-6.262914,-0.392722,6.5479593
-7.6396847,0.8955139,7.5870423
-8.147262,1.1587243,6.9858456
-8.147262,1.1587243,6.9858456
-7.603792,0.86201435,5.089833
-5.870192,0.11246266,5.3700924
-0.5602196,-0.4142574,14.544174
-0.36640096,-1.4102699,15.8512535
0.38315073,-1.8840487,13.6606245
1.2568301,-1.4509479,10.782956
2.2145574,-0.77796644,10.526924
2.8609185,-0.42622152,11.314462
3.3182468,-0.9194421,12.894622
1.3812568,-0.94337034,15.693327
-0.5985048,0.047856454,15.597614
1.4557334,1.3597214,11.424532
5.5950174,2.1714866,5.7744794
7.062715,1.637588,1.2544373
6.5072813,0.974477,0.3400799
5.705087,2.0374885,4.2329035
4.005286,2.8034909,8.975478
2.6814568,2.6048865,10.395319
2.6024938,2.8776684,9.190832
3.4929228,3.3852458,9.092726
4.067499,3.4307094,10.883454
3.6487553,3.167499,10.526924
3.234498,3.3349965,7.66122
3.7396827,3.502494,5.266902
4.3764725,2.679064,4.4889355
3.5120654,1.5538392,4.2520456
1.934298,0.84017986,4.7401814
1.934298,0.84017986,4.7401814
0.663111,0.34247273,6.6460648
-0.68225354,0.7396813,11.158929
5.927919,-1.0510473,18.204596
5.7026944,-1.1324034,18.525532
5.7026944,-1.1324034,18.525532
3.7013974,-2.2145574,14.117952
1.2735798,-3.4809587,9.3562355
-1.0989038,-1.6519449,11.738291
-0.09571291,-1.2472588,12.566506
0.41904306,-0.21535404,9.640982
0.9290134,1.1156535,6.7058854
1.5658033,1.9920249,6.8685975
0.84765744,2.679064,8.058429
-0.33290145,3.4546378,8.400901
-0.6942177,2.9662027,8.800801
-0.023928227,1.730908,8.709874
1.015155,1.7021942,7.392925
1.582553,1.9992033,6.674779
1.6782659,2.085345,6.9762745
1.3429717,2.4131618,7.6803627
0.08853444,3.0140593,8.463115
-0.7109674,3.2727833,8.939586
-0.076570325,3.4809587,9.142975
0.8234301,4.278367,9.272487
0.93619186,4.814658,9.784551
0.5602196,4.182355,10.42164
0.69900334,3.0379875,10.198809
0.9242278,2.9183464,9.24826
0.2656033,3.6990047,9.174082
-0.3807579,3.8832521,9.731909
-0.11724831,3.7731822,9.640982
-0.08135597,4.4147577,8.987442
-0.4022933,5.0946183,7.75454
-0.41904306,4.685147,6.8781686
-0.38554356,3.3349965,6.265307
-0.6655038,2.379662,7.3163543
-1.2855439,2.1284158,10.845169
-1.378864,1.8864416,13.392629
-0.69900334,2.0542383,13.071691
-0.37597227,2.6240292,10.222736
-0.5099703,3.0523443,7.2206416
-0.43818563,3.114857,6.9212394
-0.30418757,2.8728826,9.06162
-0.16510476,2.612065,11.628221
0.043070808,2.4179473,12.454043
-0.014356935,2.4921248,10.6681
-0.5027919,2.7436702,8.012965
-1.2735798,3.0738797,6.6628146
-1.556232,3.4402807,6.954739
-1.055833,3.670291,8.1015
-0.5051847,3.8521454,9.111869
-0.34965122,4.045964,9.380164
-0.5721837,4.2185464,8.95155
-0.7492526,4.3118663,8.199904
-0.49322057,4.2687955,8.175976
-0.30179477,4.194319,9.279665
-0.31375888,4.05075,10.414461
-0.31375888,4.031607,10.562817
-0.31615168,4.2038903,9.875777
-0.14117654,4.2257247,9.286844
0.069391854,4.196712,9.19801
0.3065804,4.23051,9.368199
0.7085746,4.0651064,9.590733
0.93619186,3.7660038,9.784551
0.9098708,3.4666018,9.856635
0.663111,3.1339993,9.897313
0.21296121,2.9374888,10.002597
0.0071784677,2.935096,9.902099
0.22253251,3.016452,9.571589
0.72771716,3.167499,9.142975
1.2927225,3.3182468,8.843872
1.4003994,3.3206396,8.673683
0.71336025,3.2201412,8.348259
-0.2727818,3.2703903,7.94118
-0.45972106,3.4426737,7.7832537
0.29461628,3.6197424,8.130213
0.73489565,3.9813578,9.236296
0.6439684,4.167998,9.770194
0.46929234,4.151248,8.695218
0.27756742,4.345366,7.2876406
-0.16031912,4.4171505,6.3083777
-1.1276177,4.3525443,6.4232335
-1.4988043,4.412365,8.029715
-0.689432,4.570291,9.916455
0.39511484,4.6564326,10.572388
0.80189466,4.699504,9.892527
0.3472584,4.8601217,9.35145
-0.15314065,4.8385863,9.609875
-0.3185445,4.651647,10.009775
-0.33050862,4.575077,10.3017
-0.4142574,4.5008993,10.412068
-0.3999005,4.4458647,9.719945
-0.39511484,4.4458647,9.176475
-0.41904306,4.0651064,10.754242
-0.26799613,3.289533,13.19881
-0.4549354,2.801098,14.024632
-0.8258229,2.5666013,12.576077
-1.1324034,2.5088747,10.213165
-1.1180464,2.815455,8.568398
-0.44057846,3.2249267,7.5173516
0.16510476,3.5934215,6.617351
0.0047856453,3.749254,6.0834527
-0.71336025,3.4833515,6.36102
-1.4940187,2.9829526,7.4072814
-1.7165512,2.7388847,8.680861
-1.0845468,2.951846,9.3562355
-0.33050862,3.4402807,8.9826565
-0.09810573,3.856931,8.405686
-0.4022933,3.978965,8.286046
-0.9720842,3.8880377,8.302795
-1.3166506,3.9741793,8.56122
