3.8784664,3.3900316,7.325926
3.6436708,3.8114674,7.84786
0.8883354,5.0539403,9.559626
-2.8465617,6.6628146,11.096715
-0.9840483,5.8008003,10.610673
2.516053,4.254439,10.366306
2.9159534,4.28076,10.6154585
2.4179473,4.453043,9.784551
1.378864,4.651647,8.482257
0.57936215,4.9438705,7.500602
0.8596215,5.0826545,7.172785
1.637588,4.970192,7.7760754
2.2671995,4.936692,8.633005
1.7093726,4.965406,8.197512
0.7923234,4.9055853,7.3522468
1.1587243,4.759324,7.993822
1.9558334,4.5822554,9.629018
2.1308086,4.4147577,11.008181
1.6567305,4.1871405,11.352747
0.93619186,4.1105704,10.383355
0.8330014,4.240082,9.253045
1.3429717,4.398008,8.975478
1.6902301,4.517649,9.183653
1.5801603,4.3740797,9.001799
0.9816555,4.179962,8.39133
0.40947178,4.072285,8.388937
1.096511,4.0292144,8.549256
2.7723842,4.0938206,8.546864
3.2871401,4.041178,7.359425
2.7005994,3.2584262,5.1616178
3.7851462,2.7125635,4.9725847
4.5128636,2.8393831,7.065108
3.3637104,2.734099,8.197512
3.2871401,1.8050855,6.399305
3.610171,0.62721866,5.1065826
3.6005998,0.023928227,6.143273
2.868097,-0.009571291,11.089537
1.7093726,-0.22731815,16.22244
1.2137593,-1.9031913,15.369997
1.1324034,-2.7388847,9.044869
1.4940187,-0.08135597,1.4557334
1.7883358,3.3924243,-1.6064813
-2.164308,5.35095,-0.98644114
-10.6561365,4.1105704,-2.975774
-8.896515,-2.652743,-6.954739
-2.0757737,-9.097511,-5.18076
-1.2568301,-11.642578,-0.10289137
-3.141178,-11.884253,4.9438705
-7.1823564,-11.391032,14.211273
-9.899706,-10.040882,12.530614
-10.17488,-8.587542,2.3485553
-11.388639,-9.796515,-1.879263
-17.627625,-10.462317,0.3711866
-24.549164,-9.107083,6.171987
-28.83441,-6.5431733,11.115857
-31.56133,-4.3932223,15.951752
-28.178478,-1.474876,17.218452
-19.224535,4.465007,15.564115
-15.070894,6.6245294,10.431211
-15.44926,2.9015965,7.2086773
-14.058132,-0.4956134,5.8749776
-13.615161,-1.4676976,1.0869397
-8.68804,-0.20817557,2.707778
-3.9311085,2.1571295,4.8601217
-7.663613,2.3318057,3.112464
-10.672886,1.7356937,2.4729822
-9.835099,2.396412,0.09092726
-5.870192,2.7508488,-0.18903299
-7.1392856,4.26401,0.974477
-7.8406816,3.478566,0.581755
-2.3605196,0.1698904,2.056631
-0.907478,-4.3645086,1.8170497
-1.7715861,-9.310772,-0.7492526
-2.3341985,-8.848659,-0.7253244
-3.0332017,-4.881657,0.19142582
-1.5873387,-3.1986058,0.70378894
-0.6008976,-3.6607196,-1.8553349
-5.901598,-2.652743,-3.6077783
-15.1091795,-0.57936215,-1.9295124
-25.731817,2.7556343,0.36161533
-27.043682,3.6053855,0.62961143
-20.117657,1.5873387,-1.9223338
-16.828123,1.3884354,-2.7149563
-13.459627,1.6016957,-0.7325028
-6.672386,-0.51475596,1.611267
0.7013961,-3.828217,2.5331018
2.8393831,-4.0627136,0.050249275
3.1004999,-3.2440693,-4.108177
1.9414765,-3.423531,-4.817051
3.1028929,-6.3346987,-3.8545382
8.18794,-13.797315,-3.2033913
1.5059828,-16.157833,0.45732823
-7.54128,-12.403794,3.9000018
-1.8242282,-13.904991,2.6862426
0.83060855,-15.226428,-0.8452646
-3.5551362,-14.338391,-2.9614172
-9.372986,-20.842981,-1.7955143
-17.021942,-27.903303,0.58893347
-10.524531,-25.207489,-0.933799
4.402794,-17.4697,-3.6364923
14.831313,-10.60828,-0.22253251
13.919349,-6.969096,7.3713894
4.359723,-8.506186,8.015358
1.055833,-10.363914,3.1100712
1.5753746,-10.203594,1.1060823
0.2440679,-10.687243,0.2727818
-2.4658036,-12.971192,-1.7548363
-6.471389,-16.358831,-4.304688
-10.818849,-18.91347,-4.7859445
-16.430616,-20.48645,-3.926323
-21.558733,-21.831814,-0.64875406
-19.6029,-21.700209,4.5559344
-10.885847,-22.482962,11.290534
-2.5402803,-22.387249,13.454842
1.0677971,-18.685852,5.1496534
1.8457636,-14.391033,-2.8489544
2.6312077,-9.286844,-4.5224347
3.6364923,-4.1775694,-3.3637104
3.8617167,-0.5075775,-2.2624137
3.1627133,1.8864416,-2.015953
3.6655052,3.7396827,-3.519244
5.144868,6.0786667,-8.032107
5.2477593,9.183653,-9.798908
6.1217375,7.2589264,14.39582
8.290832,-4.3118663,13.205988
7.3546395,-10.7685995,-8.199904
4.857729,-9.322736,-6.25095
2.9255247,-13.66541,-6.5288167
1.6926229,-22.66003,-3.4283166
3.531208,-27.019753,-3.909573
2.3198416,-28.12105,-9.375379
-7.2996044,-31.649864,-12.753446
-17.235203,-32.80141,-14.86242
-27.656544,-26.172396,15.381961
-26.241787,-15.516258,26.706293
-13.842778,-6.1911297,0.6942177
-8.063214,-1.8146569,1.1132607
-8.35783,-1.9414765,7.6277204
-11.185249,-1.1587243,6.602994
-11.534901,0.50039905,4.9606204
-10.388141,1.6184454,4.409972
-10.069596,2.7963123,5.003691
-9.550055,1.4796617,4.793123
-7.2972116,-2.3054845,1.6710875
-8.4655075,-7.574779,-1.582553
-15.937395,-15.58565,-2.6694927
-24.316761,-28.408487,0.13878371
-20.747269,-38.896828,0.84017986
-12.083157,-42.717865,-4.2687955
-3.0810583,-40.328632,-2.1092732
5.030012,-26.730223,2.1044874
4.57747,-13.586447,0.7683952
3.885645,-9.147761,-0.25603202
5.3796635,-8.293224,-1.4027922
6.4761744,-6.7704916,-2.585744
6.650851,-4.0005,-2.908775
7.199106,-1.5346966,-3.1387851
8.257332,0.5386842,-3.6436708
7.9555373,2.9542387,-1.5323038
3.5766716,5.829514,5.0659046
-3.0933216,7.0172515,10.459925
-7.510173,3.938287,5.046762
-6.576673,0.5602196,-6.741778
-1.8314066,-0.39511484,-9.099904
0.0526421,-3.114857,-4.237689
-1.5945172,-16.184155,-1.0941181
1.4461622,-31.762627,0.6966105
12.379867,-32.310883,-3.9861434
16.028622,-27.22105,-10.534102
5.42752,-27.13461,-10.390533
-6.356234,-28.575985,-6.7034926
-14.927325,-30.261429,-4.9917274
-19.080965,-30.361929,-2.2121646
-24.924837,-22.394426,14.867206
-26.665615,-8.0345,20.160727
-15.88236,-0.62721866,7.3378897
-8.769695,0.71336025,6.4351974
-8.894122,1.8696918,5.645267
-9.282058,1.9680966,-0.46929234
-10.165309,3.1292138,-1.1611172
-13.979169,2.8130622,3.5048869
-13.409378,-0.96490574,6.401698
-9.655338,-3.5647075,2.6240292
-10.634602,-7.589435,-1.3836497
-19.813469,-20.325832,2.396412
-26.955147,-38.22654,1.9680966
-19.456938,-48.363132,-4.8026943
-6.3346987,-47.685665,-7.0675006
6.3849483,-37.091743,-2.5283163
10.881062,-20.34258,2.9374888
7.500602,-9.229117,2.8992038
5.886942,-5.8414783,1.9247267
5.927919,-6.076274,0.16271193
5.9350977,-5.5447683,-1.8074784
5.4107704,-3.411567,-2.2528424
5.1903315,-0.9720842,-2.0111675
6.3179493,1.1276177,-3.3062828
6.035596,3.0523443,-4.5391846
2.530709,4.5128636,-2.8896325
-1.2281163,4.546363,-0.3711866
-3.1100712,3.4067812,-1.1060823
-1.8433708,1.8266209,-4.086642
-1.2951152,-1.3549358,-2.6192434
-3.222534,-6.061917,-2.056631
-1.625624,-19.981266,1.5346966
4.3405805,-31.048967,6.3514485
8.274081,-23.706291,-0.15074782
9.382557,-18.425034,-8.211868
5.492126,-25.339094,-9.114262
-2.7532415,-31.958838,-5.2334023
-10.92174,-33.8716,-4.76411
-17.273487,-24.099014,10.158131
-14.38864,-12.011072,19.174286
-10.5436735,-3.978965,14.070096
-9.253045,-0.6559325,8.089535
-11.079966,1.5251254,5.348557
-11.647364,1.9007984,2.1690936
-10.2825575,2.300699,-0.05503492
-7.900502,2.3629124,1.407877
-6.914061,-0.33050862,3.1435707
-7.2637124,-2.3868406,2.0255244
-8.125427,-5.712266,-0.5985048
-14.139488,-16.607985,-1.5083755
-20.725733,-31.779377,0.5913263
-16.155441,-38.827435,-0.021535404
-16.155441,-38.827435,-0.021535404
-8.156834,-40.646877,-6.1265235
-1.8098712,-41.49693,-10.526924
5.590232,-31.652258,-7.4886374
8.446364,-16.538292,4.2185464
6.6963143,-7.6779695,10.36152
5.779265,-6.17438,5.1161537
7.1823564,-6.5048885,0.34247273
7.591828,-5.089833,-1.2759727
6.859026,-2.5283163,-1.9319052
6.916454,0.02871387,-3.6412778
6.6149583,2.8106692,-6.6891356
3.5144582,6.2844496,-6.104988
-1.1850454,8.633005,0.87637126
-4.9438705,7.804789,6.5312095
-4.888836,3.7947176,1.2520444
-1.3501502,0.581755,-5.4586267
0.28265217,-2.8058836,-3.7396827
2.3772693,-19.164715,0.70378894
9.123833,-37.415073,0.8500503
16.507187,-33.804604,-6.8685975
16.478472,-23.62015,-11.778969
7.0097737,-25.884956,-9.202796
-4.0387855,-32.653057,-4.8673005
-24.154049,-29.579176,4.9319067
-21.331415,-16.366009,17.18974
-21.331415,-16.366009,17.18974
-16.284653,-5.0156555,12.28176
-13.253844,-0.09092726,8.307581
-8.046464,0.27038896,2.6144578
-6.7441707,1.2352947,0.44057846
-6.7441707,1.2352947,0.44057846
-5.276473,2.1379871,-0.541077
-7.1153574,2.0350957,-0.83778703
-10.610673,0.19860429,5.3796635
-7.811968,-0.60807604,1.5227325
-7.811968,-0.60807604,1.5227325
-8.721839,-5.9135623,-1.6902301
-16.710875,-18.832113,-3.3445678
-24.597021,-37.903507,-2.1427727
-18.726528,-48.870712,-1.3453646
-6.5288167,-46.206005,-7.1560354
4.074678,-34.283466,-7.187142
8.623434,-18.946968,2.9111679
5.29083,-9.731909,8.250154
3.7348971,-7.254141,4.8529434
5.185546,-7.5532436,0.6870392
6.3370914,-6.4088764,-1.0845468
6.483353,-3.8042889,-1.6663018
5.9303117,-1.2281163,-2.547459
4.6325045,0.98883396,-3.4354951
2.7819555,2.9829526,-3.3349965
0.8234301,4.644469,-2.0805593
-1.5873387,5.2477593,-1.6806588
-1.6423737,4.199105,-3.2273195
0.81625164,2.5905297,-3.73729
0.18424734,-2.9327033,1.1491531
3.8210387,-24.824339,2.3557339
12.5449705,-35.79184,0.9720842
12.5449705,-35.79184,0.9720842
17.335701,-31.585258,-6.8279195
8.3530445,-26.461927,-9.41127
-12.511472,-33.44089,-6.006882
-22.255644,-31.247871,1.9848464
-22.255644,-31.247871,1.9848464
-22.205395,-20.151155,13.600804
-17.0028,-7.120143,11.549257
-11.154142,0.6343971,7.251748
-10.189237,1.0390832,2.7580273
-10.189237,1.0390832,2.7580273
-8.575577,2.111666,0.63918275
-8.142476,3.2488549,-0.9290134
-11.235498,3.289533,0.6870392
-12.679268,1.3022938,4.735396
-8.99462,-0.49800622,4.476971
-7.0196443,-2.0638096,0.3185445
-10.014561,-8.906086,-1.5251254
-20.084156,-25.229025,-3.301497
-28.075586,-45.1741,-4.625326
-20.105692,-52.46413,-5.372485
-5.061119,-44.489452,-9.705587
6.6915283,-30.012278,-5.391628
11.309676,-15.5545435,8.412866
8.365009,-8.032107,10.82842
6.0284176,-6.875776,4.4817567
6.133702,-5.0276194,-1.3884354
6.669993,-2.6575286,-2.044667
6.669993,-2.6575286,-2.044667
8.010572,-0.41904306,-3.3038898
7.8550386,1.9558334,-5.736194
-0.8787641,6.619744,-2.1667008
-3.423531,6.7728844,0.2727818
-3.423531,6.7728844,0.2727818
-3.8234315,4.019643,-2.5402803
-4.7715874,-1.570589,3.3684962
3.399603,-23.811577,1.0486546
13.114761,-36.969707,2.0183458
13.114761,-36.969707,2.0183458
17.91267,-27.508188,-4.9031925
14.761921,-19.325033,-8.271688
-0.54346985,-30.129824,-4.108177
-8.836694,-35.71288,-4.658826
-8.836694,-35.71288,-4.658826
-20.215761,-33.71607,-2.990131
-23.727827,-22.18625,10.43839
-18.637995,-8.700303,16.854445
-15.437295,-1.0175478,10.452746
-13.91217,0.023928227,4.963013
-11.6019,0.5171488,2.231307
-10.493424,2.231307,0.29461628
-9.789336,3.6894333,-1.2999009
-10.306485,4.314259,0.34965122
-12.023036,2.4969103,2.4945176
-9.746265,-0.53389853,1.4461622
-7.172785,-4.9989057,-0.57936215
-11.335998,-14.086846,-1.4174483
-19.669899,-32.459236,-2.1140587
-18.156738,-51.829735,-2.0207388
-4.831408,-53.11797,-5.4777694
7.426424,-35.68895,-0.6200402
9.863813,-17.680567,10.091131
6.0810595,-9.782158,8.506186
5.0515475,-7.862217,2.7915268
5.372485,-7.5580297,-0.49082774
5.8797636,-6.076274,-2.2097716
5.8151574,-3.1842487,-3.7013974
5.561518,-0.12921242,-7.2397842
4.970192,3.0236306,-10.706386
2.4179473,5.8271213,-8.769695
-1.1682956,7.022037,-2.1906292
-4.342973,6.4570317,4.469793
-3.0858438,1.434198,16.401901
0.7851449,-10.158131,14.017454
6.4570317,-15.362819,-3.8665023
12.102299,-18.2357,-7.500602
16.45933,-23.986551,-5.0419765
19.858932,-22.023241,-6.5144596
14.979967,-20.54627,-8.563613
5.0395837,-24.625734,-8.968299
-5.8797636,-31.982767,-7.4096746
-15.729219,-39.665524,-13.926527
-25.059134,-36.033516,12.906587
-24.225834,-19.011574,35.413475
-13.974383,-4.8936214,10.447961
-9.3155575,0.3807579,4.3334017
-8.860622,1.3501502,5.1233325
-8.810373,1.8816559,-2.5642085
-9.29163,4.194319,-2.7843482
-14.584852,5.0156555,3.8617167
-18.341284,1.9680966,6.5168524
-12.116655,-1.6758732,1.89362
-6.215058,-5.413163,-0.11006984
-11.127822,-14.78585,1.5299109
-20.795124,-31.75545,2.7364917
-20.948265,-47.769413,-1.867299
-9.863813,-53.297432,-8.015358
2.9422746,-45.894936,-9.966704
10.562817,-29.42813,-6.2605214
11.386247,-14.4795685,2.6072793
9.550055,-7.093822,6.107381
8.879765,-4.8242297,2.3150558
9.404092,-3.3230324,-0.5386842
9.607482,-1.3860425,-2.2360928
9.361021,1.311865,-4.031607
7.7736826,5.640481,-5.2716875
3.3852458,9.926026,-3.0379875
-1.9510478,10.696815,2.3437698
-6.2365932,6.602994,7.6660056
-5.9063835,0.4142574,0.5075775
-2.2576282,-4.151248,-5.7409797
2.003989,-11.29532,0.18903299
9.650553,-28.051659,5.2716875
18.199808,-33.48875,-0.9816555
21.953848,-22.114168,-10.49821
17.510378,-17.651554,-11.096715
5.956633,-23.758934,-9.490233
-5.386842,-33.756744,-6.3753767
-15.226428,-40.362133,-8.434401
-23.50051,-35.45176,1.4389837
-22.744078,-20.524734,19.863718
-19.44019,-3.0116663,18.206987
-17.491234,4.6899323,8.848659
-13.186846,2.3389843,3.0188448
-9.935597,2.3174486,0.9768698
-8.841479,3.8330028,1.7811574
-11.769398,3.6412778,2.1595225
-13.440485,-0.17467605,3.626921
-8.499007,-3.1292138,3.19382
-5.3964133,-4.6779685,0.18185452
-10.42164,-12.844373,-1.5011971
-22.502104,-29.598318,-2.679064
-25.70071,-45.928436,-0.4142574
-15.391533,-50.812485,-2.516053
-2.6024938,-46.05047,-10.237094
7.474281,-33.328133,-9.581161
11.537293,-17.357237,1.0725827
12.269796,-8.386544,8.874979
10.782956,-5.729016,6.0571313
8.522935,-4.314259,1.230509
7.5723863,-2.2025933,-0.45972106
7.292426,-0.06460621,-0.8210373
6.411269,2.9398818,-4.0962133
4.01725,7.1823564,-7.103393
0.74446696,9.949955,-5.2310095
-2.8058836,10.452746,1.1778669
-6.602994,5.1735816,5.046762
-6.4423757,-1.326222,-2.2552354
-5.6620164,-6.2318077,4.261617
0.8353942,-14.87229,7.170392
12.9185505,-29.37788,-1.4294125
20.96023,-32.26512,-6.629315
21.223738,-22.327429,-14.182559
10.981859,-22.801506,-12.664911
-1.1204392,-29.739496,-7.9100733
-9.511769,-35.217266,-5.2334023
-21.652353,-38.298325,-2.5546372
-25.56432,-28.92803,21.621246
-13.926527,-13.318451,20.541485
-8.084749,-4.4913282,-0.9936196
-10.713564,-0.069391854,4.888836
-11.862718,0.36400816,5.0539403
-11.003395,0.9984053,-0.6942177
-11.912967,4.01725,1.7237296
-13.979169,5.573482,5.2166524
-14.22563,3.045166,5.266902
-8.970692,-0.56500524,2.7819555
-5.1664033,-4.6061835,-0.5913263
-12.65534,-15.688541,-0.83778703
-22.214966,-32.957245,1.6734804
-19.358534,-43.87659,-0.6798607
-8.724232,-47.36712,-7.5774713
1.7380866,-45.559643,-10.943574
7.960323,-31.889446,-5.29083
7.876574,-15.099608,5.4179487
5.956633,-7.7258263,6.3131633
5.0395837,-6.48096,0.80907315
5.7433724,-5.3940206,-1.462912
6.8853474,-3.5910287,-2.0685952
8.242975,-1.1970096,-2.94706
9.487841,1.6998014,-5.4203415
7.596614,5.389235,-7.483852
2.6336005,8.62822,-4.5152564
-4.536792,9.193225,10.287343
-12.861122,2.9662027,18.096918
-9.298808,-3.4977086,-1.2783655
-0.8859426,-4.821837,-10.103095
3.234498,-14.7356,-0.9601201
11.5157585,-28.683662,-0.7253244
21.831814,-25.77728,-9.528519
23.986551,-17.907885,-14.783457
12.707982,-22.023241,-10.797313
-1.6591234,-30.158539,-6.942775
-12.858729,-37.340893,-6.562316
-23.342583,-39.758842,-9.171689
-25.839493,-29.380272,18.57339
-19.691435,-12.588041,26.708687
-14.968003,-0.33050862,8.724232
-13.004692,3.2727833,8.752945
-10.916954,2.2121646,2.600101
-7.9316087,3.2799616,-0.53389853
-6.0140605,4.618148,0.0526421
-8.099107,3.8066816,2.5833511
-12.05175,0.9457632,4.4745784
-10.148559,-0.933799,2.3030918
-6.224629,-3.2416766,-0.5386842
-9.523733,-11.395818,-0.38315073
-23.071896,-30.8384,0.059820566
-25.181168,-48.418167,-0.9936196
-10.457532,-51.23123,-5.331807
3.9717865,-41.65007,-7.390532
11.594721,-25.10699,0.33290145
8.700303,-12.899407,6.748956
5.259723,-8.0201435,4.486542
5.681159,-6.512067,0.8452646
6.495317,-4.886443,-0.9409775
6.9020967,-2.6431718,-1.5610176
7.1081786,-0.2656033,-2.8704898
6.969096,2.7723842,-6.748956
5.573482,6.3107705,-8.637791
1.8840487,8.003393,-4.6731825
-3.3661032,7.3689966,4.4578285
-6.9882383,2.7771697,7.2158556
-4.249653,-4.316652,3.246462
6.4618177,-12.303296,3.9430726
15.286248,-25.257738,2.516053
16.641483,-27.539295,-5.6261244
16.023836,-17.828922,-10.0983095
12.908979,-16.55265,-9.052048
3.9047875,-23.813969,-7.740183
-9.509377,-35.07848,-6.725028
-24.089443,-44.128136,-11.762218
-24.903301,-37.3385,5.791229
-18.051455,-18.980467,25.049562
-16.622341,-1.0606186,17.850456
-13.821242,5.688338,9.547662
-12.293725,3.978965,3.2703903
-10.873883,4.996513,1.3812568
-8.733803,6.033203,2.6551359
-10.251451,3.9622152,2.6694927
-10.43839,-0.5913263,3.0738797
-5.494519,-2.719742,2.8633113
-2.8178477,-3.7707894,-0.474078
-7.4623165,-11.036895,-1.6663018
-22.356142,-30.56771,-4.1464624
-28.879873,-47.594738,-4.002893
-16.184155,-48.236313,-3.909573
-1.0223335,-38.990147,-7.1679993
8.175976,-26.246572,-3.6583266
10.409676,-15.856039,3.7971103
8.556435,-10.510175,5.425127
7.5436726,-8.056036,2.1475582
9.368199,-5.752944,0.2656033
11.6019,-2.7388847,-1.1587243
11.5684,1.7931215,-5.899205
8.082356,7.4359956,-9.205189
8.082356,7.4359956,-9.205189
-1.3740784,9.770194,0.7325028
-4.328616,6.768099,2.7675984
-3.3278182,1.7955143,-3.6894333
-0.9194421,-2.992524,-3.1555347
5.1592245,-12.741482,5.8414783
13.715659,-29.629425,7.089036
18.013168,-31.200014,-3.844967
17.879171,-18.386747,-15.777076
11.161322,-17.438593,-16.785053
-0.27996024,-28.413273,-11.800504
-13.509876,-40.290348,-5.1352963
-26.222645,-43.565525,3.4331024
-24.42713,-32.358738,12.183655
-18.661922,-11.072786,22.662424
-16.849659,0.11724831,17.663517
-11.49871,0.0071784677,5.329115
-9.942777,0.69900334,2.248057
-8.333902,2.7819555,-0.29940194
-5.408377,4.634897,0.2727818
-5.535197,4.438686,-0.13399807
-9.200403,2.8537402,1.5514464
-11.8028965,0.8979067,2.6862426
-9.698409,-2.4562325,0.11724831
-10.766207,-10.713564,-1.2616158
-22.65046,-27.295227,0.6966105
-25.260132,-43.345085,0.9936196
-12.456436,-49.952866,-4.546363
1.1276177,-47.429634,-9.147761
11.072786,-34.166218,-6.049953
12.753446,-18.525532,2.0733807
10.241879,-10.007382,6.3538413
9.377771,-6.847062,3.8641095
10.974681,-4.7018967,0.29940194
12.676875,-1.407877,-3.0909286
11.960823,4.28076,-9.238688
8.336295,10.974681,-11.125429
3.4259238,13.409378,-5.7074804
-0.60329044,10.565209,0.78753775
-6.3346987,4.3094735,10.28495
-5.681159,-0.7540382,1.352543
0.27756742,-4.8529434,-6.006882
10.593924,-20.730518,9.109476
20.40958,-34.829327,5.8654065
21.230917,-27.070004,-10.517353
18.264715,-16.94298,-16.071692
7.711469,-21.340986,-14.615959
-6.698707,-34.19972,-9.564411
-22.032812,-45.152565,-5.8797636
-27.884161,-39.964626,4.8290153
-21.47977,-22.00649,19.538294
-18.801006,-2.6838498,24.32394
-16.868801,5.221438,14.153845
-12.650555,3.6245282,4.5152564
-10.680065,4.4458647,2.8704898
-8.568398,5.0132627,0.3400799
-8.197512,3.761218,0.51236314
-9.147761,0.30418757,1.1706885
-7.6348987,-2.1762722,2.638386
-5.7840505,-2.6407788,1.0534402
-7.400103,-5.9374905,-1.4940187
-14.68535,-17.3692,-3.2919257
-26.323143,-36.89553,-3.8425741
-24.280869,-51.6407,-1.3884354
-6.7609205,-48.147778,-4.5152564
7.053144,-31.307692,-4.735396
11.78854,-15.314962,4.362116
9.413663,-7.41446,7.5774713
5.819943,-5.3940206,4.469793
5.2812586,-5.118547,1.4318053
6.485746,-3.777968,-0.29940194
7.6492558,-1.7380866,-1.2735798
7.565208,0.42382872,-4.354937
4.156034,3.5694933,-7.498209
-0.45732823,6.1360946,-5.8920264
-2.8657043,5.985347,-3.5479577
-2.0015962,4.642076,-4.156034
0.02632105,-5.604589,9.035298
4.338187,-17.192131,11.896217
10.119845,-22.03999,1.1084751
16.038193,-24.14687,-2.032703
20.87648,-20.23012,-9.107083
13.926527,-19.028324,-13.600804
1.378864,-25.274488,-11.46521
-9.128618,-35.80141,-8.56122
-25.061527,-44.961136,-10.105488
-29.014172,-37.19942,13.450056
-20.201405,-14.472389,36.54588
-18.480068,-1.2161521,18.757635
-17.704494,2.2169502,6.2007008
-12.937693,4.223332,3.8736808
-7.498209,4.4889355,-0.94337034
-5.59741,4.8003016,1.1156535
-7.282855,2.7173493,2.0374885
-7.630113,-0.36640096,1.4653047
-5.0156555,-1.8505492,0.078963146
-4.79073,-4.8361936,-1.2975081
-12.9353,-16.931015,-2.6982067
-24.77409,-36.730125,-5.0659046
-21.116062,-46.277786,-3.0690942
-7.2996044,-45.24618,-4.7545385
4.1464624,-36.42863,-5.748158
11.084751,-20.775982,4.048357
9.7654085,-11.079966,9.406485
7.069894,-8.082356,6.524031
6.5742803,-7.0172515,2.0231316
7.144071,-4.912764,-1.8481563
7.2302127,-2.1284158,-3.938287
7.1823564,0.8258229,-5.9757752
6.775277,4.398008,-7.9794655
4.6971107,7.6755767,-5.5854464
-0.9194421,9.174082,1.5538392
-6.2868423,6.77767,3.5479577
-5.360521,-3.19382,9.35145
3.263212,-13.794922,5.8247285
12.140584,-26.478676,-1.8290138
17.476877,-29.715567,-2.841776
19.22932,-19.03311,-7.780861
14.383855,-16.150656,-7.66122
4.9055853,-22.049562,-6.856633
-4.7425747,-31.499117,-6.444769
-17.235203,-42.011684,-13.579268
-25.861029,-38.65276,6.06431
-18.592531,-20.625235,33.699318
-10.883454,-5.709873,20.218155
-12.190833,0.47886363,7.103393
-13.014263,1.4318053,4.9989057
-11.077573,2.975774,0.325723
-11.345569,4.694718,1.082154
-14.678172,2.894418,2.7819555
-12.18844,-0.5195416,4.3118663
-5.994918,-1.3908281,3.275176
-4.319045,-2.6838498,-0.8452646
-10.091131,-11.115857,-1.9486549
-24.592236,-32.612377,-1.6639091
-22.703102,-49.622356,-0.6056832
-6.7369924,-49.63671,-4.211368
4.304688,-41.580677,-8.760123
11.905788,-27.003004,-3.3565319
11.144571,-12.669697,3.7588253
7.606185,-5.791229,4.6899323
6.9762745,-4.005286,2.2360928
7.6181493,-3.2584262,0.038285162
8.977871,-1.8984057,-1.5873387
11.048859,0.22013968,-3.868895
8.877372,3.5001013,-5.6596236
-4.0555353,7.4048886,5.0132627
-8.072785,5.482555,5.451448
-8.072785,5.482555,5.451448
-4.9845486,2.4179473,-2.3365912
-1.6495521,-3.8880377,-0.67028946
16.217655,-36.795033,-0.4621139
22.095026,-30.60151,-12.363116
19.514366,-20.435902,-16.624733
7.77129,-22.01367,-10.660922
-0.4022933,-27.979874,-3.6894333
-8.59472,-34.99204,-3.976572
-22.315464,-33.17499,7.172785
-23.902803,-19.799112,18.214167
-13.074084,-9.509377,9.18126
-7.8167534,-3.234498,5.7314086
-10.7279215,0.39032918,6.658029
-13.344772,1.879263,4.2592244
-12.547363,4.6325045,2.679064
-12.818051,5.956633,2.7053852
-11.606686,2.5785656,4.0651064
-6.2844496,-1.2735798,3.4474592
-2.5833511,-2.0015962,0.7636095
-4.8792644,-5.6931233,-1.311865
-14.364713,-18.02274,-2.5136602
-22.001705,-37.537106,-2.4514468
-14.094025,-48.901817,-1.6423737
-0.51236314,-45.705605,-4.575077
8.906086,-31.448868,0.72053874
10.416854,-15.571294,7.792825
6.148059,-8.755338,4.1608195
4.304688,-6.7058854,0.45254257
4.0818563,-5.4729834,-0.7253244
5.3365927,-4.1344986,-0.9098708
6.114559,-2.2624137,-1.6208383
6.2988067,-0.07178468,-3.9957147
5.468198,2.4227328,-7.5029945
1.8696918,4.4578285,-6.559923
-2.6599214,5.2429733,-0.72293156
-6.79442,4.627719,4.048357
-5.6213384,2.7364917,0.98883396
-2.5809584,-2.4418755,1.3597214
0.69182485,-19.861324,9.64816
8.85823,-32.906994,6.5431733
15.717256,-24.1708,-5.030012
17.953348,-15.247963,-12.707982
11.1015005,-18.645174,-14.951253
1.0366904,-26.593533,-9.806087
-3.114857,-32.399418,-3.9741793
-7.792825,-32.96203,-9.573982
-17.18256,-26.58396,6.4642105
-19.555044,-14.536996,29.117062
-12.257833,-5.8749776,16.990835
-7.4647093,-1.6998014,6.1265235
-7.6803627,0.44536412,4.587041
-9.566804,1.0223335,2.3461626
-11.237891,2.3748765,2.12363
-13.047763,2.181058,3.3349965
-12.001501,-0.20817557,3.7947176
-7.294819,-3.670291,0.18664017
-7.9100733,-10.375877,-0.8739785
-13.873885,-23.601007,3.4211383
-13.253844,-37.101315,3.2679975
-4.912764,-43.922054,-3.4043884
6.710671,-41.51368,-5.2956157
13.9217415,-28.1043,0.1268196
10.546066,-14.15863,3.2081769
5.329115,-8.140083,0.6343971
4.05075,-6.1217375,-1.3573287
4.7114677,-4.9342995,-1.8385851
6.100202,-3.2847474,-2.3724837
6.602994,-0.8883354,-4.086642
5.8821564,1.5753746,-7.3642106
4.0100718,3.39721,-7.620542
0.62721866,4.3669014,-2.951846
-7.1751776,5.08744,10.050453
-9.77498,3.4857445,8.039286
-5.1065826,-2.9781668,-1.9558334
-1.5610176,-19.497616,13.064512
5.1999025,-30.474392,12.9018
13.299308,-21.027227,-5.2716875
17.141882,-12.126227,-10.699207
13.469198,-14.410176,-9.221938
6.1600227,-21.532413,-6.535995
0.8234301,-28.592735,-6.5647087
-3.3326037,-33.304203,-8.132606
-7.943573,-33.24199,-12.336796
-16.358831,-26.054848,8.48465
-19.157536,-14.582459,32.454453
-12.6167555,-5.788836,19.938194
-9.562018,-1.9582262,6.552745
-10.306485,-0.7157531,3.9430726
-10.165309,-0.15314065,1.718944
-9.564411,0.9290134,0.6152545
-10.272985,0.5386842,2.3892334
-8.494222,-1.4413766,4.615755
-4.912764,-2.5761726,2.7317061
-5.944669,-6.0786667,0.37836507
-12.696018,-17.938992,-0.10767702
-16.780268,-34.563725,0.2416751
-11.3168545,-43.752163,-0.64875406
-1.5873387,-43.694736,-5.535197
6.372984,-34.719257,-5.8414783
8.621041,-20.117657,1.2640085
6.2437716,-10.3543415,4.5655055
3.8617167,-6.090631,2.585744
3.6077783,-5.178367,0.37836507
5.539983,-5.604589,-1.4222339
7.19432,-4.7425747,-2.9566314
7.19432,-4.7425747,-2.9566314
6.7704916,-1.9630119,-5.2310095
5.590232,1.7500507,-8.05125
3.9957147,5.4705906,-7.234998
-0.21296121,7.768897,1.934298
-8.219047,7.359425,13.497912
-3.6583266,-3.9023945,-6.0882382
3.6511483,-18.618853,-1.5729818
3.6511483,-18.618853,-1.5729818
13.674981,-33.919456,-1.393221
19.466509,-28.73152,-8.240582
9.866206,-17.12992,-4.8385863
3.6053855,-22.042383,-4.261617
-1.4653047,-30.081968,-4.1632123
-11.010573,-38.66233,-8.503793
-21.345772,-33.253952,9.279665
-19.768005,-16.696518,24.788446
-11.767004,-6.3801622,13.311273
-9.233903,-1.1395818,7.73779
-10.519746,0.5075775,4.9103713
-10.225129,1.2472588,1.9366908
-7.819146,3.1770704,1.2687942
-7.474281,3.8497524,0.933799
-9.763016,1.204188,2.2983062
-8.601898,-1.4174483,4.0555353
-4.9677987,-1.3549358,2.501696
-4.618148,-3.3110683,-0.3999005
-9.18126,-12.961621,-1.5897316
-19.203,-34.609188,-3.0957143
-17.074585,-51.183372,-1.5658033
-1.8122641,-46.201218,-2.4155545
7.620542,-29.018957,-2.9422746
9.578768,-14.443676,3.0260234
7.146464,-8.326724,4.479364
4.855336,-6.6484575,1.9366908
4.848158,-6.0786667,0.39750767
5.870192,-5.0132627,-0.3807579
6.9188466,-3.1459637,-1.1970096
7.022037,-0.9409775,-2.7699914
5.35095,1.1012967,-4.4721856
1.5251254,2.8848467,-3.9023945
-4.371687,4.3357944,0.8210373
-8.748159,4.26401,3.0858438
-9.294023,0.3807579,5.6644096
-5.803193,-12.023036,7.21107
2.856133,-27.235407,7.096215
12.925729,-25.358236,3.7588253
17.97967,-15.662221,-4.9031925
14.601602,-15.614365,-8.592327
7.0842505,-20.220549,-9.142975
3.054737,-24.778875,-8.920443
0.7085746,-28.185656,-6.9451675
-5.0587263,-30.266216,-9.119047
-16.380367,-24.69752,13.371093
-17.230417,-13.119548,31.79134
-7.3642106,-6.0547385,14.45564
-4.5224347,-3.3804603,3.2799616
-5.899205,-1.6758732,0.7325028
-8.748159,-0.17228323,1.2472588
-13.117155,1.0462617,3.559922
-16.818552,0.3400799,4.3238306
-14.436498,-2.2169502,3.9550366
-8.132606,-5.638088,1.6423737
-7.7736826,-13.356736,1.5873387
-10.433604,-29.148169,4.4745784
-4.927121,-41.451466,2.0494525
5.9327044,-42.53601,-3.8712878
13.411771,-34.721653,-6.7178497
12.9018,-21.056242,-4.668397
7.589435,-9.899706,1.1180464
4.6971107,-5.343771,3.9957147
3.7516468,-4.9773703,2.6216364
2.8896325,-4.8003016,1.4700904
3.153142,-3.6317065,0.2632105
3.9358943,-1.9680966,-1.3764713
3.2799616,0.25124636,-3.2775688
1.2592229,2.530709,-4.4004006
-1.218545,3.251248,-5.0563335
-2.5546372,2.5402803,-5.0108695
-2.597708,1.352543,0.80189466
-6.1384873,-8.717052,4.345366
-3.3469608,-28.666912,3.3110683
5.3123655,-32.440094,2.896811
7.7210402,-17.261524,-0.076570325
7.218249,-7.213463,-3.0020952
5.343771,-6.748956,-4.1703906
6.2461643,-12.717553,-4.65404
7.7832537,-22.435104,-5.286044
4.1440697,-27.644579,-5.6333027
-1.0031909,-25.73421,-7.3235326
-7.1512494,-19.74647,0.21535404
-11.481959,-12.181262,20.227726
-7.2086773,-7.1799636,21.362522
-2.5522444,-4.479364,7.929216
-4.0387855,-2.6551359,2.9303105
-7.6755767,-1.5681962,1.4605191
-11.910574,-0.50039905,1.6974086
-14.661423,-0.8644072,2.5378876
-12.566506,-4.034,2.3222344
-9.518948,-13.466805,-0.5075775
-8.3123665,-24.76691,-1.745265
-4.342973,-28.171299,0.81864446
0.52193445,-29.277382,1.4557334
5.415556,-31.322048,-2.2983062
11.474781,-27.481867,-4.2448673
13.066905,-18.520746,0.46929234
8.9013,-10.4001045,3.7588253
5.915955,-6.4471617,2.178665
5.456234,-5.278866,0.5051847
4.963013,-4.4841495,-0.5697909
4.5008993,-2.96381,-1.0462617
3.7564325,-0.7827521,-1.4150555
2.6647072,1.6615162,-1.6304095
0.2416751,4.6085763,1.8409779
-3.7923248,4.8385863,-1.6998014
-7.177571,1.5418751,-7.8909307
-15.719648,-12.454043,1.0127622
-5.736194,-37.58496,12.74866
9.221938,-35.645878,9.308379
6.1360946,-13.299308,0.8210373
6.066703,-5.4203415,-1.1467602
5.5016975,-6.0523458,-2.2528424
5.7338014,-9.933205,-3.8473597
7.333104,-16.485651,-5.4777694
4.817051,-21.314667,-6.329913
0.36640096,-22.291536,-7.4790664
-5.901598,-21.465414,-4.3908296
-15.408282,-15.755541,12.066406
-14.747564,-7.7090764,27.702007
-5.2573304,-4.1201415,18.046669
-1.704587,-3.2009985,1.2807583
-4.462614,-2.408376,-1.5849459
-7.8574314,-1.4174483,-0.4764708
-10.220344,-0.56500524,0.011964113
-11.381461,-1.4174483,0.581755
-11.453245,-8.012965,-0.069391854
-10.158131,-24.326332,-2.0733807
-2.6431718,-33.416965,-2.4849463
4.776373,-26.890541,-2.2337
6.6077795,-19.430616,-3.9430726
7.280462,-14.398212,-3.5479577
8.908479,-10.124631,0.61764735
9.894919,-7.029216,3.4474592
7.9220376,-5.063512,2.5331018
5.1879387,-3.694219,0.89072824
3.3565319,-2.3246272,0.7588239
1.570589,-0.34965122,3.3876386
-3.181856,0.92662054,12.568899
-7.373782,-1.0295119,7.096215
-10.981859,-6.329913,-8.017751
-18.501604,-22.801506,-2.7293134
-13.950455,-39.947876,2.5546372
3.4570305,-29.289345,-1.0031909
10.088738,-10.002597,1.0989038
7.5556364,-4.316652,4.189533
4.929514,-4.5128636,2.8489544
2.4801607,-9.085547,-0.8210373
-0.12921242,-17.033907,-4.208975
-6.073881,-24.1708,-6.9882383
-11.352747,-20.701805,-0.078963146
-11.259427,-10.0576315,10.426426
-4.019643,-4.328616,7.1751776
2.6144578,-3.0332017,-1.4365909
2.6742785,-1.6519449,-6.9451675
0.7396813,1.2664014,-11.850753
-0.3472584,4.1033916,-14.36232
-0.19142582,5.2142596,-9.097511
0.89312106,-4.1464624,16.581663
2.6886353,-12.834802,15.750755
5.803193,-15.499509,-7.64447
7.443174,-20.203798,-9.325129
3.1220353,-18.072989,-6.9762745
-5.6333027,-14.314464,-1.9872392
-10.172487,-15.054145,4.781159
-5.9374905,-15.21925,6.1193447
-2.4945176,-13.25863,2.0518453
-2.7412775,-10.859527,-0.2727818
-3.1076784,-8.886943,-1.6016957
-3.4139597,-8.1687975,-1.2400804
-2.3605196,-8.036893,-0.05503492
-0.8979067,-7.8837523,0.3687938
-0.6152545,-8.18794,0.9026923
-1.0223335,-9.475877,2.600101
-1.2951152,-11.197213,4.6372905
-1.8433708,-11.855539,5.168796
-2.6168506,-11.335998,4.1608195
-2.6623142,-10.849956,2.4514468
-1.785943,-10.636994,0.91465646
-0.87158567,-10.1700945,-0.08853444
-1.0247263,-9.523733,0.09092726
-1.9534405,-9.279665,1.4413766
-2.2169502,-9.715159,2.4035904
-1.6447664,-10.440783,2.2839491
-1.4724833,-10.569995,1.5370895
-2.2671995,-9.511769,0.38554356
-3.1986058,-7.859824,-0.30897322
-3.423531,-6.849455,-0.3687938
-2.7269206,-7.036394,-0.11724831
-1.8744774,-8.580363,0.78035927
-3.222534,-11.987144,2.382055
-6.4905314,-14.649459,4.627719
-8.343473,-12.681661,5.2477593
-8.072785,-9.040084,2.8369904
-6.485746,-7.5942206,-0.0526421
-5.0252266,-8.027322,-2.2265215
-5.8510494,-10.20838,-4.912764
-8.434401,-13.607983,-8.058429
-11.479567,-16.945372,-9.559626
-10.713564,-19.50001,-6.890133
-4.0890346,-21.0033,-0.8066803
4.031607,-21.614067,10.507782
4.831408,-19.013968,12.284153
-0.54346985,-16.275082,-0.57936215
-4.098606,-16.701303,-7.0025954
-4.369294,-16.99562,-2.4227328
-1.0247263,-15.748363,2.9303105
3.626921,-11.78854,2.1499512
7.5942206,-6.8135624,-4.086642
8.111071,-2.312663,-9.171689
5.4777694,2.12363,-8.999406
4.084249,4.8385863,-7.132107
4.4721856,6.4256263,3.098107
0.021535404,8.700303,29.856743
-4.8625145,-5.5663037,4.9079785
-3.098107,-18.37239,-26.775686
0.689432,-13.562519,-4.5678983
3.8736808,-9.7247305,7.285248
8.060822,-10.591531,4.4434714
11.67847,-17.409878,-1.5658033
10.351949,-22.327429,-4.6755753
6.035596,-21.970598,-5.0276194
1.0462617,-19.672293,-4.924728
-4.536792,-19.028324,-5.003691
-9.715159,-21.494127,-6.4232335
-12.837194,-26.16043,-5.441877
-14.809777,-25.736603,10.7351
-13.8499565,-17.321344,22.518854
-10.486246,-7.469495,5.985347
-11.443674,-1.0342976,0.2105684
-14.7762785,1.3860425,8.05125
-14.477175,2.7771697,5.003691
-11.72154,3.7851462,2.5136602
-10.900205,4.4913282,4.139284
-10.265807,0.8353942,1.0725827
-13.873885,-8.544471,-3.478566
-22.873291,-18.034704,0.4334
-20.462223,-24.74059,1.244866
-13.194024,-30.68765,-3.4953158
-10.251451,-39.85216,-5.5160546
-1.704587,-42.50012,0.70378894
5.046762,-29.22474,3.9215372
6.1193447,-14.94886,-0.8883354
6.3179493,-9.0951185,-3.1962128
5.843871,-5.829514,-3.399603
6.533602,-2.9733813,-1.4054842
8.592327,-0.13160525,4.510471
8.010572,1.2616158,3.6412778
4.888836,1.5729818,-2.7173493
0.52911294,2.7843482,-3.4043884
-4.9462633,4.5296135,-1.4820545
-5.185546,4.398008,-1.8912272
-1.0390832,1.9944177,-5.640481
5.1903315,-5.7816577,3.5958142
6.5694947,-11.66172,3.626921
4.939085,-17.153847,-4.979763
7.4096746,-26.447569,-2.300699
11.304891,-26.790043,-5.262116
9.75823,-22.078276,-10.091131
0.69900334,-20.744875,-10.756635
-18.487247,-31.760235,-7.1392856
-20.34976,-31.118359,3.9622152
-20.34976,-31.118359,3.9622152
-26.528925,-17.905493,23.38326
-24.11098,-3.7995033,17.900705
-12.63859,0.974477,6.215058
-10.893026,0.5458627,5.8247285
-10.076775,0.96729857,1.8816559
-8.776874,3.1579278,1.0630114
-9.691231,3.8353956,0.8955139
-11.616257,0.77318084,-0.0023928226
-15.4420805,-5.764908,0.062213387
-20.80948,-13.397414,2.2360928
-21.412771,-20.780767,1.1276177
-19.861324,-30.699615,-3.6221352
-20.143978,-42.844685,-7.093822
-10.08156,-47.168518,-5.391628
5.549554,-34.563725,0.52911294
9.233903,-17.984455,3.5503507
6.5407805,-10.541281,2.935096
6.521638,-6.7226353,1.2017952
6.8925257,-3.411567,-0.907478
6.7728844,-1.07019,-1.4413766
7.392925,1.0247263,-2.1619153
9.08794,3.559922,-4.371687
7.4120674,6.198308,-4.963013
1.6710875,7.4886374,-3.6317065
1.9151554,3.7325041,11.690434
1.7356937,-3.9071803,13.940884
1.4389837,-6.8039913,-4.057928
5.3700924,-9.145369,-10.754242
5.453841,-18.836899,-10.217951
6.6388865,-26.222645,-6.792027
5.6213384,-25.765316,-8.082356
-6.0954165,-29.55764,-9.025727
-6.0954165,-29.55764,-9.025727
-17.91985,-35.10959,-9.535697
-23.35694,-36.739697,-5.736194
-27.87459,-25.006493,27.481867
-24.225834,-9.262916,25.856243
-11.831611,-0.28983065,7.7736826
-9.815658,1.8218354,11.185249
-10.692029,0.53629136,0.30897322
-7.333104,1.2687942,-0.5937191
-5.5926247,2.8393831,0.9314062
-7.697112,2.489732,1.6399808
-9.825528,0.3807579,0.6439684
-10.732707,-3.626921,-0.9720842
-16.44258,-12.207582,-2.231307
-26.038097,-25.327131,-1.7093726
-24.577877,-34.74797,-0.66071814
-16.648663,-40.041195,-5.779265
-8.036893,-44.25017,-10.603495
5.3342,-36.213276,-6.207879
13.016656,-20.268404,2.9279177
12.739089,-10.165309,7.3307114
11.010573,-5.745765,4.7955155
10.009775,-3.2871401,2.0470598
8.400901,-1.3357933,0.9936196
7.522137,1.2951152,0.083748795
6.923632,5.456234,-3.7157545
-1.6399808,8.717052,-4.970192
-6.3275204,4.05075,1.7500507
-6.3275204,4.05075,1.7500507
-7.0097737,-0.9768698,-3.9957147
-2.7125635,-3.313461,-5.95424
11.302498,-24.192335,10.739885
16.354046,-31.178478,-6.131309
16.354046,-31.178478,-6.131309
18.082561,-27.381369,-16.267904
9.092726,-23.18675,-15.858432
-2.8704898,-26.292036,-10.706386
-15.506687,-34.767117,-6.155237
-22.69353,-39.7397,4.4889355
-26.342285,-29.753853,10.847563
-28.283762,-8.262117,18.738493
-19.856539,2.7628129,16.63909
-11.55165,2.7939196,5.8486567
-10.632208,3.1076784,3.976572
-9.270094,3.3206396,-1.1347961
-7.7593255,4.412365,0.325723
-9.657731,2.8298118,3.126821
-9.621839,-0.80189466,4.290331
-6.207879,-1.9510478,3.5431721
-5.360521,-2.5112674,0.33050862
-9.06162,-7.4647093,-1.6734804
-20.998514,-22.044775,-3.559922
-30.857542,-38.82265,-3.315854
-24.597021,-44.539703,-5.8968124
-7.9818583,-41.12574,-9.459127
7.495816,-30.981968,-1.9247267
12.181262,-17.967705,7.4048886
8.755338,-9.490233,8.520542
6.073881,-5.994918,4.26401
5.7026944,-4.7545385,0.18424734
6.183951,-3.2656047,-1.3046865
7.1081786,-1.4365909,-1.5346966
8.360223,0.9840483,-4.6468616
7.385746,5.195117,-8.348259
3.0933216,7.811968,-6.1360946
-0.34247273,6.739385,-3.9191444
-0.4429713,0.23928227,2.0590239
0.55304116,-7.562815,5.1592245
5.9757752,-15.302999,2.5378876
10.663315,-24.601807,1.2257234
11.577971,-24.020052,-6.413662
10.426426,-17.653946,-11.539686
4.1105704,-18.781565,-11.970394
-5.535197,-28.262226,-9.825528
-21.728924,-40.09862,-7.764111
-24.127728,-40.594234,0.6798607
-17.831314,-25.29363,17.711674
-19.10968,-6.104988,24.635305
-15.180964,2.152344,15.779469
-12.758231,2.204986,6.2605214
-12.434901,2.9398818,2.0662024
-9.954741,3.7348971,0.70618176
-10.989038,4.045964,2.894418
-12.870694,1.096511,4.304688
-9.250652,-1.7883358,2.8513472
-6.634101,-4.0124645,-0.44536412
-12.456436,-12.008679,-1.5107684
-23.445475,-28.607092,-0.325723
-24.115765,-40.30231,-1.6040884
-16.572092,-44.451168,-7.838289
-5.499305,-45.468716,-10.177273
8.233403,-34.13511,-2.935096
12.0589285,-18.44657,4.304688
9.870992,-9.31795,5.587839
8.692825,-5.4346986,3.3565319
8.029715,-3.557529,1.2735798
7.969894,-1.8505492,0.5769694
8.989835,0.770788,-1.8026928
8.544471,5.360521,-8.525328
4.479364,9.585947,-10.943574
0.40707895,10.270593,-5.95424
-0.8258229,6.495317,-0.3592225
-4.3836513,-0.72293156,2.844169
-5.425127,-3.8784664,-3.1435707
-2.032703,-3.449852,-5.020441
0.21535404,-8.4655075,5.709873
4.2664027,-24.867409,7.9722867
13.344772,-36.498024,-5.2310095
17.594126,-31.82484,-15.650256
8.381759,-27.735506,-15.192928
-6.1241302,-31.16173,-10.62503
-16.509579,-36.07898,-6.8398833
-23.012074,-30.991539,7.996215
-25.48027,-14.884254,21.958633
-19.736898,-1.989632,14.149059
-11.340783,1.1922239,6.4570317
-8.664112,1.2568301,5.0515475
-8.843872,2.231307,0.79710907
-8.738588,3.5623147,-1.6878372
-12.753446,3.9717865,2.3605196
-14.761921,1.8433708,6.430412
-8.793623,-0.078963146,5.628517
-3.9000018,-1.0510473,1.8553349
-6.102595,-4.7715874,-1.5275182
-15.61915,-17.117954,-3.1722846
-24.687948,-39.01677,-1.9390837
-19.231714,-48.312885,-1.5945172
-7.5436726,-42.801617,-7.1225357
2.14038,-32.255547,-7.7569327
8.417651,-17.043478,0.9194421
7.8406816,-7.400103,6.2676997
5.752944,-4.5559344,4.476971
5.003691,-4.817051,1.3597214
5.628517,-4.4147577,-0.46929234
6.768099,-2.5064816,-0.79471624
7.919645,-0.29222345,-1.4868401
7.1512494,2.2911277,-3.3804603
3.5168512,4.709075,-2.7843482
-1.393221,5.776872,1.9366908
-4.0244284,5.032405,0.3807579
-1.9414765,2.9255247,-6.715457
0.7636095,-0.43100718,-7.4886374
2.2169502,-12.509079,-4.7835517
5.8079786,-33.665817,-0.27756742
15.113965,-38.427536,-1.5011971
18.061026,-26.440392,-6.6388865
7.6492558,-21.599411,-7.84786
-4.613362,-27.041288,-6.832705
-17.862421,-35.1383,-6.579066
-26.869005,-31.343584,4.587041
-19.080965,-17.685352,12.906587
-13.047763,-5.130511,5.5782676
-15.489938,2.1164517,8.403294
-13.780564,2.7293134,8.611469
