0.29940194,4.2592244,9.078369
0.009571291,4.426722,8.427222
-0.22971097,4.4147577,8.930014
0.040677983,4.3070807,9.856635
1.1994023,4.290331,9.473484
2.6048865,4.057928,8.099107
3.2105699,3.9430726,7.170392
2.6671,4.2520456,7.522137
2.1690936,5.0012984,8.827123
1.2975081,5.8677993,9.303594
-0.8596215,6.6484575,7.986644
-0.95772725,6.2294145,6.957132
1.2161521,5.3796635,8.2094755
2.7317061,5.3051867,9.449555
3.0020952,5.343771,8.532506
2.181058,5.468198,6.9882383
1.2903296,5.415556,6.358627
1.3836497,5.401199,6.9906316
1.8601205,5.480162,7.8813596
2.4418755,5.35095,8.522935
2.8585258,5.152046,8.944371
2.2169502,5.0252266,8.611469
1.5538392,5.0276194,8.1230345
1.5777674,4.9989057,8.513364
1.9199411,4.7859445,9.064013
2.2648067,4.80748,8.709874
2.4658036,4.9342995,8.0345
2.3868406,4.833801,7.697112
2.477768,4.8266225,7.548458
3.1842487,4.9199424,7.3522468
3.856931,5.003691,7.158428
3.9861434,4.963013,7.3785677
3.6870406,4.845765,7.835896
3.4953158,4.759324,8.106285
3.5479577,4.692325,8.134998
3.6655052,4.898407,7.6085777
3.801896,5.2429733,6.6364937
3.816253,5.42752,6.131309
3.464209,5.389235,6.562316
2.896811,5.2429733,7.325926
2.8633113,5.137689,7.9100733
3.1004999,5.08744,8.001
3.1962128,5.1257253,7.548458
3.3469608,5.1903315,7.213463
3.4857445,5.235795,7.359425
3.478566,5.1592245,7.9627156
3.6364923,5.0252266,8.656933
3.828217,4.989334,8.539685
3.7229328,4.982156,7.7210402
3.2871401,4.924728,6.9595246
3.2273195,4.927121,6.7369924
3.7516468,4.9486566,7.153642
3.8712878,4.8696933,7.7832537
3.5216367,4.692325,8.214261
3.2009985,4.54397,8.115856
3.0738797,4.4745784,7.6109705
3.3852458,4.5320063,6.8422766
3.9837506,4.6037908,6.512067
4.1632123,4.395615,7.218249
3.868895,4.0531425,8.190332
3.7013974,3.8880377,8.877372
3.938287,3.789932,8.736196
4.4721856,3.9717865,7.522137
5.101797,4.3645086,6.14088
5.549554,4.733003,5.8797636
5.7003016,5.0659046,6.617351
5.5543394,5.1400824,7.0818577
5.3123655,5.2046885,6.9212394
5.238188,5.266902,6.576673
5.1161537,5.19751,6.5838513
5.08744,5.0276194,7.218249
5.2429733,4.7282176,8.472686
5.0850472,4.5487556,9.753445
4.9725847,4.156034,10.51496
4.759324,3.9454653,9.497412
4.100999,3.9861434,6.222236
4.421936,3.9717865,4.359723
6.1791654,4.0627136,5.872585
7.0435724,3.8521454,7.8574314
6.533602,3.5144582,9.004191
6.1624155,3.045166,10.682458
5.302794,2.1547368,11.486745
5.044369,1.204188,9.636196
6.3777695,1.448555,6.0427747
7.2206416,2.992524,2.5689943
7.960323,3.8210387,0.93619186
8.853444,3.8353956,0.9936196
8.585149,3.7827535,0.9170493
9.15494,3.39721,-1.041476
9.619446,3.2177482,-3.6436708
9.102298,3.0355947,-5.6907306
9.406485,2.597708,-6.9930243
10.433604,2.4442682,-7.919645
10.967503,2.6575286,-6.966703
9.442377,2.6048865,-5.951847
8.33151,2.7891338,-6.8685975
7.7066836,3.5359936,-7.615756
6.195915,3.571886,-7.8741813
5.5112686,3.1220353,-7.1679993
4.627719,2.9111679,-7.565208
2.8896325,3.1076784,-9.277272
1.0175478,3.7061832,-8.420044
0.13878371,4.1608195,-6.930811
1.5442679,4.386044,-9.224331
3.0909286,4.749753,-11.012966
3.0355947,4.872086,-9.578768
2.6288147,4.6468616,-9.798908
2.9111679,4.5272202,-11.534901
2.530709,3.5671003,-11.604293
0.019142581,1.556232,-9.454341
-2.6766713,0.0047856453,-5.8247285
-2.5378876,-0.325723,-5.2956157
-0.6200402,0.31375888,-5.7984076
1.096511,1.8050855,-6.404091
2.219343,3.6918263,-9.839885
1.7620147,5.1664033,-11.156535
0.811466,5.7433724,-9.77498
0.2536392,5.221438,-9.255438
0.11006984,4.331009,-8.877372
0.90029955,3.9670007,-8.503793
1.4724833,4.0698924,-8.717052
0.17706887,3.5168512,-9.921241
-1.9462621,2.14038,-8.812766
-2.9781668,1.0845468,-6.940382
1.9848464,2.2576282,-6.6939216
4.2281175,3.0020952,-7.294819
-0.22971097,1.6663018,-9.253045
0.2105684,1.0869397,-10.356734
3.9598224,1.852942,-10.205987
6.5288167,3.6870406,-10.6154585
7.0172515,5.3533425,-12.12862
5.1065826,6.241379,-12.18844
3.4594233,6.4064837,-11.197213
2.6575286,5.8103714,-10.730314
1.2472588,4.692325,-10.584352
-0.11246266,3.7013974,-9.454341
-1.8625133,2.9709885,-7.8981094
-3.3038898,2.353341,-7.670791
-3.7157545,2.181058,-9.550055
-3.8641095,2.76042,-12.109477
-4.65404,2.2504497,-11.78854
-4.845765,0.56500524,-8.769695
-2.8633113,-1.082154,-4.7377887
4.3357944,-2.1355941,-2.1667008
12.049357,-0.9720842,-2.7628129
13.639089,0.28983065,-3.3110683
11.15175,0.2009971,-1.7763717
10.522139,0.3185445,-1.3453646
13.107583,0.83778703,-3.7229328
13.387843,-0.086141616,-7.376175
11.685649,-2.6718855,-4.5822554
7.6133633,-0.80907315,-1.5490535
7.6133633,-0.80907315,-1.5490535
3.2871401,0.79471624,-0.92662054
5.0252266,-0.6415756,-3.7516468
9.597911,-2.6623142,-7.0097737
10.79492,-3.3230324,-6.0810595
8.5014,-3.1435707,-3.5407794
8.044071,-2.9614172,-2.8202405
10.433604,-3.3852458,-5.0156555
9.851849,-1.2472588,-5.5830536
8.863015,2.7652056,-3.6726837
10.06481,3.5288153,-5.1352963
9.399306,2.477768,-6.131309
8.259725,2.1954148,-5.7601223
6.966703,1.6926229,-5.61416
5.384449,1.3621143,-5.238188
5.956633,1.5131612,-4.8194437
8.197512,0.6774679,-4.886443
9.899706,-0.5937191,-5.034798
10.339985,-0.18903299,-3.2871401
8.896515,1.3142579,-4.840979
7.103393,3.2009985,-6.1911297
7.172785,3.3732817,-5.2142596
8.451151,2.111666,-6.3107705
7.8909307,1.7141583,-5.7433724
8.278867,1.989632,-4.8433723
8.40808,1.582553,-6.0547385
6.492924,-1.2065809,-9.032906
4.658826,-2.8250263,-9.863813
2.3868406,-3.3804603,-5.721837
4.692325,-4.3740797,-2.719742
10.040882,-3.5072799,-3.7133617
10.9579315,-3.3565319,-13.584054
6.4737816,-6.0403814,-12.549757
6.4737816,-6.0403814,-12.549757
3.0738797,-6.856633,-2.7125635
3.4713874,-5.1999025,5.113761
6.626922,-2.4586253,5.5160546
7.213463,-2.798705,-1.2927225
7.606185,-4.23051,-17.251951
9.4280205,-4.194319,-17.66591
10.316056,-2.65035,-5.077869
9.176475,-0.663111,-3.8928235
6.8422766,-1.4270196,-5.374878
5.5112686,-2.9973094,-7.144071
6.7848487,-3.5048869,-7.301997
6.626922,-4.371687,-7.95793
5.2645087,-5.4370914,-11.611471
6.0571313,-4.8122654,-11.008181
5.154439,-2.5450659,-5.853442
5.3075795,-1.2209377,-1.8984057
5.563911,-2.2337,-0.0526421
6.253343,-2.990131,-0.77796644
9.676874,-2.856133,-3.1004999
11.252249,-3.5383866,-4.108177
15.812968,-4.5152564,-5.2046885
17.77628,-5.4586267,-6.9595246
9.533304,-4.788337,-8.692825
-1.5107684,-2.2121646,-8.482257
-6.5168524,0.062213387,-6.143273
2.935096,-0.3281158,-6.2294145
10.107881,-1.0534402,-6.7609205
10.107881,-1.0534402,-6.7609205
12.830016,-1.2376875,-5.803193
12.559328,-0.9768698,-4.4243293
10.440783,-1.0606186,-3.6750765
9.978668,-1.6639091,-3.926323
9.978668,-1.6639091,-3.926323
9.617053,-2.3222344,-4.2568316
8.841479,-2.4969103,-4.1225343
8.463115,-2.1355941,-3.7540395
8.5779705,-1.7428722,-3.1076784
8.793623,-1.6088741,-2.5331018
8.977871,-1.5059828,-2.4227328
9.416057,-1.3501502,-2.559423
10.198809,-1.2161521,-2.9063823
10.869098,-1.16351,-3.4450665
10.706386,-1.1922239,-3.5814574
9.985847,-1.3166506,-3.222534
9.31795,-1.5131612,-2.9709885
8.803194,-1.6423737,-2.96381
8.520542,-1.5921243,-2.8082764
8.506186,-1.3860425,-2.6718855
8.692825,-1.1778669,-2.8345976
9.047262,-1.1970096,-3.2919257
9.483055,-1.611267,-4.2352962
9.686445,-2.3724837,-4.8385863
9.193225,-3.0068808,-4.098606
8.250154,-2.193022,-3.098107
9.016156,-1.6184454,-3.1603205
9.016156,-1.6184454,-3.1603205
9.418449,-1.570589,-3.3780673
9.389735,-1.8194425,-3.9023945
8.906086,-2.2695923,-3.8353956
8.796016,-2.2241287,-3.330211
8.796016,-2.2241287,-3.330211
8.863015,-1.9944177,-3.1890345
9.032906,-1.7979071,-3.2321053
9.24826,-1.7620147,-2.96381
9.308379,-1.7907287,-2.9327033
9.308379,-1.7907287,-2.9327033
9.284451,-1.8242282,-2.9374888
9.294023,-1.8457636,-2.9279177
9.389735,-1.8768703,-2.9709885
9.495019,-1.9366908,-3.0499516
9.583553,-2.032703,-3.1028929
9.535697,-2.12363,-3.1052856
9.15494,-2.1284158,-3.0332017
8.755338,-2.0733807,-3.0260234
8.692825,-2.085345,-3.246462
8.702696,-2.2097716,-3.4546378
8.575577,-2.3318057,-3.3349965
8.470293,-2.2767708,-3.2273195
8.453544,-2.044667,-3.1914272
8.40808,-1.7811574,-3.0236306
8.5349,-1.5681962,-2.975774
9.729516,-1.2735798,-2.7652056
10.2107725,-1.2664014,-2.6838498
10.2107725,-1.2664014,-2.6838498
10.296914,-1.4509479,-2.7005994
10.093524,-1.7404794,-2.695814
9.52134,-1.9151554,-2.1762722
9.19801,-1.7787645,-1.6854445
9.19801,-1.7787645,-1.6854445
9.183653,-1.6328024,-1.6639091
9.530911,-1.6304095,-1.9992033
9.97149,-1.8194425,-2.1978076
9.7654085,-1.8577276,-2.4346972
9.7654085,-1.8577276,-2.4346972
9.4280205,-1.9319052,-2.6718855
9.157332,-2.0685952,-2.7652056
8.812766,-2.1355941,-2.8848467
8.755338,-2.0590239,-2.9590242
8.755338,-2.0590239,-2.9590242
8.836694,-2.03031,-2.9973094
8.956335,-2.044667,-3.030809
9.018549,-2.0422742,-3.004488
9.073584,-2.070988,-2.923132
9.135797,-2.1092732,-2.8776684
9.099904,-2.0374885,-2.8585258
9.078369,-1.8696918,-2.7843482
9.176475,-1.7763717,-2.707778
9.229117,-1.8361923,-2.707778
9.145369,-1.9055841,-2.7388847
9.145369,-1.9007984,-2.7005994
9.277272,-1.9438694,-2.5546372
9.392128,-2.0949163,-2.4705894
9.492626,-2.219343,-2.5232315
9.557233,-2.2217357,-2.5737798
9.483055,-2.0614166,-2.516053
9.435199,-1.9968106,-2.5283163
9.435199,-1.9968106,-2.5283163
9.380164,-1.9582262,-2.5905297
9.313165,-1.9366908,-2.638386
9.195618,-1.9366908,-2.7125635
9.142975,-1.9366908,-2.774777
9.142975,-1.9366908,-2.774777
9.071191,-1.9055841,-2.7675984
9.042477,-1.8696918,-2.734099
9.183653,-1.907977,-2.679064
9.250652,-1.9486549,-2.6144578
9.250652,-1.9486549,-2.6144578
9.298808,-1.9920249,-2.5785656
9.339486,-2.0207388,-2.5737798
9.332308,-2.0470598,-2.5761726
9.313165,-2.044667,-2.5761726
9.313165,-2.044667,-2.5761726
9.308379,-2.0398812,-2.597708
9.322736,-2.0374885,-2.6312077
9.305986,-2.0279171,-2.652743
9.255438,-2.0015962,-2.6647072
9.212367,-1.9800607,-2.6766713
9.200403,-1.9606191,-2.6671
9.209974,-1.9438694,-2.6575286
9.23151,-1.9486549,-2.6575286
9.253045,-1.9534405,-2.6455646
9.265308,-1.9558334,-2.6359932
9.301201,-1.9968106,-2.6312077
9.298808,-2.0183458,-2.626422
9.298808,-2.0183458,-2.626422
9.279665,-2.0422742,-2.6407788
9.260523,-2.0542383,-2.652743
9.241081,-1.9992033,-2.6814568
9.23151,-1.9800607,-2.679064
9.23151,-1.9800607,-2.679064
9.229117,-1.9680966,-2.6766713
9.23151,-1.9680966,-2.6814568
9.253045,-1.9872392,-2.6647072
9.272487,-1.9944177,-2.6551359
9.272487,-1.9944177,-2.6551359
9.270094,-1.9920249,-2.6359932
9.262916,-1.9992033,-2.6336005
9.270094,-2.0135603,-2.65035
9.257831,-2.0015962,-2.6599214
9.257831,-2.0015962,-2.6599214
9.253045,-2.0135603,-2.6718855
9.267701,-2.0231316,-2.6742785
9.262916,-1.9728823,-2.6694927
9.233903,-1.9606191,-2.6479573
9.233903,-1.9606191,-2.6479573
9.23151,-1.9800607,-2.6551359
9.245867,-2.0015962,-2.6671
9.267701,-2.0015962,-2.6623142
9.282058,-1.9992033,-2.65035
9.274879,-2.003989,-2.652743
9.226724,-2.0207388,-2.6647072
9.255438,-2.0231316,-2.6742785
9.255438,-2.0231316,-2.6742785
9.286844,-2.015953,-2.6766713
9.282058,-1.9944177,-2.6647072
9.236296,-1.9944177,-2.6599214
9.257831,-1.9968106,-2.6742785
9.257831,-1.9968106,-2.6742785
9.272487,-1.9920249,-2.6742785
9.267701,-1.9800607,-2.6623142
9.270094,-1.9968106,-2.6718855
9.274879,-1.9920249,-2.6766713
9.274879,-1.9920249,-2.6766713
9.253045,-1.9824536,-2.6694927
9.24826,-1.9992033,-2.6814568
9.257831,-1.9776679,-2.6742785
9.260523,-1.975275,-2.6575286
9.260523,-1.975275,-2.6575286
9.279665,-2.0111675,-2.6694927
9.286844,-2.0183458,-2.695814
9.243474,-1.9534405,-2.652743
9.250652,-1.975275,-2.6838498
9.250652,-1.975275,-2.6838498
9.257831,-1.9872392,-2.6814568
9.257831,-1.975275,-2.6671
9.260523,-1.9944177,-2.691028
9.202796,-2.003989,-2.7221348
9.202796,-2.003989,-2.7221348
9.188439,-1.9968106,-2.7245276
9.23151,-1.9800607,-2.6886353
9.243474,-1.9800607,-2.691028
9.262916,-1.9848464,-2.6814568
9.267701,-1.975275,-2.6647072
9.265308,-1.9680966,-2.6766713
9.265308,-1.9728823,-2.679064
9.265308,-1.9728823,-2.679064
9.265308,-1.975275,-2.6718855
9.255438,-1.9728823,-2.6718855
9.260523,-1.9704895,-2.679064
9.262916,-1.9704895,-2.6766713
9.262916,-1.9704895,-2.6766713
9.272487,-1.9800607,-2.6766713
9.265308,-1.9824536,-2.6718855
9.260523,-1.9606191,-2.6742785
9.272487,-1.9824536,-2.6718855
9.272487,-1.9824536,-2.6718855
9.284451,-1.9848464,-2.6838498
9.272487,-1.9558334,-2.6718855
9.245867,-1.9680966,-2.6647072
9.262916,-1.9824536,-2.679064
9.262916,-1.9824536,-2.679064
9.270094,-1.975275,-2.6862426
9.257831,-1.9872392,-2.695814
9.255438,-2.003989,-2.7005994
9.24826,-2.0063818,-2.7053852
9.243474,-1.9992033,-2.707778
9.260523,-1.9968106,-2.6982067
9.279665,-1.9968106,-2.693421
9.270094,-1.9920249,-2.6886353
9.262916,-1.9728823,-2.679064
9.255438,-1.9606191,-2.6742785
9.253045,-1.9558334,-2.679064
9.257831,-1.9630119,-2.691028
9.262916,-1.9728823,-2.693421
9.265308,-1.9776679,-2.6886353
9.255438,-1.9728823,-2.6886353
9.257831,-1.9704895,-2.695814
9.260523,-1.9776679,-2.6982067
9.260523,-1.9728823,-2.691028
9.265308,-1.975275,-2.6886353
9.272487,-1.9872392,-2.691028
9.260523,-1.9728823,-2.695814
9.243474,-1.9534405,-2.6862426
9.253045,-1.975275,-2.679064
9.272487,-1.9944177,-2.6982067
9.267701,-1.975275,-2.693421
9.265308,-1.9438694,-2.652743
9.260523,-1.9657038,-2.6814568
9.260523,-1.9657038,-2.6814568
9.260523,-1.9800607,-2.7029922
9.241081,-1.9872392,-2.7029922
9.245867,-1.9992033,-2.7125635
9.238688,-1.9992033,-2.7029922
9.238688,-1.9944177,-2.695814
9.282058,-1.9920249,-2.6742785
9.303594,-1.9920249,-2.6647072
9.279665,-1.9728823,-2.6599214
9.265308,-1.9462621,-2.6671
9.260523,-1.9390837,-2.6694927
9.267701,-1.9558334,-2.6599214
9.282058,-1.9800607,-2.6718855
9.272487,-1.9800607,-2.695814
9.243474,-1.9704895,-2.7029922
9.243474,-1.9728823,-2.6886353
9.274879,-1.989632,-2.679064
9.274879,-1.9920249,-2.6838498
9.257831,-1.9704895,-2.695814
9.24826,-1.9680966,-2.6886353
9.24826,-1.975275,-2.6742785
9.265308,-1.975275,-2.6694927
9.277272,-1.9872392,-2.6742785
9.286844,-1.9992033,-2.691028
9.282058,-1.9968106,-2.693421
9.255438,-1.989632,-2.6766713
9.241081,-1.9800607,-2.6694927
9.243474,-1.975275,-2.6766713
9.24826,-1.989632,-2.695814
9.250652,-2.0063818,-2.7053852
9.241081,-2.0207388,-2.7029922
9.229117,-2.03031,-2.7053852
9.226724,-2.0183458,-2.7053852
9.229117,-2.0183458,-2.7101707
9.236296,-2.0231316,-2.7053852
9.274879,-2.0231316,-2.679064
9.284451,-2.0279171,-2.6718855
9.250652,-2.0087745,-2.6766713
9.236296,-1.9776679,-2.6766713
9.250652,-1.9776679,-2.6814568
9.279665,-1.9920249,-2.6718855
9.29163,-2.0015962,-2.6671
9.270094,-1.9992033,-2.679064
9.257831,-1.9992033,-2.679064
9.257831,-2.003989,-2.6718855
9.260523,-2.0063818,-2.6766713
9.257831,-2.0063818,-2.679064
9.243474,-1.9968106,-2.6862426
9.245867,-1.9968106,-2.695814
9.262916,-2.0063818,-2.691028
9.272487,-2.0207388,-2.693421
9.253045,-2.0183458,-2.695814
9.229117,-1.9944177,-2.679064
9.23151,-1.989632,-2.6718855
9.245867,-2.0015962,-2.6766713
9.260523,-2.0135603,-2.6838498
9.265308,-2.0255244,-2.695814
9.255438,-2.0255244,-2.693421
9.241081,-2.0255244,-2.6862426
9.233903,-2.0255244,-2.693421
9.238688,-2.0279171,-2.7029922
9.253045,-2.0231316,-2.695814
9.257831,-2.0087745,-2.6718855
9.257831,-2.0015962,-2.6671
9.260523,-2.0015962,-2.6718855
9.265308,-1.9992033,-2.6718855
9.272487,-1.9992033,-2.6814568
9.270094,-2.0063818,-2.6886353
9.257831,-2.0063818,-2.693421
9.24826,-2.0087745,-2.7029922
9.24826,-2.0135603,-2.7053852
9.257831,-2.0135603,-2.7053852
9.260523,-2.0087745,-2.7005994
9.24826,-2.0087745,-2.7005994
9.236296,-1.9944177,-2.7053852
9.243474,-1.9630119,-2.695814
9.262916,-1.9704895,-2.693421
9.272487,-2.0063818,-2.707778
9.262916,-2.0135603,-2.7101707
9.243474,-1.9872392,-2.693421
9.238688,-1.9606191,-2.6742785
9.24826,-1.9606191,-2.6886353
9.267701,-1.9848464,-2.7125635
9.262916,-1.9872392,-2.7125635
9.255438,-1.9776679,-2.7125635
9.255438,-1.9848464,-2.7053852
9.243474,-1.989632,-2.707778
9.245867,-1.9848464,-2.7125635
9.260523,-1.9920249,-2.707778
9.274879,-1.9944177,-2.7029922
9.270094,-1.9776679,-2.6982067
9.253045,-1.9680966,-2.691028
9.250652,-1.9657038,-2.6982067
9.265308,-1.9704895,-2.7053852
9.277272,-1.975275,-2.7005994
9.270094,-1.9728823,-2.693421
9.260523,-1.9657038,-2.6982067
9.253045,-1.9728823,-2.7101707
9.270094,-1.9944177,-2.6982067
9.284451,-2.003989,-2.6814568
9.270094,-1.9872392,-2.7053852
9.253045,-1.9657038,-2.7293134
9.229117,-1.9606191,-2.7269206
9.233903,-1.9824536,-2.7101707
9.284451,-2.0063818,-2.7029922
9.29163,-2.0111675,-2.7149563
9.262916,-1.9872392,-2.707778
9.257831,-1.9486549,-2.6766713
9.260523,-1.9558334,-2.6766713
9.255438,-1.9824536,-2.7053852
9.265308,-1.9872392,-2.7101707
9.262916,-1.9872392,-2.707778
9.241081,-1.9992033,-2.7293134
9.23151,-2.0015962,-2.734099
9.241081,-1.9944177,-2.7269206
9.255438,-1.989632,-2.7221348
9.260523,-1.9872392,-2.7149563
9.267701,-1.9872392,-2.7125635
9.277272,-1.989632,-2.695814
9.277272,-1.9776679,-2.695814
9.272487,-1.9704895,-2.707778
9.265308,-1.9728823,-2.7005994
9.262916,-1.9680966,-2.7029922
9.24826,-1.9630119,-2.719742
9.238688,-1.9680966,-2.7364917
9.243474,-1.9776679,-2.7364917
9.260523,-1.9872392,-2.7269206
9.274879,-1.989632,-2.7245276
9.267701,-1.9872392,-2.7245276
9.250652,-1.9776679,-2.7293134
9.24826,-1.9680966,-2.7221348
9.265308,-1.9824536,-2.7053852
9.270094,-1.989632,-2.7149563
9.257831,-1.9728823,-2.7125635
9.260523,-1.9486549,-2.7005994
9.260523,-1.9462621,-2.7005994
9.257831,-1.9776679,-2.7149563
9.267701,-1.9992033,-2.7269206
9.260523,-1.9992033,-2.7269206
9.250652,-1.9944177,-2.7293134
9.243474,-1.9920249,-2.7269206
9.236296,-1.9968106,-2.734099
9.24826,-1.9968106,-2.7388847
9.270094,-1.9920249,-2.7293134
9.274879,-1.9848464,-2.7221348
9.260523,-1.9728823,-2.7101707
9.243474,-1.9728823,-2.7029922
9.260523,-1.9704895,-2.7053852
9.286844,-1.9728823,-2.7173493
9.279665,-1.975275,-2.719742
9.260523,-1.9630119,-2.7149563
9.250652,-1.9606191,-2.7149563
9.250652,-1.9728823,-2.7269206
9.255438,-1.975275,-2.7364917
9.265308,-1.9704895,-2.7293134
9.282058,-1.9776679,-2.7293134
9.279665,-1.9824536,-2.734099
9.250652,-1.9657038,-2.7245276
9.243474,-1.9606191,-2.7149563
9.29163,-1.9992033,-2.7149563
9.303594,-2.0111675,-2.7221348
9.257831,-1.9606191,-2.7101707
9.236296,-1.934298,-2.707778
9.238688,-1.9630119,-2.7388847
9.245867,-1.9920249,-2.7508488
9.241081,-1.989632,-2.746063
9.238688,-1.9800607,-2.7508488
9.253045,-1.9848464,-2.748456
9.257831,-1.9968106,-2.7364917
9.253045,-2.0135603,-2.7269206
9.255438,-2.0183458,-2.7149563
9.270094,-2.003989,-2.7149563
9.272487,-1.9992033,-2.7221348
9.257831,-1.9872392,-2.719742
9.241081,-1.9848464,-2.7269206
9.238688,-2.0063818,-2.7364917
9.270094,-2.0063818,-2.7317061
9.282058,-1.9824536,-2.7269206
9.253045,-1.9704895,-2.7221348
9.241081,-1.9824536,-2.7245276
9.250652,-1.9968106,-2.7388847
9.250652,-2.0015962,-2.7388847
9.262916,-2.0087745,-2.719742
9.265308,-2.0135603,-2.7269206
9.245867,-2.0087745,-2.746063
9.238688,-2.0087745,-2.7556343
9.238688,-2.0135603,-2.748456
9.24826,-2.0087745,-2.7317061
9.257831,-1.9920249,-2.7173493
9.241081,-1.975275,-2.7101707
9.238688,-1.9824536,-2.719742
9.255438,-1.9992033,-2.7221348
9.274879,-1.9992033,-2.719742
9.262916,-2.003989,-2.7269206
9.245867,-2.003989,-2.7317061
9.238688,-2.003989,-2.7388847
9.236296,-2.0279171,-2.746063
9.236296,-2.0279171,-2.746063
9.243474,-2.0422742,-2.7436702
9.270094,-2.0231316,-2.734099
9.24826,-2.0087745,-2.719742
9.241081,-1.989632,-2.7125635
9.238688,-1.9968106,-2.7221348
9.250652,-2.0111675,-2.734099
9.260523,-2.003989,-2.7269206
9.255438,-1.9992033,-2.7173493
9.24826,-2.0183458,-2.7317061
9.243474,-2.032703,-2.7364917
9.24826,-2.0350957,-2.7412775
9.257831,-2.0231316,-2.7364917
9.238688,-1.9992033,-2.7317061
9.236296,-1.9944177,-2.7436702
9.24826,-2.0087745,-2.7293134
9.262916,-2.0087745,-2.7269206
9.257831,-1.9824536,-2.719742
9.253045,-1.9606191,-2.7005994
9.255438,-1.975275,-2.707778
9.257831,-2.0111675,-2.7221348
9.267701,-2.0231316,-2.7293134
9.267701,-2.0063818,-2.734099
9.250652,-1.9992033,-2.734099
9.226724,-2.003989,-2.7436702
9.224331,-2.0087745,-2.7508488
9.253045,-2.015953,-2.746063
9.267701,-2.0135603,-2.7317061
9.267701,-2.003989,-2.719742
9.255438,-1.9920249,-2.719742
9.243474,-1.989632,-2.734099
9.255438,-1.975275,-2.7293134
9.272487,-1.9680966,-2.7173493
9.265308,-1.9776679,-2.7149563
9.238688,-1.9776679,-2.7149563
9.243474,-1.975275,-2.7269206
9.262916,-1.9800607,-2.7388847
9.262916,-1.9944177,-2.7317061
9.253045,-2.003989,-2.7293134
9.245867,-1.9920249,-2.7364917
9.257831,-1.9824536,-2.7364917
9.272487,-1.9968106,-2.7269206
9.277272,-2.003989,-2.7221348
9.262916,-1.989632,-2.719742
9.257831,-1.9630119,-2.7005994
9.262916,-1.9438694,-2.695814
9.260523,-1.9657038,-2.707778
9.267701,-1.9920249,-2.7221348
9.260523,-1.989632,-2.7221348
9.24826,-1.989632,-2.7221348
9.245867,-2.0087745,-2.7412775
9.253045,-2.0183458,-2.7412775
9.270094,-2.0135603,-2.7293134
9.274879,-1.9920249,-2.719742
9.267701,-1.9848464,-2.719742
9.274879,-1.9872392,-2.7125635
9.267701,-1.9776679,-2.7053852
9.250652,-1.9728823,-2.7149563
9.245867,-1.9680966,-2.719742
9.24826,-1.9657038,-2.7245276
9.24826,-1.9728823,-2.734099
9.24826,-1.9848464,-2.734099
9.260523,-1.989632,-2.7293134
9.272487,-1.9920249,-2.719742
9.270094,-1.9992033,-2.719742
9.260523,-1.9920249,-2.7269206
9.250652,-1.9630119,-2.7173493
9.257831,-1.9657038,-2.707778
9.282058,-1.9920249,-2.707778
9.286844,-1.9920249,-2.7125635
9.270094,-1.9630119,-2.7101707
9.257831,-1.9510478,-2.695814
9.260523,-1.9680966,-2.6982067
9.270094,-1.9944177,-2.7149563
9.272487,-2.003989,-2.7221348
9.260523,-1.9968106,-2.7317061
9.241081,-1.989632,-2.746063
9.224331,-1.9992033,-2.748456
9.226724,-1.9992033,-2.746063
9.24826,-1.9968106,-2.7532415
9.270094,-1.9968106,-2.7364917
9.279665,-1.9944177,-2.719742
9.260523,-1.9848464,-2.7149563
9.253045,-1.9728823,-2.7125635
9.277272,-1.9704895,-2.7125635
9.277272,-1.975275,-2.7149563
9.267701,-1.9776679,-2.7173493
9.262916,-1.9776679,-2.7245276
9.253045,-1.9800607,-2.7269206
9.255438,-1.9872392,-2.7269206
9.262916,-1.989632,-2.7293134
9.257831,-1.9872392,-2.7293134
9.265308,-1.989632,-2.7221348
9.267701,-1.9968106,-2.7221348
9.253045,-1.9920249,-2.7245276
9.250652,-1.9848464,-2.7245276
9.267701,-1.9776679,-2.7173493
9.279665,-1.9824536,-2.7029922
9.282058,-1.9944177,-2.7173493
9.270094,-1.9848464,-2.7364917
9.24826,-1.9582262,-2.7269206
9.241081,-1.9558334,-2.719742
9.250652,-1.9800607,-2.7317061
9.253045,-1.9992033,-2.7436702
9.253045,-2.0063818,-2.7436702
9.260523,-1.989632,-2.7388847
9.255438,-1.9872392,-2.7364917
9.24826,-1.9992033,-2.7412775
9.255438,-2.0063818,-2.7412775
9.274879,-2.003989,-2.7293134
9.279665,-1.975275,-2.7149563
9.265308,-1.9462621,-2.7125635
9.250652,-1.9462621,-2.7101707
9.250652,-1.9657038,-2.7221348
9.277272,-1.9872392,-2.7269206
9.301201,-1.9800607,-2.7125635
9.286844,-1.9680966,-2.695814
9.270094,-1.9704895,-2.707778
9.270094,-1.9704895,-2.7317061
9.260523,-1.9728823,-2.734099
9.253045,-1.9728823,-2.7221348
9.255438,-1.9728823,-2.719742
9.260523,-1.9920249,-2.734099
9.257831,-2.003989,-2.746063
9.24826,-1.9824536,-2.7388847
9.238688,-1.9680966,-2.7317061
9.260523,-1.9944177,-2.7293134
9.284451,-2.0135603,-2.7317061
9.270094,-2.0063818,-2.7364917
9.24826,-1.9872392,-2.7125635
9.250652,-1.989632,-2.7101707
9.267701,-2.0015962,-2.7388847
9.265308,-2.0135603,-2.748456
9.245867,-2.0063818,-2.7412775
9.233903,-1.9968106,-2.734099
9.241081,-2.0135603,-2.7364917
9.245867,-2.0279171,-2.746063
9.250652,-2.0255244,-2.746063
9.257831,-2.0183458,-2.7269206
9.250652,-2.0183458,-2.7293134
9.243474,-2.0135603,-2.7388847
9.24826,-2.0063818,-2.7245276
9.267701,-2.0087745,-2.7293134
9.272487,-2.0183458,-2.7317061
9.267701,-2.0183458,-2.7269206
9.253045,-2.0111675,-2.7293134
9.243474,-2.0063818,-2.7388847
9.255438,-1.9992033,-2.734099
9.272487,-2.0087745,-2.7221348
9.270094,-2.0183458,-2.7269206
9.24826,-2.0279171,-2.7436702
9.238688,-2.0135603,-2.7388847
9.243474,-1.9944177,-2.7388847
9.250652,-1.9920249,-2.7388847
9.270094,-1.9992033,-2.7221348
9.289237,-2.0063818,-2.7101707
9.265308,-1.9920249,-2.719742
9.236296,-1.9728823,-2.7221348
9.253045,-2.0087745,-2.7388847
9.265308,-2.03031,-2.7532415
9.265308,-2.03031,-2.7532415
9.253045,-2.032703,-2.76042
9.219545,-2.0231316,-2.7628129
9.202796,-2.0255244,-2.7723842
9.219545,-2.03031,-2.774777
9.257831,-2.0279171,-2.7532415
9.267701,-2.0231316,-2.7388847
9.253045,-2.0207388,-2.7269206
9.250652,-2.0135603,-2.719742
9.260523,-1.9944177,-2.719742
9.274879,-1.9800607,-2.719742
9.274879,-1.9848464,-2.7221348
9.262916,-1.9920249,-2.7245276
9.260523,-1.9992033,-2.7317061
9.253045,-2.0063818,-2.7388847
9.243474,-2.0111675,-2.7364917
9.253045,-2.015953,-2.7364917
9.243474,-2.015953,-2.7436702
9.243474,-2.0183458,-2.7364917
9.270094,-2.0135603,-2.7293134
9.262916,-1.9872392,-2.7317061
9.265308,-1.9800607,-2.719742
9.279665,-1.9944177,-2.719742
9.272487,-2.003989,-2.7293134
9.262916,-1.9920249,-2.7101707
9.24826,-1.9776679,-2.7101707
9.243474,-1.9848464,-2.7364917
9.253045,-1.9968106,-2.7508488
9.24826,-1.9944177,-2.746063
9.241081,-1.9920249,-2.7364917
9.253045,-2.0015962,-2.746063
9.255438,-2.0063818,-2.7532415
9.245867,-2.003989,-2.7412775
9.255438,-2.003989,-2.7364917
9.274879,-1.9992033,-2.7293134
9.274879,-1.9920249,-2.7245276
9.262916,-1.9824536,-2.7245276
9.260523,-1.9776679,-2.7269206
9.265308,-1.9848464,-2.734099
9.265308,-1.9776679,-2.7293134
9.253045,-1.9680966,-2.7317061
9.243474,-1.9704895,-2.734099
9.250652,-1.9824536,-2.7293134
9.260523,-1.989632,-2.7317061
9.267701,-1.9920249,-2.7221348
9.267701,-1.9968106,-2.7269206
9.255438,-1.9944177,-2.748456
9.245867,-1.975275,-2.748456
9.253045,-1.9800607,-2.7293134
9.265308,-2.003989,-2.734099
9.262916,-2.0063818,-2.7436702
9.253045,-1.9800607,-2.734099
9.260523,-1.9558334,-2.719742
9.270094,-1.9582262,-2.7221348
9.265308,-1.9872392,-2.7388847
9.260523,-2.0087745,-2.734099
9.250652,-2.0111675,-2.7388847
9.241081,-2.0135603,-2.746063
9.236296,-2.0087745,-2.746063
9.229117,-2.003989,-2.7532415
9.245867,-1.9992033,-2.746063
9.274879,-1.9992033,-2.734099
9.286844,-1.9992033,-2.7269206
9.274879,-1.989632,-2.7149563
9.250652,-1.9968106,-2.719742
9.255438,-1.9824536,-2.7221348
9.265308,-1.9704895,-2.7149563
9.260523,-1.9848464,-2.7269206
9.257831,-1.9848464,-2.7364917
9.260523,-1.9824536,-2.734099
9.255438,-1.9800607,-2.7293134
9.262916,-1.9920249,-2.7388847
9.272487,-1.9992033,-2.7364917
9.262916,-1.989632,-2.734099
9.250652,-1.9800607,-2.7412775
9.23151,-1.9606191,-2.7436702
9.238688,-1.9630119,-2.734099
9.284451,-2.015953,-2.719742
9.294023,-2.032703,-2.7317061
9.274879,-1.9848464,-2.7364917
9.24826,-1.9462621,-2.7173493
9.233903,-1.9462621,-2.7221348
9.260523,-1.9776679,-2.7388847
9.260523,-1.9992033,-2.7556343
9.236296,-1.9968106,-2.7652056
9.236296,-1.9968106,-2.7580273
9.245867,-2.0063818,-2.748456
9.238688,-2.0111675,-2.7508488
9.236296,-2.0111675,-2.7580273
9.260523,-2.0015962,-2.746063
9.277272,-1.9776679,-2.7317061
9.274879,-1.9776679,-2.7293134
9.257831,-1.989632,-2.7221348
9.250652,-1.975275,-2.7317061
9.265308,-1.9704895,-2.7269206
9.265308,-1.9704895,-2.7269206
9.260523,-1.975275,-2.7269206
9.255438,-1.9848464,-2.7317061
9.255438,-1.9920249,-2.7388847
9.257831,-1.9920249,-2.7436702
9.255438,-1.9920249,-2.7436702
9.250652,-1.989632,-2.7412775
9.255438,-1.9848464,-2.7364917
9.262916,-1.989632,-2.7317061
9.262916,-1.989632,-2.7317061
9.265308,-1.9872392,-2.7293134
9.260523,-1.989632,-2.7245276
9.274879,-2.0015962,-2.7388847
9.260523,-1.9872392,-2.748456
9.260523,-1.9872392,-2.748456
9.257831,-1.9630119,-2.7293134
9.250652,-1.9657038,-2.7269206
9.255438,-1.9848464,-2.7532415
9.257831,-1.9968106,-2.7556343
9.24826,-1.9848464,-2.7412775
9.250652,-1.9944177,-2.7436702
9.265308,-1.9992033,-2.7317061
9.265308,-1.9992033,-2.7317061
9.279665,-2.0063818,-2.734099
9.272487,-2.0063818,-2.7436702
9.243474,-1.9776679,-2.7412775
9.241081,-1.9872392,-2.7364917
9.241081,-1.9872392,-2.7364917
9.255438,-1.9800607,-2.7412775
9.260523,-1.9704895,-2.7388847
9.243474,-1.9704895,-2.7388847
9.265308,-1.9776679,-2.7364917
9.265308,-1.9776679,-2.7364917
9.279665,-1.989632,-2.7412775
9.272487,-2.0015962,-2.748456
9.253045,-1.9776679,-2.7436702
9.243474,-1.9848464,-2.7436702
9.243474,-1.9848464,-2.7436702
9.243474,-1.9776679,-2.734099
9.243474,-1.9657038,-2.7245276
9.294023,-2.003989,-2.7149563
9.310772,-2.0135603,-2.7125635
9.310772,-2.0135603,-2.7125635
9.301201,-1.9920249,-2.7101707
9.279665,-1.9657038,-2.7005994
9.253045,-1.9680966,-2.7029922
9.253045,-1.9800607,-2.7293134
9.253045,-1.9824536,-2.7580273
9.221938,-1.9944177,-2.7436702
9.23151,-2.0063818,-2.76042
9.23151,-2.0063818,-2.76042
9.245867,-2.003989,-2.7580273
9.262916,-1.9968106,-2.7317061
9.289237,-2.003989,-2.7245276
9.260523,-2.003989,-2.7221348
9.260523,-2.003989,-2.7221348
9.241081,-1.9968106,-2.7221348
9.255438,-1.989632,-2.7293134
9.255438,-2.003989,-2.7293134
9.257831,-2.003989,-2.7293134
9.257831,-2.003989,-2.7293134
9.262916,-1.9968106,-2.734099
9.257831,-1.9944177,-2.7245276
9.257831,-2.0015962,-2.7293134
9.262916,-2.003989,-2.7317061
9.262916,-2.003989,-2.7317061
9.257831,-1.9992033,-2.7412775
9.245867,-1.9872392,-2.7388847
9.257831,-2.032703,-2.7412775
9.267701,-2.0374885,-2.734099
9.267701,-2.0374885,-2.734099
9.243474,-2.0087745,-2.7149563
9.241081,-1.989632,-2.6982067
9.282058,-1.9968106,-2.707778
9.279665,-2.0111675,-2.7149563
9.270094,-2.0111675,-2.7245276
9.238688,-2.003989,-2.734099
9.2075815,-2.0063818,-2.7436702
9.2075815,-2.0063818,-2.7436702
9.23151,-2.0183458,-2.7556343
9.260523,-2.0374885,-2.7532415
9.270094,-2.0087745,-2.7125635
9.253045,-2.0015962,-2.7149563
9.253045,-2.0015962,-2.7149563
9.238688,-1.9848464,-2.707778
9.255438,-1.9824536,-2.707778
9.262916,-2.0015962,-2.7245276
9.260523,-2.0111675,-2.719742
9.260523,-2.0111675,-2.719742
9.260523,-2.03031,-2.7173493
9.272487,-2.0494525,-2.719742
9.245867,-2.0398812,-2.719742
9.236296,-2.0087745,-2.7293134
9.236296,-2.0087745,-2.7293134
9.23151,-1.9800607,-2.7293134
9.226724,-1.9848464,-2.7149563
9.265308,-2.015953,-2.719742
9.262916,-2.0231316,-2.7245276
9.253045,-1.9944177,-2.691028
9.253045,-1.9944177,-2.691028
9.255438,-1.9776679,-2.6982067
9.233903,-1.9872392,-2.7317061
9.255438,-2.015953,-2.7269206
9.243474,-2.0207388,-2.7269206
9.233903,-2.03031,-2.7269206
9.243474,-2.03031,-2.7029922
9.265308,-2.0231316,-2.7101707
9.289237,-2.0111675,-2.707778
9.279665,-2.0063818,-2.6718855
9.301201,-2.003989,-2.693421
9.257831,-2.0063818,-2.7149563
9.188439,-2.0111675,-2.719742
9.188439,-2.0111675,-2.719742
9.262916,-1.989632,-2.7029922
9.346664,-1.9606191,-2.6694927
9.152547,-1.9992033,-2.7364917
9.212367,-1.9992033,-2.693421
9.212367,-1.9992033,-2.693421
9.334701,-2.015953,-2.695814
9.322736,-2.0422742,-2.7245276
9.195618,-1.9872392,-2.6982067
9.262916,-1.9704895,-2.695814
9.262916,-1.9704895,-2.695814
9.339486,-1.9920249,-2.6671
9.303594,-2.0087745,-2.693421
9.229117,-1.9558334,-2.6838498
9.294023,-1.9606191,-2.6575286
9.294023,-1.9606191,-2.6575286
9.29163,-1.9944177,-2.7029922
9.257831,-2.0087745,-2.6982067
9.270094,-2.0087745,-2.7245276
9.226724,-2.0087745,-2.7269206
9.229117,-2.0063818,-2.7173493
9.257831,-2.0183458,-2.7317061
9.265308,-2.03031,-2.7293134
9.257831,-2.0087745,-2.693421
9.243474,-1.989632,-2.6886353
9.250652,-1.9848464,-2.7005994
9.262916,-1.9848464,-2.693421
9.262916,-1.9944177,-2.6862426
9.262916,-1.9944177,-2.6862426
9.262916,-2.0015962,-2.7005994
9.265308,-1.9992033,-2.7053852
9.257831,-2.003989,-2.7029922
9.279665,-1.9992033,-2.7005994
9.279665,-1.9992033,-2.7005994
9.279665,-1.989632,-2.6982067
9.265308,-1.9920249,-2.6982067
9.24826,-1.9776679,-2.693421
9.265308,-1.9848464,-2.691028
9.265308,-1.9848464,-2.691028
9.29163,-1.9968106,-2.6862426
9.301201,-1.9872392,-2.6814568
9.262916,-1.9800607,-2.6671
9.243474,-1.9872392,-2.6862426
9.243474,-1.9872392,-2.6862426
9.243474,-1.9944177,-2.7101707
9.257831,-1.9920249,-2.7149563
9.236296,-2.0015962,-2.7101707
9.233903,-2.0183458,-2.7101707
9.253045,-2.0135603,-2.7101707
9.267701,-1.9968106,-2.695814
9.277272,-1.9944177,-2.6886353
9.274879,-1.9848464,-2.6862426
9.262916,-1.975275,-2.6814568
9.262916,-1.975275,-2.6838498
9.267701,-1.9824536,-2.6838498
9.272487,-1.9872392,-2.6862426
9.272487,-1.9848464,-2.6886353
9.267701,-1.9824536,-2.691028
9.262916,-1.9824536,-2.691028
9.267701,-1.9824536,-2.6862426
9.279665,-1.9824536,-2.691028
9.279665,-1.9824536,-2.691028
9.274879,-1.9920249,-2.695814
9.267701,-2.0015962,-2.6886353
9.24826,-1.9848464,-2.6886353
9.250652,-1.9992033,-2.6886353
9.250652,-1.9992033,-2.6886353
9.265308,-2.0063818,-2.693421
9.272487,-1.9944177,-2.691028
9.265308,-1.9558334,-2.6623142
9.265308,-1.9872392,-2.6862426
9.265308,-1.9872392,-2.6862426
9.265308,-2.015953,-2.695814
9.265308,-2.0111675,-2.6886353
9.245867,-2.0135603,-2.6838498
9.253045,-2.015953,-2.6982067
9.267701,-2.0063818,-2.693421
9.279665,-1.9944177,-2.6694927
9.289237,-1.9872392,-2.6599214
9.279665,-1.9872392,-2.6647072
9.270094,-1.9920249,-2.6623142
9.272487,-1.9920249,-2.6671
9.267701,-1.9848464,-2.6766713
9.257831,-1.9800607,-2.679064
9.255438,-1.9728823,-2.6814568
9.255438,-1.9704895,-2.679064
9.257831,-1.9776679,-2.6766713
9.274879,-1.9872392,-2.6838498
9.286844,-1.9920249,-2.6814568
9.277272,-1.989632,-2.6742785
9.262916,-1.9944177,-2.6742785
9.262916,-1.989632,-2.6814568
9.250652,-1.9630119,-2.6718855
9.250652,-1.9704895,-2.6599214
9.250652,-1.9704895,-2.6599214
9.282058,-2.0063818,-2.679064
9.298808,-2.0063818,-2.6862426
9.245867,-1.9534405,-2.6575286
9.255438,-1.9704895,-2.679064
9.255438,-1.9704895,-2.679064
9.255438,-1.9872392,-2.6838498
9.257831,-1.9992033,-2.6886353
9.24826,-2.0255244,-2.6862426
9.267701,-2.015953,-2.6694927
9.267701,-2.015953,-2.6694927
9.260523,-2.0135603,-2.6718855
9.260523,-2.0255244,-2.6671
9.272487,-2.0183458,-2.6694927
9.260523,-2.0063818,-2.6599214
9.260523,-2.0111675,-2.6623142
9.267701,-2.0135603,-2.6671
9.274879,-2.0087745,-2.6671
9.265308,-2.003989,-2.6647072
9.257831,-1.9992033,-2.6694927
9.255438,-2.0063818,-2.6718855
9.262916,-2.0135603,-2.6694927
9.267701,-2.015953,-2.6647072
9.257831,-2.0231316,-2.6647072
9.250652,-2.0183458,-2.6718855
9.245867,-2.0063818,-2.6718855
9.24826,-2.003989,-2.6647072
9.279665,-2.015953,-2.6647072
9.296415,-2.0207388,-2.6623142
9.270094,-2.0015962,-2.6551359
9.245867,-1.9824536,-2.6455646
9.250652,-1.9872392,-2.6479573
9.262916,-2.0111675,-2.6671
9.260523,-2.0255244,-2.6742785
9.253045,-2.0087745,-2.679064
9.243474,-2.0135603,-2.679064
9.238688,-2.0255244,-2.6718855
9.253045,-2.03031,-2.6694927
9.253045,-2.03031,-2.6694927
9.270094,-2.044667,-2.6623142
9.284451,-2.0494525,-2.6551359
9.257831,-2.0279171,-2.6671
9.233903,-2.0063818,-2.6623142
9.233903,-2.0063818,-2.6647072
9.267701,-2.003989,-2.6671
9.262916,-1.9968106,-2.6599214
9.243474,-2.0015962,-2.6599214
9.257831,-2.0135603,-2.6623142
9.267701,-2.0207388,-2.6599214
9.267701,-2.03031,-2.652743
9.267701,-2.0350957,-2.6599214
9.260523,-2.0207388,-2.6671
9.250652,-1.9944177,-2.6599214
9.255438,-1.9920249,-2.6599214
9.277272,-2.0207388,-2.6718855
9.265308,-2.0231316,-2.6694927
9.250652,-1.9968106,-2.6575286
9.260523,-1.9824536,-2.652743
9.257831,-1.9920249,-2.6551359
9.262916,-2.0135603,-2.6694927
9.277272,-2.0111675,-2.6766713
9.270094,-2.003989,-2.6694927
9.24826,-2.0111675,-2.6694927
9.236296,-2.0255244,-2.679064
9.255438,-2.0231316,-2.679064
9.279665,-2.0087745,-2.6694927
9.282058,-2.0087745,-2.6575286
9.274879,-2.0063818,-2.6551359
9.257831,-1.9968106,-2.6623142
9.250652,-1.9848464,-2.6599214
9.265308,-1.9728823,-2.6623142
9.270094,-1.9728823,-2.6551359
9.270094,-1.989632,-2.6575286
9.265308,-2.003989,-2.6647072
9.260523,-2.0111675,-2.6694927
9.262916,-1.9968106,-2.6647072
9.262916,-1.9920249,-2.6647072
9.272487,-2.0111675,-2.679064
9.272487,-2.0063818,-2.6814568
9.255438,-1.9920249,-2.6766713
9.267701,-2.0015962,-2.6718855
9.277272,-2.0183458,-2.6742785
9.260523,-2.0087745,-2.6694927
9.257831,-1.9824536,-2.6575286
9.265308,-1.9728823,-2.6575286
9.267701,-1.9944177,-2.6671
9.262916,-2.003989,-2.679064
9.24826,-1.9992033,-2.691028
9.24826,-2.003989,-2.6982067
9.250652,-2.0087745,-2.693421
9.253045,-2.0135603,-2.6886353
9.274879,-2.0183458,-2.6862426
9.289237,-2.0231316,-2.6718855
9.289237,-2.003989,-2.6575286
9.267701,-1.9800607,-2.6551359
9.250652,-1.9776679,-2.6647072
9.253045,-1.9872392,-2.6694927
9.255438,-1.9872392,-2.6742785
9.267701,-1.989632,-2.679064
9.267701,-1.9944177,-2.6766713
9.260523,-1.9944177,-2.6694927
9.274879,-1.9968106,-2.6766713
9.279665,-2.0087745,-2.6766713
9.282058,-2.015953,-2.6671
9.277272,-1.9944177,-2.6694927
9.260523,-1.975275,-2.6671
9.24826,-1.9824536,-2.6814568
9.245867,-1.9920249,-2.6886353
9.255438,-2.003989,-2.6838498
9.267701,-2.003989,-2.6862426
9.282058,-1.9968106,-2.6838498
9.277272,-1.9848464,-2.6623142
9.274879,-1.975275,-2.6551359
9.277272,-1.9848464,-2.6742785
9.267701,-1.9944177,-2.6838498
9.265308,-1.989632,-2.6886353
9.255438,-1.9968106,-2.695814
9.245867,-2.015953,-2.693421
9.241081,-2.0255244,-2.7029922
9.255438,-2.0111675,-2.6982067
9.262916,-2.003989,-2.6814568
9.265308,-1.9920249,-2.6766713
9.272487,-1.9848464,-2.6766713
9.262916,-1.989632,-2.6814568
9.250652,-1.9944177,-2.6766713
9.267701,-1.989632,-2.6742785
9.29163,-1.9824536,-2.6814568
9.284451,-1.9848464,-2.6766713
9.265308,-1.9944177,-2.679064
9.257831,-1.9968106,-2.6886353
9.257831,-1.989632,-2.695814
9.255438,-1.9848464,-2.693421
9.255438,-1.989632,-2.695814
9.257831,-2.0015962,-2.7029922
9.262916,-2.0111675,-2.6982067
9.272487,-2.0063818,-2.691028
9.267701,-1.9944177,-2.691028
9.260523,-1.9800607,-2.6862426
9.274879,-1.989632,-2.679064
9.286844,-2.0111675,-2.6886353
9.282058,-1.9968106,-2.695814
9.260523,-1.9630119,-2.6814568
9.250652,-1.9582262,-2.6694927
9.260523,-1.9920249,-2.6838498
9.262916,-1.9992033,-2.695814
9.257831,-1.989632,-2.695814
9.260523,-1.9992033,-2.6982067
9.270094,-2.0015962,-2.6982067
9.265308,-2.0063818,-2.7053852
9.24826,-2.0135603,-2.7029922
9.245867,-2.0087745,-2.6886353
9.270094,-1.9944177,-2.6982067
9.277272,-1.989632,-2.7005994
9.243474,-1.9968106,-2.6886353
9.241081,-2.0015962,-2.6838498
9.286844,-2.0015962,-2.691028
9.296415,-1.9992033,-2.693421
9.265308,-1.9968106,-2.6838498
9.257831,-1.9944177,-2.6814568
9.272487,-1.9992033,-2.691028
9.267701,-2.0063818,-2.693421
9.24826,-2.0135603,-2.695814
9.257831,-2.015953,-2.7029922
9.274879,-2.0207388,-2.7005994
9.267701,-2.0279171,-2.7005994
9.255438,-2.0255244,-2.693421
9.250652,-2.0255244,-2.6982067
9.250652,-2.015953,-2.7053852
9.257831,-2.0087745,-2.693421
9.262916,-2.0207388,-2.695814
9.250652,-2.0279171,-2.707778
9.24826,-2.0111675,-2.7005994
9.255438,-2.0087745,-2.6862426
9.260523,-2.0231316,-2.6982067
9.270094,-2.0231316,-2.7029922
9.260523,-2.0207388,-2.7005994
9.253045,-2.0111675,-2.695814
9.250652,-2.015953,-2.7029922
9.238688,-2.03031,-2.7125635
9.241081,-2.032703,-2.7053852
9.262916,-2.0279171,-2.7053852
9.265308,-2.0398812,-2.7125635
9.260523,-2.03031,-2.7053852
9.24826,-2.003989,-2.6982067
9.238688,-2.003989,-2.6862426
9.270094,-2.0015962,-2.691028
9.282058,-2.0135603,-2.7005994
9.255438,-2.0231316,-2.7005994
9.250652,-2.0255244,-2.6982067
9.255438,-2.032703,-2.6982067
9.250652,-2.0470598,-2.7101707
9.24826,-2.0494525,-2.719742
9.243474,-2.0207388,-2.719742
9.236296,-2.015953,-2.7149563
9.238688,-2.0207388,-2.7125635
9.260523,-2.0087745,-2.7053852
9.282058,-2.0183458,-2.6886353
9.294023,-2.0374885,-2.6886353
9.29163,-2.03031,-2.6886353
9.267701,-2.0063818,-2.6814568
9.236296,-1.9944177,-2.693421
9.23151,-2.0063818,-2.7173493
9.24826,-2.0207388,-2.7245276
9.250652,-2.03031,-2.7245276
9.238688,-2.0279171,-2.7293134
9.224331,-2.03031,-2.7293134
9.233903,-2.0422742,-2.7293134
9.250652,-2.03031,-2.7221348
9.262916,-2.0207388,-2.7101707
9.277272,-2.0279171,-2.7005994
9.274879,-2.0255244,-2.695814
9.265308,-2.0135603,-2.7029922
9.262916,-2.0015962,-2.695814
9.265308,-1.9944177,-2.691028
9.267701,-1.9920249,-2.693421
9.270094,-1.989632,-2.693421
9.262916,-1.9872392,-2.7005994
9.255438,-1.9944177,-2.7029922
9.255438,-2.015953,-2.7053852
9.257831,-2.0183458,-2.7101707
9.253045,-2.0207388,-2.7125635
9.260523,-2.0207388,-2.7245276
9.260523,-2.0015962,-2.7221348
9.245867,-1.9872392,-2.7029922
9.257831,-1.989632,-2.695814
9.286844,-2.0111675,-2.7101707
9.277272,-2.0207388,-2.7053852
9.260523,-1.9968106,-2.6838498
9.265308,-1.9848464,-2.695814
9.260523,-2.0015962,-2.719742
9.245867,-2.0087745,-2.7317061
9.236296,-2.0063818,-2.734099
9.241081,-2.0015962,-2.734099
9.243474,-2.015953,-2.734099
9.238688,-2.0231316,-2.7317061
9.241081,-2.0111675,-2.7269206
9.267701,-2.0063818,-2.7053852
9.296415,-2.0087745,-2.695814
9.289237,-2.0111675,-2.6982067
9.262916,-2.0015962,-2.6982067
9.24826,-1.9968106,-2.6982067
9.250652,-1.9968106,-2.7101707
9.260523,-1.989632,-2.7149563
9.265308,-1.9824536,-2.7101707
9.265308,-1.9848464,-2.7149563
9.255438,-1.9968106,-2.719742
9.253045,-1.9968106,-2.7221348
9.267701,-1.9992033,-2.7149563
9.272487,-2.0111675,-2.7101707
9.265308,-2.0087745,-2.719742
9.250652,-1.9968106,-2.7293134
9.238688,-1.9872392,-2.7245276
9.24826,-1.9944177,-2.7221348
9.262916,-2.0015962,-2.7245276
9.267701,-2.0015962,-2.7269206
9.274879,-1.9920249,-2.7101707
9.282058,-1.9728823,-2.691028
9.262916,-1.9824536,-2.7005994
9.255438,-1.9992033,-2.7173493
9.257831,-2.0015962,-2.7245276
9.24826,-2.003989,-2.7317061
9.238688,-2.0111675,-2.7436702
9.245867,-2.0255244,-2.746063
9.255438,-2.03031,-2.7412775
9.270094,-2.0135603,-2.7293134
9.267701,-1.9968106,-2.7125635
9.265308,-1.989632,-2.7053852
9.272487,-1.9848464,-2.707778
9.267701,-1.9728823,-2.7053852
9.262916,-1.9680966,-2.7053852
9.267701,-1.9848464,-2.7173493
9.282058,-1.9968106,-2.7245276
9.277272,-2.0087745,-2.7317061
9.250652,-2.003989,-2.7364917
9.233903,-1.9968106,-2.734099
9.245867,-2.0063818,-2.734099
9.255438,-2.0015962,-2.7269206
9.255438,-1.9968106,-2.7149563
9.260523,-2.003989,-2.7221348
9.260523,-2.003989,-2.7221348
9.255438,-1.9992033,-2.7245276
9.260523,-1.9968106,-2.7125635
9.282058,-2.0231316,-2.7221348
9.29163,-2.0255244,-2.7317061
9.267701,-1.9992033,-2.7149563
9.250652,-1.9848464,-2.693421
9.24826,-1.9968106,-2.707778
9.236296,-2.0135603,-2.7364917
9.23151,-2.03031,-2.7364917
9.238688,-2.03031,-2.734099
9.24826,-2.0255244,-2.7412775
9.245867,-2.0398812,-2.7364917
9.241081,-2.0494525,-2.734099
9.265308,-2.044667,-2.7317061
9.29163,-2.032703,-2.7149563
9.270094,-2.015953,-2.7029922
9.23151,-2.0111675,-2.7101707
9.233903,-1.9992033,-2.7173493
9.245867,-1.9992033,-2.7173493
9.260523,-1.9944177,-2.7101707
9.279665,-1.9824536,-2.7005994
9.277272,-1.9944177,-2.7005994
9.272487,-2.0087745,-2.7005994
9.274879,-2.0207388,-2.7029922
9.284451,-2.03031,-2.7029922
9.277272,-2.03031,-2.707778
9.265308,-2.03031,-2.7101707
9.255438,-2.0398812,-2.719742
9.23151,-2.0279171,-2.7317061
9.233903,-2.0207388,-2.7508488
9.250652,-2.0350957,-2.7532415
9.241081,-2.0350957,-2.7412775
9.226724,-2.03031,-2.7317061
9.250652,-2.032703,-2.719742
9.267701,-2.0255244,-2.7125635
9.277272,-2.015953,-2.7149563
9.279665,-2.0255244,-2.7364917
9.24826,-2.0374885,-2.7412775
9.217153,-2.056631,-2.734099
9.221938,-2.070988,-2.7556343
9.226724,-2.0662024,-2.7723842
9.23151,-2.0685952,-2.7699914
9.243474,-2.0590239,-2.7628129
9.238688,-2.0374885,-2.746063
9.241081,-2.03031,-2.734099
9.245867,-2.0255244,-2.7269206
9.255438,-2.0087745,-2.719742
9.257831,-2.003989,-2.7101707
9.262916,-2.0135603,-2.7221348
9.250652,-2.0231316,-2.7293134
9.243474,-2.0279171,-2.7245276
9.24826,-2.0398812,-2.7293134
9.260523,-2.0614166,-2.7364917
9.260523,-2.0614166,-2.734099
9.245867,-2.0470598,-2.7364917
9.241081,-2.0279171,-2.7364917
9.253045,-2.015953,-2.7221348
9.282058,-2.032703,-2.7125635
9.282058,-2.0422742,-2.7149563
9.260523,-2.032703,-2.7173493
9.253045,-2.0111675,-2.7149563
9.260523,-1.9848464,-2.7053852
9.253045,-1.9657038,-2.7029922
9.250652,-1.9657038,-2.7125635
9.265308,-1.9704895,-2.7221348
9.262916,-1.975275,-2.7221348
9.236296,-1.9872392,-2.7221348
9.221938,-2.0015962,-2.7221348
9.229117,-2.0063818,-2.719742
9.257831,-2.0111675,-2.707778
9.29163,-2.0279171,-2.6886353
9.296415,-2.0422742,-2.679064
9.289237,-2.070988,-2.679064
9.277272,-2.097309,-2.6742785
9.270094,-2.111666,-2.679064
9.282058,-2.1164517,-2.691028
9.298808,-2.097309,-2.693421
9.284451,-2.0614166,-2.695814
9.250652,-2.0422742,-2.695814
9.238688,-2.0398812,-2.7125635
9.245867,-2.0350957,-2.7364917
9.243474,-2.0087745,-2.748456
9.229117,-1.9728823,-2.7388847
9.236296,-1.9630119,-2.7293134
9.262916,-1.9776679,-2.7293134
9.286844,-2.0015962,-2.7364917
9.284451,-2.0135603,-2.7364917
9.262916,-2.003989,-2.707778
9.294023,-1.975275,-2.695814
9.3155575,-1.9486549,-2.719742
9.274879,-1.9510478,-2.7388847
9.236296,-1.9462621,-2.7436702
9.23151,-1.9247267,-2.7388847
9.24826,-1.9007984,-2.7364917
9.260523,-1.8816559,-2.748456
9.24826,-1.8840487,-2.748456
9.241081,-1.9127626,-2.746063
9.255438,-1.9295124,-2.748456
9.277272,-1.9414765,-2.746063
9.286844,-1.9704895,-2.7317061
9.286844,-1.9920249,-2.7245276
9.279665,-1.9848464,-2.7221348
9.279665,-1.9848464,-2.719742
9.272487,-1.9872392,-2.707778
9.274879,-1.975275,-2.7005994
9.286844,-1.9657038,-2.7101707
9.282058,-1.9800607,-2.719742
9.282058,-1.9968106,-2.7269206
9.270094,-2.0015962,-2.7293134
9.255438,-1.9968106,-2.7508488
9.238688,-1.9800607,-2.76042
9.229117,-1.9728823,-2.7436702
9.260523,-1.9704895,-2.7269206
9.279665,-1.975275,-2.7269206
9.267701,-1.9630119,-2.719742
9.265308,-1.9438694,-2.693421
9.282058,-1.9486549,-2.6718855
9.29163,-1.9848464,-2.693421
9.267701,-2.0183458,-2.7269206
9.24826,-2.015953,-2.734099
9.265308,-2.0063818,-2.7412775
9.274879,-2.0111675,-2.7364917
9.267701,-2.015953,-2.7412775
9.257831,-2.0207388,-2.7317061
9.267701,-2.0183458,-2.7149563
9.305986,-2.0015962,-2.734099
9.296415,-1.9800607,-2.734099
9.250652,-1.9630119,-2.7149563
9.243474,-1.9486549,-2.7293134
9.241081,-1.9534405,-2.7412775
9.236296,-1.9728823,-2.7580273
9.226724,-1.989632,-2.7771697
9.221938,-2.003989,-2.7723842
9.241081,-2.0087745,-2.7628129
9.257831,-1.9968106,-2.7628129
9.255438,-1.9824536,-2.7532415
9.245867,-1.9657038,-2.7388847
9.272487,-1.9582262,-2.7317061
9.294023,-1.975275,-2.7388847
