-0.37956148,2.7532415,8.740981
0.111266255,3.2069805,8.073982
0.5841478,3.7193437,7.9148593
0.96729857,4.2424746,8.5372925
1.5610176,4.6002016,9.23151
2.882454,4.5332026,9.98824
2.8501508,4.6037908,9.564411
0.62721866,4.421936,8.700303
-0.7073782,3.7384863,7.483852
-1.4210376,3.135196,7.841878
-0.81864446,3.3433714,10.388141
0.53270215,3.6571302,11.493923
1.9426728,3.7444685,11.207981
4.1703906,3.5539398,9.948758
5.833103,4.1105704,9.585947
3.6930227,3.3326037,9.416057
0.95653087,3.185445,10.925329
0.91465646,3.0355947,13.0824585
1.16351,2.798705,13.457234
1.3669,2.8489544,11.333605
1.0725827,3.135196,9.5404825
1.3920245,3.984947,6.6364937
1.6603198,4.8326044,6.215058
2.0805593,3.9598224,9.857831
2.2671995,2.8489544,14.146667
2.0195422,2.3545375,14.00549
3.1890345,2.0937197,10.375877
3.946662,2.5881367,7.004988
3.1567314,3.114857,4.8912287
-1.1419746,5.05753,4.2759743
-1.9944177,6.8578296,5.5675
1.7584256,4.8003016,6.937989
2.1834507,4.8433723,8.974281
2.4442682,4.733003,9.349057
1.7931215,4.8696933,9.272487
1.3250256,5.3736815,7.947162
1.1515459,5.645267,6.2521462
1.3848461,5.9374905,6.2940207
1.8206389,5.9291153,6.6364937
1.7679968,6.0774703,7.19791
1.1682956,6.3957157,7.392925
0.7588239,6.378966,6.751349
0.67387867,6.428019,6.3981085
0.9768698,6.5635123,6.71426
0.9385847,6.626922,6.806384
0.6978069,6.884151,6.762117
0.21655045,7.069894,6.5001025
-0.2739782,6.936793,6.210272
-0.28265217,6.9786673,6.296414
0.18424734,7.133303,6.5551376
0.5518447,7.2840514,6.619744
0.28265217,7.3689966,6.579066
-0.19980069,7.3366933,6.7238317
-0.5195416,7.184749,6.611369
-0.32213375,7.16441,6.4160547
0.06699903,7.24457,6.454639
0.059820566,7.217052,6.5850477
-0.2213361,7.457531,6.748956
-0.63200426,7.4252276,6.3945193
-0.9589237,7.4395847,6.0308104
-0.7468598,7.286444,6.305985
-0.25244278,6.74776,7.7617183
-0.1591227,5.8343,10.159327
-0.6236294,4.834997,12.029018
-1.0342976,4.516453,11.783754
-0.9696914,4.8804607,9.990633
-0.63559353,5.4107704,8.253742
-0.24765715,5.825925,7.6851482
0.5171488,5.8223357,8.277671
1.0331012,5.622535,8.969496
0.86560357,5.374878,9.192028
0.42382872,5.11735,9.192028
0.04426722,5.037191,8.891729
-0.16630118,5.0455656,8.420044
-0.16749759,5.1604214,7.8921275
0.08255238,5.391628,7.428817
-0.076570325,5.5543394,6.914061
0.058624156,5.634499,6.9355965
0.47048876,5.663213,7.510173
0.9194421,5.705087,8.507381
1.3489537,5.7637115,9.52493
1.4066806,5.7541404,10.306485
1.4808581,5.628517,10.698011
1.7632111,5.580661,10.401301
2.1702902,5.5830536,9.620643
2.6407788,5.441877,9.751051
2.7173493,4.989334,10.368699
2.1655045,4.7991047,9.742677
1.8242282,4.766503,8.2346
1.7129619,4.8900323,7.0002027
1.9091734,4.9522457,6.914061
2.5283163,4.8708897,8.165208
2.457429,4.5858445,9.328718
1.9163518,4.4039903,9.346664
1.468894,4.3704906,9.365807
1.3489537,4.3609195,9.809675
1.198206,4.3669014,10.146166
0.71694946,4.5535417,9.115458
0.22731815,5.020441,7.49462
-0.0023928226,5.4610195,7.0603223
0.021535404,5.506483,7.9351983
0.28384858,5.5016975,8.690433
0.29341987,5.6416774,8.540881
0.34366915,5.7876396,8.05125
0.096909314,5.955436,7.4766736
0.02871387,5.9985075,7.4192457
0.18783657,6.029614,7.6396847
0.16151553,6.053542,8.024929
-0.12083755,6.228218,7.687541
-0.41904306,6.518049,6.991828
-0.58893347,6.6364937,6.3047886
-0.3149553,6.6831536,6.3741803
0.08015956,6.6759753,6.7118673
0.12562318,6.7334027,6.6628146
-0.011964113,6.780063,6.856633
-0.11964113,6.7609205,7.0555367
-0.11365908,6.704689,6.7848487
-0.076570325,6.652047,6.6592255
0.18664017,6.6999035,6.8279195
0.45254257,6.7525454,6.876972
0.5518447,6.914061,7.0555367
0.23330021,7.0097737,6.7968125
-0.1698904,6.8219376,6.7178497
-0.43818563,6.586244,6.666404
-0.1052842,6.661618,6.6676
0.17826529,6.7573314,6.0140605
0.8787641,6.9212394,6.0320067
1.0342976,6.8650084,5.796015
1.0295119,6.3514485,6.2940207
0.6415756,6.131309,8.3219385
0.19381863,6.1995044,8.702696
1.2819548,6.4531436,6.4869423
2.1463618,6.8805614,3.6448672
2.2337,5.7062836,4.686343
1.7919251,4.241278,9.785748
3.153142,3.944269,13.512269
2.6036901,3.5970106,12.160923
1.0474582,2.6455646,9.101101
2.728117,1.2089736,4.3788652
4.581059,0.6152545,8.161619
4.3872404,0.083748795,12.103496
3.004488,-0.6619146,10.055239
1.4389837,0.9086744,8.780462
-3.1663027,1.7297117,5.451448
-4.6564326,1.4796617,7.8203425
0.38434714,1.8601205,8.296813
0.30418757,4.4279184,7.9447694
-7.152446,7.8311105,-0.77677006
-7.8239317,5.3389854,-10.085149
-7.862217,-1.9920249,-10.949556
-8.592327,-9.465109,-0.7899306
-6.762117,-12.215958,3.045166
-7.8813596,-10.014561,20.001604
-3.036791,-10.939686,9.013762
-4.7306104,-10.368699,-2.7975087
-10.469497,-12.560524,-14.205291
-3.9071803,-14.852848,-5.7924256
-5.309973,-14.006686,0.0741775
-16.580467,-13.125529,2.5088747
-26.09074,-10.566405,3.098107
-29.410183,-8.082356,2.0590239
-29.790941,-5.715855,2.9338996
-30.10111,-2.7879374,6.808777
-29.05485,-0.69900334,12.652947
-23.749363,2.6599214,21.494127
-20.78316,4.759324,21.417557
-8.99462,2.9853454,4.5942197
-7.8083787,2.6826532,-1.3429717
-15.924234,-2.4765713,3.2321053
-11.216356,-4.0591245,5.535197
-5.8654065,-3.063112,-3.5479577
-4.1847477,-4.965406,-3.1387851
-8.570791,-5.703891,-1.2939188
-8.586345,-3.4917264,-0.2970091
-9.459127,-1.8493528,1.0977074
-8.646166,-0.60807604,0.95413804
-8.730213,-0.30059835,0.80907315
-14.662619,-1.2987045,-0.4872385
1.2125629,-3.8665023,4.0148573
0.4968098,-5.6596236,5.745765
-1.5598212,-4.929514,0.96849495
-1.7033906,-4.1368914,0.7612167
-3.1890345,-3.2368908,0.08015956
-5.5627146,-1.8218354,0.33290145
-4.4207397,-0.6451648,-0.6978069
-6.9475603,1.1754742,-4.6875396
-14.397016,4.3609195,-1.8589242
-20.084156,7.120143,4.694718
-18.985252,5.6261244,6.7429743
-15.879968,3.4402807,6.114559
-14.797813,2.6395824,1.4844474
-17.1694,-0.91585284,-0.40707895
-12.535399,-2.132005,4.01725
-10.853544,-2.2085752,3.7600217
-4.074678,-5.445466,-0.16510476
5.0312085,-10.439586,-2.243271
4.699504,-11.276176,-5.030012
1.4605191,-10.283753,-2.7305098
0.68345,-9.816854,-1.9402801
-0.6643074,-8.725428,0.7325028
-1.4114662,-8.538488,5.721837
0.4226323,-10.884651,8.253742
-6.7537417,-10.690832,6.98106
-4.241278,-12.330813,-0.11246266
0.68105716,-14.267504,-1.3944174
-1.4377873,-11.719148,-1.2233306
-4.1835513,-9.969097,-0.6978069
-13.058531,-15.93261,-2.1894326
-19.517956,-22.666012,-2.8046873
-14.151452,-19.795523,-0.41306102
-3.14716,-14.874682,2.053042
2.2444677,-11.367104,2.455036
4.054339,-10.57478,0.59611195
3.6041892,-10.810473,-1.0737791
3.4725838,-11.068001,-1.2771691
3.1339993,-11.351551,-0.49082774
3.9897327,-9.912866,1.5550356
1.1036894,-8.959925,0.907478
1.1228321,-12.78216,-1.1096715
-0.6343971,-11.850753,1.1132607
-1.4676976,-9.6122675,0.069391854
-1.4724833,-9.605089,-2.0961127
-0.8668,-11.531311,-2.8716862
0.16271193,-11.2139635,-0.3149553
0.5279165,-8.816355,1.1084751
-2.3162522,-7.2876406,0.6678966
-5.1388855,-7.98784,-1.2963116
-3.7133617,-9.655338,-2.2337
-1.1670992,-10.283753,-2.0937197
0.72053874,-10.124631,-2.0267208
4.290331,-11.320444,-1.7476579
4.1165524,-8.98146,-0.90508515
-3.716951,-7.3402824,0.0071784677
-8.1687975,-9.862617,1.4509479
-2.8058836,-9.842278,-0.73489565
4.0040894,-9.717552,-1.3884354
2.4837499,-9.392128,0.16151553
-0.1471586,-9.049655,0.04546363
-0.91465646,-10.113863,-0.8500503
-4.302295,-10.384551,-0.96729857
-6.261718,-10.369895,-0.6260222
-3.3397822,-10.462317,-0.37597227
-3.2440693,-10.719546,-0.8775677
-2.7125635,-9.389735,-0.811466
-1.5610176,-8.906086,0.22013968
-0.56141603,-9.779765,0.15672988
0.39750767,-10.165309,-1.1551352
-0.18185452,-9.903295,-1.8146569
-1.3190435,-9.650553,-1.5179468
-1.2472588,-8.647362,-1.4150555
-0.5063811,-7.789236,-1.2161521
-0.38673997,-8.045268,-1.0175478
-0.56141603,-8.634201,-0.25962126
-0.35204405,-10.23829,-0.2656033
-0.101694964,-11.796915,-0.93978107
0.57936215,-12.339189,-1.6603198
1.3848461,-12.45524,-1.9872392
-0.53629136,-10.908579,-0.17108682
-1.4976078,-10.060024,0.9026923
-0.8042875,-9.23151,0.99601245
-0.19501504,-7.3438716,-1.0510473
3.4941192,-7.8717885,1.0474582
3.7396827,-8.937193,3.5814574
2.062613,-9.241081,2.4323041
1.1036894,-9.546465,0.5075775
1.428216,-10.485049,-0.5183452
2.1451654,-11.301301,-0.4956134
2.349752,-11.586347,-0.6367899
1.9271195,-12.12862,-0.4872385
1.5658033,-12.08196,-0.013160525
0.97567344,-10.766207,0.4668995
-0.17347965,-8.254939,0.71336025
-0.90149593,-10.29811,2.428715
-8.455936,-10.627422,8.817552
-12.703197,-10.686047,8.597113
-10.49821,-10.902597,1.1216356
-11.273784,-11.850753,4.084249
-7.0555367,-13.909777,9.048459
-0.99720883,-13.847564,10.865508
-0.22253251,-12.057733,7.899306
-4.3118663,-13.803296,4.8361936
-10.281361,-19.75245,4.2975097
-12.377473,-23.411976,2.6371896
-10.741082,-20.348564,4.761717
-10.036097,-12.971192,6.580262
-9.629018,-11.353944,7.8311105
-8.499007,-11.81845,7.0097737
-4.7979083,-10.826027,4.540381
-2.2552354,-6.8422766,3.4725838
4.3848476,1.0666007,3.399603
6.9726853,6.067899,0.046660043
7.3989067,6.061917,-5.1460643
7.335497,3.141178,-7.744969
6.0571313,0.8042875,-6.984649
6.0379887,-0.93619186,-4.540381
6.7740808,-2.3282163,-2.7029922
6.6448684,-3.313461,-3.063112
4.7545385,-4.6002016,-5.5256257
4.0615172,-6.20429,-5.877371
5.3353963,-8.380562,-5.002495
5.756533,-9.611072,-2.8345976
3.5324044,-9.032906,-1.6615162
0.5709873,-8.604291,-2.243271
-4.121338,-8.784052,-3.7420754
-9.487841,-9.079565,-2.992524
-25.604998,-11.633006,20.358135
-25.520948,-25.469503,18.511175
-20.797518,-33.26113,-2.6012974
-26.166412,-36.687057,5.8749776
-15.620346,-22.86731,-6.937989
-3.5958142,-19.171894,-11.492727
11.622239,-22.65644,-9.06162
4.682754,-28.11746,4.485346
-12.834802,-18.771994,2.815455
-17.658731,-16.66302,6.2988067
-25.419254,-12.650555,5.8067822
-25.126133,-6.404091,5.8797636
-15.777076,-4.3836513,0.0
-9.195618,-3.0858438,-2.9614172
-11.216356,1.9908284,5.433502
-9.260523,-0.474078,0.52552366
-7.2529445,-5.043173,-2.3724837
-7.576275,-10.275378,-1.6351951
-13.099209,-18.948164,-3.7037904
-12.796516,-28.77818,-9.238688
-7.7557364,-35.12275,1.7823538
-1.3130615,-29.805298,-3.2907293
9.08794,-12.571292,-4.241278
14.053347,3.749254,0.11964113
14.657833,13.233505,4.206283
6.4737816,15.326926,-0.5841478
-0.75284183,11.197213,9.510572
-1.867299,14.064115,10.062417
-1.5203397,11.616257,4.3034916
0.81266236,1.5000007,0.81864446
2.9578278,-3.6858442,-0.8488538
4.167998,-6.003293,-2.4239295
6.6281185,-8.830712,-2.9590242
7.6755767,-13.610375,-4.213761
5.846264,-20.641983,-5.014459
-1.6794624,-26.252554,-5.1161537
-8.150851,-20.435902,-4.6612186
-3.649952,-11.729916,-4.6815577
0.051445685,-7.1823564,-2.679064
0.9026923,-4.922335,-1.6950158
0.65712893,-3.5910287,-1.4042878
-2.0733807,-3.2943187,-0.9828519
-16.76591,-2.2839491,16.893927
-17.239988,-8.48465,-9.077172
-27.381369,-17.814564,1.3369896
-36.36881,-37.823048,3.8246279
-17.231613,-33.717262,-2.4598217
-10.881062,-23.20709,-6.9930243
8.232207,-23.447866,-0.5733801
5.0946183,-26.678776,-10.900205
-7.919645,-24.364618,-0.43698925
-13.246666,-17.790636,9.41127
-15.808183,-15.589239,-0.392722
-19.259232,-9.539287,11.008181
-11.114661,-7.22782,0.52552366
-6.641279,-5.4311094,-2.7592237
-4.1440697,-3.242873,-2.0781665
-4.770391,-0.5422734,-3.1028929
-7.636095,2.815455,-1.462912
-10.827224,5.250152,7.065108
-10.479068,0.015553347,1.1910275
-9.055637,-6.8781686,-1.8493528
-9.042477,-14.103596,-4.071089
-13.883456,-23.458635,-6.0583277
-18.945772,-35.549866,1.230509
-6.8949184,-34.629528,5.3015976
8.803194,-12.639787,-3.5288153
13.395021,5.5710893,-0.5135596
14.705689,11.169696,0.34486556
2.251646,10.4683,-5.8103714
-2.7975087,10.106685,3.263212
-2.5761726,13.985151,16.465311
0.8811569,16.32892,7.221838
2.0901306,2.675475,-6.0655065
3.2823544,-2.6539395,-7.1345
3.7049868,-4.857729,-5.358128
5.2872405,-7.69113,-4.013661
9.338289,-15.067305,-3.1363924
9.685248,-25.61098,-1.9645073
-1.6794624,-28.262226,-2.0003998
-6.340681,-18.684654,-4.130909
-3.8521454,-11.016556,-3.3278182
-2.5570302,-5.905187,-0.30059835
-5.1257253,-0.3400799,7.8227353
-6.3071814,1.8972093,8.970692
-9.1669035,1.9932213,15.390336
-12.383455,-4.5966125,-5.8510494
-29.603104,-17.332111,-0.91226363
-43.397728,-40.89603,2.679064
-17.296219,-38.564224,-2.3138595
-14.45205,-19.65315,-9.302397
2.8034909,-22.067507,-1.3800604
7.3546395,-27.957142,-8.754142
-4.0902314,-27.359833,-7.650452
-9.640982,-18.062222,7.437192
-13.977973,-17.067406,3.801896
-16.610376,-13.503895,9.902099
-10.677672,-9.751051,6.7645097
-9.599107,-8.446364,1.7105691
-7.221838,-6.4088764,-2.0410776
-5.456234,-4.338187,-1.5011971
-5.3629136,-1.7333009,-3.2416766
-7.4563346,1.0510473,-4.074678
-11.048859,3.0355947,4.924728
-10.441978,-1.6399808,1.5538392
-7.288837,-7.582257,-2.5689943
-5.6584272,-13.913366,-6.1468625
-10.021739,-23.11377,-10.579566
-15.354444,-33.419357,2.6336005
-7.652845,-28.944778,6.734599
6.026025,-12.121441,-6.686743
15.77229,3.2943187,-3.5324044
15.023038,8.705089,4.5655055
1.3645071,9.28804,-1.9223338
-5.919544,11.240284,7.5089765
-2.9733813,16.477276,13.120744
0.8258229,11.587543,4.066303
2.6096723,-0.5673981,-3.5300117
3.8401814,-4.619344,-5.8354964
4.575077,-6.7094746,-6.181558
6.5575304,-11.922538,-5.9901323
6.233004,-25.212275,-6.2234325
-0.4334,-32.822945,-4.2687955
-2.6742785,-21.75046,-3.2380872
0.16749759,-12.245868,-2.547459
1.0594223,-6.6927247,-1.5382859
-0.050249275,-3.2285159,-0.1794617
-9.337093,3.7337005,22.232912
-8.345866,3.926323,12.164512
-8.906086,3.2380872,23.010878
-11.644971,-3.7097723,-2.6982067
-25.658836,-25.693531,-4.8804607
-37.808693,-57.818672,10.068399
-13.902598,-27.71397,-7.8012
-2.7903304,-17.018353,-0.44177487
8.589934,-22.712673,-9.859028
1.0378869,-27.4711,-20.093729
-9.206385,-19.905592,2.053042
-12.428919,-13.678571,16.394724
-15.887146,-16.19253,-1.5921243
-17.277077,-13.156636,11.917752
-9.645767,-7.7294154,5.9027944
-7.053144,-5.9769716,-2.7089744
-4.7318068,-4.2891345,-3.7420754
-3.8964126,-2.0003998,-5.0276194
-3.374478,0.08135597,-4.284349
-4.0292144,1.989632,-2.9458637
-6.233004,2.652743,3.1782668
-8.799605,-1.3824533,10.954342
-8.489435,-5.6440706,-0.40468612
-10.447961,-11.704791,-5.8079786
-16.12912,-23.362923,-8.20469
-18.521942,-37.92624,4.395615
-2.2875385,-24.255745,4.025625
6.2641106,-2.6395824,0.27756742
7.591828,8.458329,3.7672002
3.7660038,11.422139,6.1695943
-2.7771697,10.981859,4.421936
-4.5523453,11.776576,7.346265
-1.8553349,13.743176,9.030513
2.5028925,7.22782,5.462216
4.147659,-0.7372885,-1.3537394
3.9681973,-3.8676987,-3.4019957
4.4111686,-6.059524,-3.67388
5.229813,-9.180064,-4.0531425
6.295217,-13.3435755,-4.12732
5.2477593,-16.99921,-2.7843482
-1.4940187,-17.63241,-0.93978107
-2.847758,-13.07528,-3.254837
-0.5841478,-9.2075815,-5.1759744
-0.38554356,-6.4148583,-3.2488549
-1.407877,-5.1125646,-1.2520444
-1.0809577,-4.5966125,-2.4059832
-10.693225,-0.44536412,24.205494
-11.229517,0.21894327,6.4184475
-13.63191,-8.643773,-1.5753746
-25.949564,-23.271696,-3.6655052
-33.966415,-47.976395,-4.470989
-27.175287,-34.410286,-3.97059
-14.581263,-16.933407,-5.793622
7.7940216,-26.144878,4.5966125
11.619845,-27.355047,-1.8170497
3.4139597,-26.035706,-11.186446
-5.215456,-18.648762,6.9930243
-7.7461653,-15.747166,7.068697
-10.214361,-14.216059,-0.09930214
-10.81167,-8.2609215,1.9968106
-9.935597,-6.1217375,1.901995
-7.6193457,-4.4542394,-0.6367899
-5.7948184,-2.8166513,-2.0937197
-6.9523463,0.846461,-4.520042
-10.062417,5.3123655,3.3720853
-13.459627,6.759724,6.300003
-11.944074,0.79950184,1.590928
-8.528917,-4.7365923,0.4968098
-6.818348,-8.796016,-0.37597227
-10.038489,-14.283057,-3.626921
-19.975283,-26.672794,-9.050852
-23.237,-40.144386,-3.5910287
-0.7935198,-27.739096,3.7444685
6.863812,-8.093124,7.41446
1.9438694,2.003989,4.5487556
-1.7572291,6.419644,5.959026
-0.392722,10.639387,10.4683
-0.52313083,12.358331,6.7058854
-0.34127632,9.030513,4.939085
2.2277179,1.5610176,2.475375
3.938287,-2.746063,-1.2029916
5.0072803,-5.034798,-2.9745777
6.3382883,-7.789236,-3.6089747
6.792027,-11.78854,-3.7552361
4.976174,-17.104494,-3.6487553
1.6280167,-21.324238,-4.0698924
-2.6192434,-19.944178,-4.0734816
-4.2628136,-14.2698965,-4.185944
-1.8661026,-10.083953,-2.2947168
-2.1511476,-6.754938,-0.9086744
-2.7855446,-4.703093,-1.5538392
-8.613862,-1.6950158,10.305289
-12.067603,1.3369896,13.7324095
-12.801302,-0.0023928226,5.617749
-13.750654,-10.413265,-1.0211371
-24.304796,-27.97748,-6.248557
-26.331518,-52.809,-4.241278
-11.229517,-29.203203,-5.5986066
-10.039685,-16.554146,-7.878967
1.090529,-22.401606,-3.8353956
7.105786,-22.965414,-6.0284176
2.8058836,-22.492533,-6.79442
-6.0248284,-17.97967,8.989835
-10.9325075,-17.206488,10.076775
-10.724332,-14.412569,-0.8679964
-10.402497,-7.663613,3.8330028
-6.869794,-4.788337,0.34606197
-3.9777687,-2.876472,-2.111666
-3.92393,-0.45014977,-3.484548
-5.8043895,1.6148561,-4.7449675
-9.416057,4.2855453,-0.07178468
-15.650256,5.0336018,11.118251
-12.440883,-2.333002,2.5112674
-9.238688,-9.176475,0.0849452
-7.475477,-14.340784,-0.9409775
-10.933704,-20.821445,-4.5188456
-20.970997,-32.08805,-1.6196418
-13.1231365,-31.050163,-0.6092725
0.44536412,-19.399511,-1.6543378
7.346265,-9.140582,-0.031106694
3.7588253,3.2009985,4.3932223
-3.865306,8.834301,9.213564
-3.7037904,11.405389,8.593523
-3.8964126,13.001102,3.3003006
-0.35204405,10.906186,2.7472596
3.4666018,4.1955156,-0.2632105
4.575077,0.1471586,-2.1272194
6.363413,-2.510071,-1.448555
6.735796,-5.2405806,-2.8178477
7.077072,-8.169993,-3.9741793
8.266903,-12.771392,-5.201099
5.762515,-17.917456,-4.8445687
-0.64277196,-18.5028,-2.0865414
-1.5945172,-12.686446,-1.6387844
0.6786643,-9.798908,-2.547459
0.5901299,-8.4248295,-2.1140587
-2.120041,-7.4012995,-1.2544373
-7.218249,-3.5467613,14.178969
-4.6564326,1.4174483,19.74647
-9.824331,-1.5669997,1.6926229
-14.797813,-13.910974,-3.7253258
-29.368309,-35.090446,-3.161517
-38.06502,-59.55197,7.804789
-15.360426,-26.742186,0.56500524
-7.150053,-7.7760754,-12.089138
10.225129,-17.024334,-12.113067
12.224333,-26.45714,-21.647568
0.689432,-26.819952,-10.166505
-11.149357,-18.71935,24.289244
-17.316559,-17.763119,3.7636108
-13.913366,-12.987942,3.3170505
-7.804789,-8.604291,5.098208
-6.8303123,-6.2605214,-2.0207388
-4.0962133,-3.850949,-1.623231
-3.4749768,-1.5311074,-2.6491537
-4.83739,0.9936196,-3.828217
-7.0639114,2.949453,-3.126821
-11.172089,3.5623147,3.3146574
-12.586845,-0.7636095,3.7301114
-9.776176,-6.5144596,-0.9804591
-9.518948,-14.450854,-6.6017976
-18.460926,-30.267412,-11.306087
-14.0354,-39.604504,8.695218
-0.43100718,-21.405594,11.789736
8.540881,-7.9100733,-3.3804603
8.363812,6.6149583,0.62123656
-1.2580265,14.726028,7.2326055
-2.9973094,16.187744,14.175381
-4.723432,15.824932,8.115856
-2.3916261,10.909776,1.6794624
1.1718849,1.4258232,-4.2927237
3.3816566,-3.2871401,-5.2022953
4.2038903,-5.3075795,-3.897609
5.407181,-7.929216,-3.7037904
5.939883,-11.652149,-3.382853
5.7816577,-15.909878,-3.7432718
2.1427727,-17.63241,-1.7081763
-1.2891332,-16.422241,-0.581755
-2.353341,-11.200803,-2.7652056
0.24646074,-8.509774,-4.523631
0.12203395,-6.1863437,-2.2648067
-1.1778669,-5.246563,-1.2317054
-5.6871414,-4.005286,7.7569327
-14.861223,-1.509572,21.740887
-7.4216385,-5.9470615,-3.7241294
-10.900205,-11.340783,-3.7600217
-28.513771,-32.223244,-5.6093745
-35.555847,-51.600025,11.266605
-11.503794,-30.493534,-7.2098737
-3.8916268,-24.02364,-12.553346
10.488639,-19.389938,1.1060823
6.43759,-21.137596,-2.8118658
-6.033203,-18.78635,-6.2258253
-9.859028,-16.31576,7.170392
-14.0689,-18.348463,6.131309
-15.161821,-11.761023,0.4142574
-8.825927,-5.5519466,1.2173486
-4.7653065,-3.5204403,-0.9098708
-2.768795,-1.2915261,-1.5681962
-2.8501508,0.37716866,-1.4015958
-5.003691,2.7795627,0.32333016
-8.129017,4.7895336,4.229314
-8.680861,2.6491537,1.9043877
-7.342675,-2.3832514,0.0741775
-6.5072813,-7.248159,-1.759622
-7.3678,-9.954741,-3.6930227
-13.387843,-19.802702,-8.081161
-21.27279,-37.899918,-1.4784653
-2.0841484,-30.163324,8.2609215
-1.2173486,-9.656535,7.2505517
-2.3150558,1.21017,0.3364907
-3.7097723,7.298408,3.3314073
-1.9331015,12.6167555,10.467104
-1.1443675,14.749957,8.028518
-1.7057835,8.259725,0.9589237
1.6878372,0.083748795,-2.6407788
3.999304,-3.1495528,-1.4784653
5.266902,-4.8768716,-0.62841505
5.8821564,-6.049953,-1.9438694
5.8558354,-7.7665043,-2.5737798
5.793622,-11.297712,-3.0535407
2.42034,-15.68256,-1.9151554
-0.4142574,-14.559728,-1.7524434
2.5283163,-12.475579,-4.2388854
3.7049868,-10.591531,-5.3330035
0.50398827,-8.222636,-3.712165
-2.085345,-5.938687,-2.2097716
-9.0436735,0.5673981,26.701508
-7.2302127,3.3254254,14.426926
-7.126125,-2.2372892,-5.523233
-15.773487,-13.521841,-7.8873415
-36.155552,-36.208492,-10.063614
-35.697323,-47.982674,2.8980074
-20.700607,-16.998014,-1.2879368
-12.693625,-8.702696,-11.855539
-0.8258229,-18.475283,-2.4251258
4.386044,-24.187548,-5.162814
4.53081,-29.143383,-8.427222
3.0846474,-23.566313,1.6794624
-4.8768716,-20.338993,2.7173493
-9.749855,-16.546667,5.468198
-10.82842,-8.729017,6.768099
-9.8937235,-6.346663,0.9206385
-8.521739,-5.391628,-1.2125629
-7.18116,-3.9071803,-1.393221
-7.068697,-1.9295124,-2.8094728
-8.388937,-0.0035892338,-2.0219352
-9.960723,2.4059832,5.4670014
-9.174082,-0.64037913,4.0423746
-8.847462,-6.5072813,-0.26081768
-9.052048,-13.001102,-2.4035904
-11.271391,-21.155542,-1.7321045
-16.769499,-29.713175,5.640481
-17.217257,-30.706795,6.230611
-8.2812605,-24.018854,-7.0435724
8.886943,-12.585649,-6.538388
11.780165,1.6710875,1.1156535
7.7210402,9.649357,7.896913
2.1595225,14.884254,1.2317054
-5.032405,14.56212,-0.6008976
-6.3107705,15.768702,4.1703906
0.5626124,12.290135,5.9805613
4.2050867,3.3003006,1.2400804
4.898407,-0.5171488,-2.1427727
5.1400824,-2.612065,-3.1998022
5.064708,-4.996513,-4.4518466
6.055935,-8.09791,-5.7816577
7.652845,-14.196916,-6.39093
5.7349977,-20.645573,-4.703093
2.2468605,-16.438992,-2.1260228
1.7297117,-10.396515,-3.4654055
1.59691,-7.1835527,-1.5538392
-1.8780667,-3.9981074,6.7465634
-3.6583266,-1.4066806,9.139386
-4.395615,-0.392722,12.037394
-8.68804,-1.0929217,13.58884
-8.872586,-11.424532,1.2209377
-23.742184,-26.627031,0.79112697
-36.273098,-49.09085,-8.848659
-15.55574,-35.35605,1.4413766
-16.032211,-15.756737,-9.116654
-10.054043,-13.487144,-12.721143
-2.7927232,-20.871695,-8.952746
-1.2340983,-25.395327,8.106285
-6.768099,-19.66631,2.7759733
-11.883057,-18.16631,-0.5374878
-12.960424,-13.153047,3.9155552
-10.220344,-6.957132,6.5084777
-9.447163,-4.243671,2.9123642
-7.21107,-3.6257246,-1.1922239
-5.8079786,-1.1934203,-4.179962
-6.9056864,1.9534405,-5.6333027
-8.177173,4.7198424,-4.8086762
-10.823634,5.5483575,3.5204403
-12.2482605,3.4474592,7.7880397
-10.552049,-2.2767708,4.2185464
-8.774481,-6.619744,-0.08853444
-7.036394,-11.593525,-2.8202405
-9.943973,-21.601805,-10.14138
-11.297712,-39.864124,1.7751753
-2.6659036,-20.47299,4.442275
5.725426,-2.9673991,-4.1404805
6.154041,9.053245,3.2979078
0.41904306,12.109477,10.058828
-3.44387,10.663315,11.334801
-6.927222,10.0372925,6.1648083
-5.6596236,7.1225357,2.8094728
-0.8955139,0.53629136,0.85483587
1.2376875,-2.5148566,-1.4162519
2.8633113,-4.1955156,-2.693421
4.674379,-6.1420765,-3.394817
4.888836,-8.519346,-3.8629131
3.1316066,-10.686047,-4.421936
1.5227325,-12.31885,-4.7653065
-1.8637097,-13.410575,-2.888436
-1.5753746,-10.64178,-1.3453646
1.5945172,-8.963513,-2.4239295
1.5801603,-7.500602,-2.1738794
0.06699903,-5.9937215,-1.495215
-1.8768703,-4.8062835,-0.7516454
-3.5467613,-3.1292138,3.7337005
-9.801301,0.21655045,22.207787
-11.485549,-0.7360921,10.345967
-15.888342,-9.7247305,-6.802795
-28.39772,-23.469402,-9.861421
-30.369106,-42.494137,-9.041281
-27.486652,-34.41866,3.3529427
-10.942079,-20.628822,-0.7157531
14.320445,-28.52095,13.265809
4.709075,-25.019653,-12.783356
0.5135596,-23.391636,-9.170493
-6.443572,-17.271095,9.782158
-11.236695,-15.747166,3.2285159
-14.539389,-11.838789,1.3250256
-12.790534,-6.707082,5.620142
-8.975478,-5.640481,0.79710907
-4.959424,-4.4578285,-2.3234308
-5.3832526,-0.92183495,-5.4179487
-7.2768726,2.4382863,-6.1995044
-7.75454,4.8696933,-3.3146574
-11.540883,5.215456,8.481061
-12.332009,-0.81266236,5.9733825
-13.223934,-6.0786667,0.18783657
-11.739487,-12.208779,-2.1978076
-12.302099,-22.79672,-3.399603
-14.697315,-39.84977,-3.153142
-7.4826555,-40.444683,4.3202415
-0.51116675,-20.098515,-4.273581
11.853146,-6.5479593,-5.840282
8.215458,4.7919264,1.6794624
-1.7321045,9.69482,8.119446
-2.6192434,12.483953,10.646565
-2.341377,13.5074835,7.5942206
-2.5342982,13.189239,3.4450665
0.5673981,6.2007008,0.8560323
3.3481572,-0.85124665,-0.086141616
4.4925246,-3.5144582,-1.6591234
5.3473606,-5.5890355,-3.0786655
8.574381,-11.629417,-4.983352
7.7473617,-19.09652,-4.989334
1.495215,-21.807886,-3.3445678
0.1160519,-16.492828,-4.1608195
1.570589,-12.410973,-3.984947
0.06699903,-9.902099,-2.43709
-2.5414767,-8.2812605,-2.1248264
-5.195117,-5.142475,6.9056864
-11.233106,1.5526428,21.844975
-5.341378,1.5011971,3.9370906
-10.075578,-4.1368914,0.7827521
-21.91676,-18.708584,-2.8489544
-36.654755,-40.274796,-0.08255238
-25.871798,-46.822453,0.06460621
-18.75285,-17.676977,-8.089535
-6.049953,-18.501604,-7.2086773
9.575179,-25.238596,-5.773283
6.576673,-27.631418,-5.1879387
-4.939085,-20.385653,3.7109687
-11.4496565,-16.686947,7.6337023
-8.983852,-15.647863,0.9302098
-10.440783,-10.854741,3.441477
-9.18126,-7.474281,4.922335
-7.7796645,-6.1911297,1.5215361
-5.2489557,-4.983352,-0.68464637
-4.151248,-2.359323,-1.718944
-5.3533425,0.474078,-3.551547
-7.676773,2.9410782,-2.2576282
-11.744272,2.9051857,6.8255267
-10.197612,-2.707778,1.0977074
-10.0983095,-7.301997,-1.489233
-10.325628,-13.776976,-4.5212383
-16.646269,-26.685955,-10.287343
-22.407587,-42.18277,1.84696
-5.948258,-30.746275,12.596416
5.468198,-13.137494,-2.2037897
10.6154585,0.6260222,0.7851449
3.626921,8.213064,5.451448
-2.3222344,11.934502,5.6931233
-2.103291,14.1059885,8.916854
-3.612564,12.880265,7.077072
-0.047856454,7.339086,3.5946178
2.7305098,-0.20578274,0.19980069
4.351348,-3.4869409,-1.730908
5.5675,-5.604589,-2.475375
6.1456656,-8.239386,-4.1021953
6.084649,-11.561222,-4.88405
3.9287157,-16.586449,-4.6612186
-1.2412767,-19.328623,-3.7947176
-1.8038892,-13.983954,-3.7480576
0.21535404,-9.926026,-3.4570305
1.7727824,-8.226225,-2.2289143
1.1647065,-6.3885374,-0.97926265
-1.5753746,-5.2573304,-0.53629136
-2.7269206,-4.8385863,-0.18185452
-5.2166524,-1.9151554,10.836795
-5.581857,0.1268196,17.321344
-12.157333,-5.985347,-7.029216
-25.779673,-24.277279,-7.949555
-39.658344,-51.832127,6.6281185
-18.45973,-33.201313,-3.35055
-9.649357,-20.0028,-13.532608
13.460824,-24.752554,7.929216
1.0953146,-23.802006,-6.0990057
-4.7222357,-21.369701,-7.528119
-5.0312085,-17.346468,8.270493
-7.4730844,-18.156738,-0.5877371
-12.609577,-14.905789,2.024328
-10.2825575,-8.350652,4.3465624
-6.9702926,-5.7720866,-1.3573287
-5.069494,-3.9167516,-2.2695923
-6.222236,-0.63559353,-3.8832521
-7.882556,2.254039,-3.8521454
-8.509774,5.5280185,-0.22492532
-11.370693,7.2230344,5.6093745
-11.382657,1.7608184,2.7891338
-9.922438,-3.2213376,0.6667002
-9.536894,-8.136495,-0.7193423
-12.54856,-17.435003,-5.0886364
-18.45973,-36.701412,-11.922538
-4.386044,-46.335514,5.198706
-0.48364928,-35.57858,13.672588
2.3569303,-11.434103,3.7719858
5.5591254,0.96729857,-1.442573
-0.020338992,8.269296,-1.1335998
-5.6440706,11.004591,5.526822
-5.0132627,12.851551,10.7016
-5.66082,9.699606,5.0455656
-2.9135606,1.0953146,-0.038285162
0.68225354,-2.6491537,-3.0499516
2.9183464,-4.1297126,-3.045166
4.2221355,-5.6596236,-3.0702906
5.439484,-7.8059855,-4.418347
7.1859455,-10.766207,-4.9570312
5.014459,-14.256737,-3.4127634
0.93978107,-14.3874445,-0.6092725
1.9043877,-12.47199,-1.3082758
3.810271,-10.755439,-2.3952155
2.7843482,-8.82114,-1.9932213
0.2739782,-6.862615,-1.7009978
-1.6124634,-4.3740797,-1.8302102
-14.145471,1.5059828,29.162525
-9.326325,1.0809577,7.929216
-8.843872,-6.927222,-5.5016975
-22.012472,-21.91317,-8.513364
-35.684166,-47.17809,-10.706386
-24.156443,-38.497227,-3.0200412
-19.854147,-16.893927,-4.2999024
-8.216654,-19.344177,-5.4574304
-0.4968098,-22.500908,-1.1778669
10.762617,-29.54448,10.877473
1.59691,-22.38366,-4.915157
-3.1746774,-18.531513,0.42502514
-7.798807,-17.662321,4.5487556
-10.403694,-13.3639145,-1.2771691
-9.926026,-7.3713894,0.5267201
-7.408478,-4.7823553,-1.2520444
-7.9220376,0.2440679,-4.0268216
-8.195119,3.6858442,-3.63051
-12.170494,8.003393,3.6293137
-16.53231,6.856633,4.6731825
-15.331712,1.2340983,3.8054852
-11.3575325,-4.526024,2.2301106
-10.657333,-10.0061865,-1.2532408
-12.509079,-19.011574,-4.223332
-16.944176,-35.295033,-11.199606
-8.82114,-45.368217,1.2197413
-2.630011,-27.497421,12.312867
6.0918274,-13.448859,-2.032703
7.157232,-3.0678978,-2.2157538
-2.6288147,6.977471,4.7895336
-5.992525,12.372687,10.162916
-2.955435,15.322141,11.658131
-3.822235,14.843277,5.19751
-1.8720846,6.832705,-0.60807604
0.64277196,0.18783657,-3.3457642
3.3720853,-2.2576282,-3.004488
4.9139605,-4.5942197,-2.516053
6.25095,-7.4048886,-2.6108687
7.062715,-12.645768,-2.5989046
3.6448672,-20.452652,-2.3246272
-0.07537391,-19.919949,-2.1678972
0.11365908,-13.581661,-2.6024938
1.7787645,-8.992228,-2.5259235
1.6890336,-6.1492553,-2.6252255
-1.4940187,-4.321438,-2.0602202
-5.482555,-3.6149569,2.0434706
-11.903396,-0.29222345,17.24597
-8.165208,1.6088741,10.049257
-9.102298,-4.6672006,4.6552362
-14.963218,-15.930217,1.7428722
-24.659233,-27.380173,-8.822337
-27.856644,-44.31956,-9.6326065
-15.281463,-33.743584,-4.3740797
-11.67847,-17.630018,-9.02453
-7.7940216,-19.727327,-11.533704
-4.1261234,-27.201609,14.145471
-2.7185457,-23.537598,3.051148
-9.077172,-17.506788,-1.5502499
-16.075281,-15.148661,-1.8661026
-11.716755,-9.277272,-2.2743778
-8.5014,-5.5304112,-1.0199406
-7.2409806,-2.5546372,-1.0534402
-7.3666034,0.32093734,-2.2348964
-7.6827555,3.0798619,-1.9534405
-9.498609,6.1265235,2.7819555
-13.063316,5.9327044,5.0682974
-13.450056,-0.93260264,2.6347969
-12.146566,-9.128618,1.4724833
-13.325629,-19.549063,-4.182355
-16.710875,-29.496624,-9.431609
-12.505489,-35.924644,-1.9740787
-4.2245283,-31.56492,7.335497
-0.91585284,-20.43351,0.54466623
7.457531,-9.680463,-6.1564336
9.556036,2.487339,-3.539583
4.382455,10.518549,4.3669014
-3.2309089,14.25913,11.3371935
-5.0252266,15.617953,11.456835
-3.6233318,13.77219,4.6325045
1.9606191,6.62094,-0.42981076
2.4047868,3.2069805,-2.103291
3.077469,-0.52313083,-3.4067812
4.1632123,-3.0678978,-3.5060835
5.0862436,-5.061119,-3.5431721
6.428019,-7.752147,-3.6894333
5.776872,-14.705689,-2.7424738
0.8787641,-19.551455,-0.9290134
1.779961,-15.638292,-2.193022
4.7688956,-11.689238,-5.944669
3.2620156,-8.623434,-4.6600223
1.3609179,-5.901598,-2.2002003
-1.0474582,-4.3465624,-1.0402796
-10.295717,-1.873281,17.877974
-14.216059,-0.9876375,15.913467
-10.497014,-10.228719,-2.8633113
-29.772995,-28.896624,-10.103095
-52.031033,-53.69135,8.742178
-16.984854,-30.755846,-1.2999009
-3.502494,-17.486448,-20.703001
10.244272,-21.290737,-3.6559339
5.951847,-25.330719,8.023732
-3.1962128,-21.23331,-6.9930243
-9.597911,-22.047169,12.042179
-12.691232,-21.313469,-5.0659046
-14.152649,-10.215558,11.19841
-9.261719,-5.077869,1.7141583
-5.9877396,-4.7377887,-1.1515459
-6.664011,-2.7520452,-3.72054
-8.37458,-0.7648059,-5.4263234
-9.022138,2.333002,-4.845765
-8.253742,4.438686,-1.3992031
-11.869896,6.116952,8.15803
-12.975978,0.2727818,4.31067
-12.087942,-6.2928243,0.6942177
-12.597613,-13.741981,-2.120041
-11.35514,-25.260132,-7.3402824
-2.1272194,-37.104904,3.4737802
-9.093923,-24.484558,14.13231
1.9007984,-13.204792,-1.9450657
11.24507,-2.062613,-8.087142
6.430412,8.845069,-1.8780667
-2.0315065,14.895021,8.246564
-4.5942197,21.058634,15.939788
-9.990633,19.24607,9.546465
-6.369395,6.835098,0.15553348
1.2293127,-1.0402796,-4.5966125
4.392026,-4.158427,-4.861318
5.5256257,-6.2772713,-3.8246279
7.835896,-9.809675,-3.2739797
10.562817,-14.905789,-2.9159534
8.977871,-20.99971,-0.13519448
-0.42382872,-21.162722,1.0259227
-2.3138595,-14.539389,-2.4215364
0.13758731,-9.535697,-4.8469615
2.044667,-6.235397,-5.0084767
1.378864,-4.429115,-3.9538403
-0.025124637,-4.0471606,-2.6886353
-12.31167,-2.4502504,28.276583
-16.301403,-0.3281158,29.909386
-12.6167555,-6.6628146,-2.8537402
-26.500212,-20.203798,-8.579166
-49.866722,-44.452362,1.7524434
-19.027128,-37.095333,-2.2959132
-14.091632,-20.725733,-7.4395847
6.539584,-18.438194,-2.1248264
4.9031925,-26.671598,9.626625
-8.554042,-23.405993,-11.6796665
-12.825231,-17.607286,4.0615172
-11.186446,-16.902302,-2.1475582
-12.577274,-13.10878,-2.768795
-8.495418,-7.309176,2.243271
-8.053643,-3.045166,4.147659
-7.6755767,-2.3318057,1.378864
-8.169993,-0.8644072,-0.9421739
-10.000204,2.097309,0.1363909
-11.353944,3.281158,1.7584256
-12.766606,2.085345,2.2073789
-11.387443,-2.9410782,2.3030918
-9.595518,-9.145369,1.6639091
-9.518948,-16.151852,-1.9414765
-11.873485,-26.19752,-10.580763
-12.570096,-40.204205,-13.701303
-5.2453666,-39.7397,6.707082
2.0207388,-16.203299,6.2988067
11.4699955,-0.50159544,5.523233
6.8099732,10.316056,3.4809587
-1.3429717,12.238689,2.5354948
-4.3609195,15.373587,8.457132
-5.994918,20.81307,13.348361
-5.951847,17.89592,6.7381887
-2.3856442,5.165207,0.846461
1.7548363,-2.0865414,-1.4904294
5.256134,-5.9901323,-0.68105716
6.3658056,-8.441579,-1.3896317
6.322735,-11.420942,-2.8022945
5.982954,-14.761921,-4.5224347
1.8086748,-18.85006,-4.753342
-3.266801,-17.32254,-3.5671003
-1.0043873,-11.561222,-3.266801
2.2576282,-7.365407,-2.9362924
2.7675984,-4.7198424,-1.6842481
0.49800622,-3.6487553,-0.22013968
-2.754438,-3.5407794,5.2645087
-7.373782,0.35084763,23.191536
-7.086643,-0.9062816,1.5885352
-14.995521,-11.6593275,-10.676476
-36.340096,-33.45764,-10.888241
-56.649178,-57.068222,18.12324
-18.051455,-26.95395,-3.8964126
-8.872586,-6.6556363,-7.9543405
22.377678,-25.526932,-13.934902
15.944573,-35.9725,-4.505685
-8.475079,-21.495323,0.29341987
-13.068102,-11.990733,3.5874393
-11.744272,-11.96202,4.1811585
-13.592429,-12.324831,3.682255
-13.416556,-9.754641,2.1427727
-10.540085,-8.662915,0.5051847
-5.758926,-6.7525454,-1.4940187
-3.9011981,-4.037589,-0.64636123
-3.7660038,-0.88235337,-1.7584256
-4.4889355,0.7719844,-1.6842481
-5.1436715,1.4641083,-0.5458627
-8.023732,1.244866,3.8150566
-9.206385,-2.3581266,-0.48006004
-11.039288,-8.221439,-3.1543384
-20.59293,-21.397219,-6.1851473
-25.104597,-40.836212,-3.8557346
-2.6611178,-38.561832,12.531811
7.433603,-18.195023,-1.5897316
6.061917,-1.9235303,-1.625624
1.3944174,7.483852,1.2053844
2.1906292,12.208779,9.672089
3.165106,16.071692,13.098012
2.5295126,14.3022,-1.5490535
3.3792639,7.6348987,-2.5582266
5.1999025,0.35204405,2.5208387
5.4849477,-3.3062828,5.4705906
4.386044,-5.0623155,3.1363924
3.2775688,-6.9499536,-0.4441677
2.1966112,-9.768997,-2.481357
-1.9426728,-15.018252,-3.2871401
-9.594321,-20.951855,-4.597809
-13.325629,-26.085955,1.5921243
-2.3868406,-15.346069,4.645665
-1.0271192,-11.808879,2.3318057
-10.910973,-10.272985,-0.24047868
-11.215159,-8.787642,-0.91585284
-8.883354,-11.702398,-1.1108679
-8.369795,-16.41267,0.038285162
-5.1795635,-19.389938,-3.6281173
3.35055,-25.162025,-4.868497
9.350254,-29.253452,11.55165
0.7588239,-19.265213,15.21207
-4.8900323,-3.6906297,4.8708897
-8.876176,-3.2715867,-0.1363909
-10.422836,-6.228218,-4.6229334
-11.077573,-7.760522,-6.370591
-11.271391,-8.987442,-3.5132618
-10.4826565,-10.325628,-3.1160533
-7.4048886,-10.57837,-1.9534405
-4.1165524,-9.261719,-0.35563326
-1.4521443,-8.5014,-1.0091729
-1.1922239,-9.052048,-1.6758732
-2.9709885,-10.980663,-2.1702902
-2.670689,-11.137393,-1.5598212
-2.1463618,-9.367003,-1.3968102
-0.663111,-10.538888,-0.06819545
-0.46331027,-10.14497,0.53988063
-1.6304095,-8.603095,0.30179477
-1.3298112,-7.8263245,1.0223335
-0.65353966,-7.3343005,1.11685
0.28863424,-9.298808,0.99960166
-1.1970096,-11.750255,-0.4142574
-3.5443685,-11.594721,-1.1599208
-4.664808,-9.88176,-1.474876
-3.6017964,-7.986644,-1.8577276
-2.0889342,-8.604291,-0.87278205
-1.3956138,-9.556036,-0.6559325
0.08853444,-9.668499,-0.8234301
0.8847462,-10.214361,-0.8210373
1.9534405,-10.857134,-1.2173486
3.098107,-10.787742,-1.3489537
1.5993029,-10.2825575,-1.6998014
0.42622152,-10.332807,-0.5195416
-3.999304,-9.175279,-0.276371
-4.8828535,-8.149654,2.0315065
-4.575077,-9.776176,4.0495534
-1.6722839,-10.854741,3.5730824
-0.907478,-11.094322,1.8756739
-1.7321045,-9.200403,0.392722
-1.969293,-9.073584,0.5159524
-3.3672996,-10.009775,0.78873414
-3.1519456,-8.548059,0.6678966
-1.4605191,-7.600203,-0.02751746
-1.0570294,-10.250254,-0.47527438
-1.4449657,-13.649857,0.5422734
-1.2855439,-13.446466,2.6072793
-1.2209377,-11.344372,6.7322063
-1.9740787,-9.742677,9.499805
-2.4478576,-10.040882,7.093822
-2.103291,-11.022537,2.699403
-1.8158532,-10.469497,-0.6750751
-1.9740787,-8.1230345,-2.740081
-1.6627127,-5.5076795,-2.725724
-0.9984053,-4.269992,-1.602892
-0.6774679,-6.546763,-0.4764708
-0.95413804,-9.792926,0.16749759
-2.1415763,-8.883354,-0.60807604
-2.2779672,-5.8103714,-1.724926
-2.160719,-4.9606204,-2.4933212
-2.8896325,-4.845765,-2.5749762
-3.2883365,-6.6735826,-2.053042
-2.4658036,-10.842776,-1.6770695
-3.5252259,-14.231612,-1.3166506
-11.309676,-13.227524,25.936403
-10.356734,-8.070393,12.061321
-7.7054873,-8.027322,-0.57816577
-5.886942,-11.027323,-2.8848467
-3.757629,-14.204094,-0.7181459
-0.16390835,-14.546567,2.9566314
3.9574296,-10.326824,5.9267225
2.4717858,-8.032107,5.689534
-1.1754742,-7.475477,4.5678983
-1.0462617,-9.977472,-1.3956138
-2.254039,-9.09153,-1.7225332
-7.646863,-8.010572,-4.9749775
-3.9358943,-10.980663,-5.7373905
-1.7428722,-9.4483595,-2.382055
-2.4658036,-9.102298,-3.7301114
-2.172683,-9.46152,-4.831408
-1.9932213,-9.300004,-2.9662027
-2.0075781,-8.853444,0.4142574
-0.9804591,-9.030513,3.042773
-0.111266255,-10.133006,3.2356944
-0.47048876,-10.044471,1.250848
0.111266255,-10.247861,-1.3836497
1.0295119,-11.942877,1.1443675
-0.97926265,-11.051251,0.3687938
-2.0482562,-7.693523,-2.213361
-0.11724831,-7.556833,-2.3389843
-1.3657036,-8.460722,-0.7648059
-3.6990047,-8.82473,-1.6674982
-4.5212383,-8.442776,-2.8202405
-4.5320063,-7.652845,-2.7508488
-5.331807,-8.706285,-2.3688943
-7.073483,-10.790134,-1.0749756
-7.278069,-11.970394,-0.6367899
-2.3629124,-12.479168,2.5486553
-0.4645067,-13.918152,6.8111696
2.1355941,-10.150951,3.030809
3.3816566,-6.8374906,-0.1698904
1.4437693,-7.5520473,-2.8728826
-2.0255244,-10.382158,-1.8684953
-2.1379871,-10.9579315,-0.94337034
-2.2420747,-9.208778,-1.3034902
-3.0873394,-7.652845,-1.7333009
-4.490132,-7.483852,-2.8226335
-3.3290145,-9.451948,-2.32702
-2.1906292,-9.902099,-1.89362
-0.8859426,-8.718249,-1.718944
-2.5354948,-8.805588,-1.3202399
-2.9159534,-9.472287,-0.44536412
-2.0374885,-10.633405,-0.67028946
-2.3808584,-10.816456,-0.6726823
-1.7344973,-10.148559,-0.59611195
-1.6304095,-9.703195,-0.14237295
-2.0183458,-7.7413793,0.663111
-2.5869403,-2.3748765,7.467102
-1.2209377,-12.083157,2.5220351
-0.45254257,-12.075977,0.8632108
-2.347359,-10.379466,-0.6667002
-4.9869413,-7.98784,-0.086141616
-7.9519477,-7.1345,0.9098708
-8.730213,-10.256236,-1.4413766
-6.151648,-14.593227,-6.6161547
-0.08015956,-17.38954,-6.95115
6.25095,-12.739089,5.0563335
5.280062,-3.9275193,2.9446673
1.5358931,-8.937193,-0.5985048
1.0570294,-14.810974,1.5717853
-0.8330014,-12.416955,2.8094728
-0.09451649,-11.710773,2.3437698
-0.031106694,-16.987246,1.8565313
3.3170505,-16.504793,3.1507492
1.3274183,-13.551751,2.894418
-3.3266218,-13.451253,3.1567314
-6.131309,-13.113565,3.7660038
-6.562316,-12.023036,2.053042
-6.570691,-10.827224,0.8775677
-3.7348971,-10.357931,0.13758731
-0.12801601,-8.56481,-2.3078775
-2.3724837,-11.135,-9.280862
-2.827419,-15.5342045,-14.87229
-2.7640092,-12.482758,-10.930115
1.7404794,-7.1835527,-0.811466
5.561518,-1.8960128,8.18794
2.7089744,-1.3609179,11.254642
0.5494519,-6.3215384,10.0672035
1.3214363,-11.265409,4.520042
0.15553348,-14.48555,2.2851455
-2.675475,-15.392729,2.1678972
-3.9945183,-22.794327,2.2073789
-7.300801,-22.564318,2.1978076
-9.779765,-15.536597,1.2017952
-10.116256,-13.830814,2.4538395
-11.745469,-10.996217,1.9103698
-11.808879,-9.909277,1.9474585
-7.4479594,-9.779765,1.9402801
-3.728915,-8.867801,4.0794635
-0.16869399,-10.555638,7.821539
1.352543,-15.270695,4.56072
-0.14237295,-16.393528,1.7033906
-0.7013961,-14.8277235,0.9529416
-0.37477586,-12.967604,0.25603202
2.065006,-10.662119,-0.9517452
4.976174,-9.666106,-0.31256247
4.1261234,-9.967901,3.7301114
4.347759,-10.518549,10.106685
3.559922,-11.221142,14.0856495
2.5112674,-14.550157,15.306587
2.6694927,-17.035103,14.65903
5.3832526,-15.765112,11.339586
6.489335,-12.716357,7.5472617
5.715855,-10.751849,4.8876395
3.9335012,-8.803194,2.626422
1.8026928,-6.417251,0.4728816
-0.0071784677,-6.3179493,-1.2771691
-2.0219352,-6.295217,-2.8800611
-3.5001013,-4.554738,-3.777968
-3.458227,-2.9362924,-3.72054
-5.3039904,-1.611267,-0.6643074
-10.742278,1.2580265,3.2476585
-11.891431,6.2605214,7.345068
-12.9592285,7.7557364,11.64856
-6.937989,3.0667014,11.612667
-0.8847462,-0.015553347,9.615857
-1.2137593,0.92303133,6.25095
-0.020338992,3.4773695,4.9139605
-2.0494525,4.4685965,7.2086773
-2.8022945,2.2061825,9.432806
-1.9163518,0.62841505,9.966704
-0.8246265,0.4645067,12.036197
0.5673981,-0.23808585,12.316457
1.2209377,0.33290145,11.912967
1.428216,0.5374878,11.580364
0.9194421,-0.059820566,10.772188
1.0570294,-0.0047856453,9.359825
2.8046873,0.8632108,9.135797
2.8920252,1.5406786,8.971889
1.4724833,1.7931215,8.463115
-2.024328,3.822235,10.183255
0.14356937,1.6567305,14.775082
2.1966112,0.21535404,14.27229
3.1866415,2.1858435,9.030513
3.8533418,2.1834507,7.8287177
3.700201,1.6674982,12.880265
2.0578275,0.6774679,16.299011
1.8768703,0.7719844,14.024632
3.5431721,1.5610176,10.744671
4.6899323,2.3162522,9.424431
3.958626,2.3976083,9.225528
1.6686947,2.3808584,8.813962
0.4728816,2.3282163,7.966305
1.8002999,1.4736797,5.7744794
1.3010973,1.6746768,5.453841
0.7923234,2.0865414,7.396514
1.9582262,1.602892,9.183653
3.5240295,0.98644114,9.912866
3.8868413,0.2428715,10.483853
3.3792639,0.1591227,11.8028965
1.8206389,-0.21774685,12.843177
-0.2739782,-1.1371889,11.5265255
-2.902793,-1.2424731,10.681261
-0.9098708,0.106480606,9.717552
1.0007981,1.5323038,8.428419
2.5558336,2.716153,7.292426
3.586243,4.7401814,7.042376
4.2508492,4.4638104,8.580363
1.3477573,4.5248275,10.787742
-0.8967103,3.818646,10.943275
-0.15314065,4.2317066,7.8921275
0.85483587,4.2341,6.228218
1.7739788,3.5910287,7.481459
2.2277179,3.1483564,8.441579
1.9728823,3.1280174,8.652147
0.9732806,3.5647075,8.62822
-0.0634098,4.7401814,8.96471
0.86560357,4.7727838,8.406883
0.9553344,4.945067,7.55444
0.80189466,5.2082777,7.3283186
0.9086744,5.0826545,7.55444
0.24885355,5.030012,7.832307
-0.49441698,5.2286167,7.7090764
-0.26799613,4.9749775,6.847062
0.689432,5.064708,6.5551376
1.8433708,5.089833,7.9710903
1.989632,4.6396832,9.672089
1.0187442,4.237689,10.33161
0.5482555,3.9693937,9.309576
0.76719874,4.3465624,7.9555373
-0.25004998,5.1269217,7.136893
-1.1395818,5.749355,6.1803617
-1.6842481,6.029614,5.667999
-1.6806588,6.0415783,5.7062836
-0.91346,5.5184474,6.183951
-1.0654043,5.081458,7.2756763
-1.7488543,5.037191,8.813962
-1.623231,4.896014,9.953544
-1.0223335,4.825426,10.386944
-0.34606197,5.050351,10.17847
-0.276371,5.154439,9.545269
-0.84137625,5.181957,9.073584
-1.3692927,5.04078,8.67129
-1.6471593,5.002495,8.4248295
-1.5646069,5.0682974,8.418847
-1.1682956,5.0491548,8.417651
-1.0725827,5.0132627,8.729017
-1.0474582,4.8625145,9.031709
-1.1659029,4.861318,8.779266
-1.2137593,4.840979,8.375776
-1.1300105,4.796712,8.556435
-1.0977074,4.8385863,8.786445
-1.0462617,4.939085,8.378169
-1.1347961,4.9929237,7.8035927
-1.3417753,5.022834,7.2637124
-1.4976078,4.9582276,7.111768
-1.5335002,4.821837,7.710273
-1.3752748,4.686343,8.393723
-1.1778669,4.794319,8.616255
-0.90149593,4.8732824,8.65813
-0.8042875,4.8361936,8.729017
-0.86919284,4.8122654,8.880961
-0.96849495,4.6815577,9.007781
-1.1180464,4.7653065,8.692825
-0.7073782,4.945067,8.79123
-0.20338993,5.0276194,9.099904
-0.1052842,5.1939206,9.367003
-0.29820552,5.1472607,9.383753
-0.59611195,5.0192447,9.147761
-0.74446696,5.0072803,9.0029955
-0.64995044,4.9438705,9.029316
-0.68345,4.878068,9.490233
-0.53270215,4.8385863,9.404092
-0.2727818,5.0108695,8.499007
-0.18305093,5.02403,7.9423766
-0.30059835,4.968995,7.8753777
-0.57457656,4.814658,8.386544
-0.7073782,4.6576295,9.145369
-0.76719874,4.642076,9.34786
-0.6798607,4.7401814,9.110672
-0.39511484,4.9462633,8.680861
-0.23569304,4.953442,8.5576315
-0.48245287,4.857729,9.102298
-0.6906284,4.7799625,9.571589
-0.6475576,4.8361936,9.41486
-0.4645067,5.0012984,8.863015
-0.21774685,5.111368,8.161619
-0.10767702,5.1604214,7.7330046
-0.2620141,5.1029935,7.9507513
-0.4142574,4.982156,8.67129
-0.42023948,4.8996034,8.880961
-0.42023948,4.9259243,8.435597
-0.4657031,4.979763,7.760522
-0.5626124,4.955835,7.4790664
-0.62721866,4.9749775,7.6396847
-0.41904306,4.9582276,8.211868
-0.24885355,4.959424,8.82832
-0.11365908,5.0718865,9.0233345
0.086141616,5.1472607,8.684451
-0.03589234,5.1341,8.615059
-0.34965122,4.973781,8.933603
-1.0833504,5.482555,8.877372
-0.8991031,5.5914283,8.246564
-0.57577294,5.239384,7.7030945
-0.36041892,4.5690947,7.8945203
-0.18424734,4.1440697,7.606185
-1.3453646,4.9235315,7.007381
-1.556232,4.8852468,7.1309104
-1.2221341,4.699504,8.756535
-0.7001997,4.918746,10.6561365
-0.6152545,4.761717,9.78814
-0.42861435,4.554738,8.752945
-0.30059835,4.5631127,8.950353
0.10887343,5.0336018,9.338289
0.24047868,5.2776694,9.467502
-0.10767702,5.113761,9.603892
-0.51236314,4.996513,8.6090765
-0.87996054,4.888836,7.717451
-0.9302098,4.874479,7.568797
-0.8353942,4.8996034,8.008179
-0.6152545,4.939085,8.5349
-0.46091747,5.0395837,8.635398
-0.42741793,5.026423,8.891729
-0.36400816,5.0108695,9.134601
-0.25124636,5.030012,9.205189
-0.049052864,5.209474,8.913264
0.3065804,5.300401,8.718249
0.38554356,5.2106705,9.001799
0.17108682,5.0790653,9.378967
0.023928227,4.9079785,9.700802
0.16630118,4.9103713,9.46152
0.36640096,5.046762,8.638987
0.20937198,5.111368,7.852646
-0.08853444,4.983352,7.81795
-0.4226323,4.875675,7.882556
-0.3999005,5.0252266,7.6384883
-0.4334,5.1006007,7.865806
-0.5518447,5.4299126,8.706285
-0.08853444,5.931508,9.186047
0.541077,5.590232,8.790034
0.62961143,4.2568316,7.813164
0.65712893,3.5491543,8.439186
-1.5370895,5.1269217,9.201599
-0.770788,4.8086762,8.65454
-0.3999005,4.9462633,8.555239
-0.60807604,5.2477593,8.768498
0.3915256,5.2884374,8.29442
0.6475576,5.189135,8.482257
-1.102493,5.189135,9.560822
-1.7416757,4.817051,9.331111
-1.6196418,4.6372905,8.076375
-0.13040884,4.703093,8.065607
0.06699903,5.4095736,8.29442
-0.70259255,5.5543394,8.030911
-1.244866,5.671588,8.955139
-0.37597227,5.6069818,9.153743
0.55064833,5.3330035,8.980264
0.48364928,5.1460643,8.944371
-0.1698904,5.1460643,8.742178
-0.7408777,5.480162,8.290832
-1.1096715,5.8833528,7.9794655
-0.7289136,5.819943,7.4192457
-0.09930214,5.5686965,7.361818
-0.08973085,5.788836,7.882556
0.13040884,5.9207406,8.338688
0.48125646,5.9638114,8.56481
0.8644072,5.9781685,8.11466
0.8389834,6.1456656,7.24457
0.73848486,6.295217,6.9619174
0.67148584,6.192326,7.140482
0.33888352,6.09422,7.394121
-0.083748795,6.0714884,7.886145
-0.2644069,5.8893347,8.303992
-0.031106694,6.1648083,7.637292
0.5279165,7.382157,5.494519
1.5502499,7.053144,5.6596236
1.3274183,6.690332,7.152446
0.54346985,7.1632137,8.568398
0.99720883,6.4351974,9.501001
0.33409786,5.8594246,8.736196
-0.42382872,6.282057,7.044769
0.13758731,6.417251,5.9757752
0.62123656,6.2700925,5.858228
1.0869397,6.1289163,7.501798
1.7356937,6.043971,8.699107
