0.84137625,5.259723,7.7796645
2.193022,5.805586,7.7473617
3.2189445,5.786443,7.0986075
1.5502499,4.761717,6.8243303
1.2735798,4.362116,6.2473607
-0.44057846,6.332306,8.079964
1.8050855,5.9434724,10.677672
3.7037904,5.445466,11.002198
2.8800611,5.5950174,9.6122675
1.1455638,5.3255258,8.079964
1.387239,5.1699924,8.11466
1.8541385,4.963013,8.668898
2.1738794,5.0336018,8.724232
2.2241287,5.0252266,8.381759
1.6387844,4.9917274,7.6552377
0.89431745,4.6289153,7.5954175
0.67148584,4.254439,8.26451
0.4884349,4.0268216,8.76132
0.59970117,3.972983,8.992228
0.9732806,4.0758743,9.073584
1.6088741,3.5766716,9.308379
1.2975081,2.396412,9.523733
-0.8341978,1.4581263,10.824831
-3.1866415,2.012364,11.999108
-2.844169,4.2652063,9.761819
-2.6982067,5.9506507,8.042875
-2.0051854,3.7241294,11.202
-1.0474582,1.6399808,12.579667
0.47168517,2.4107687,12.947265
2.164308,4.805087,13.036995
1.8804595,4.9378886,13.099209
0.5374878,4.287938,12.306885
-0.62721866,4.1297126,7.7126656
-2.0219352,4.5391846,-4.8062835
0.4010969,6.0248284,-7.140482
1.4138591,8.991031,-0.13519448
1.326222,8.599505,4.5822554
1.724926,6.948757,4.549952
4.108177,10.17847,3.9981074
2.3521447,3.7887356,-2.2325034
1.590928,7.21107,0.13040884
5.055137,13.3639145,3.580261
4.6576295,13.04178,4.776373
1.84696,10.4718895,5.113761
-2.0398812,6.695118,5.1999025
-2.9386854,4.2963133,5.192724
2.801098,6.3717875,8.190332
12.5042925,11.75863,9.175279
4.1572304,7.1835527,0.1471586
4.108177,6.1887364,-0.32452658
6.018846,5.4466624,2.1355941
8.035697,6.0116677,-0.28743783
12.029018,5.15085,2.8046873
7.8670025,7.785647,-2.164308
14.375481,6.2976103,0.85842514
7.6181493,5.2776694,0.831805
6.026025,3.3864422,1.5346966
7.5197444,5.709873,5.2022953
8.195119,5.514858,3.868895
5.7469616,1.5215361,1.7416757
0.10887343,-8.03809,3.9717865
26.774488,16.558931,8.834301
15.558133,10.810473,6.8051877
10.933704,4.516453,8.345866
9.6326065,4.80748,7.0878396
8.618649,3.6376886,5.9913287
7.077072,1.9704895,5.986543
7.345068,0.3999005,6.8685975
7.8430743,-0.1591227,6.9882383
9.049655,0.08255238,6.8506513
8.773284,0.5733801,6.1731834
8.351849,1.582553,5.543572
7.7389865,2.5929224,5.476573
8.376973,1.7967107,6.4570317
9.434002,1.1084751,4.8996034
8.952746,0.9936196,4.7246284
8.570791,1.015155,4.7859445
8.570791,1.015155,4.7859445
9.345468,0.11246266,1.448555
8.461918,1.6088741,-0.08015956
7.4922266,3.01047,1.4150555
6.1396837,2.1068804,2.254039
7.0818577,0.6978069,1.9031913
6.859026,-1.5191432,3.0873394
6.768099,-0.13519448,5.093422
7.69113,0.40827537,1.9007984
5.9733825,-0.10049855,0.0035892338
6.3957157,-0.4728816,0.7540382
9.062816,0.79950184,0.85124665
9.7247305,0.97806627,2.9004002
12.054143,0.20697916,5.5016975
11.49871,0.56141603,4.167998
10.602298,1.0426725,4.482953
12.922139,-0.30059835,5.098208
14.887843,-0.7743772,6.207879
14.970396,-1.6040884,9.177671
11.829218,-0.8739785,8.154441
13.347165,0.040677983,7.205088
7.9363947,3.2165518,4.8026943
6.98106,3.185445,2.475375
8.006983,2.1714866,2.7652056
9.313165,0.90029955,2.7927232
8.99462,-0.52193445,1.7751753
7.7617183,0.51236314,0.4968098
8.208279,2.4729822,3.0738797
11.3575325,0.68345,3.1495528
11.866306,0.7408777,2.4634109
10.899008,1.6555341,2.5462625
10.158131,1.6878372,1.5861423
8.841479,1.9740787,2.2181466
6.792027,3.1555347,2.5040889
5.510072,3.1220353,2.1391835
6.06431,2.0733807,1.9740787
5.59741,3.1914272,1.3597214
6.7561345,3.3290145,1.1144571
8.164012,2.4562325,0.663111
8.642576,2.6742785,-0.05742774
8.434401,2.6479573,-0.39391842
10.176077,2.9937203,-0.75643104
11.286944,1.9920249,-1.4712868
10.274182,2.3425734,-1.7117655
11.86511,1.8589242,-0.6056832
9.826724,1.8900307,1.0450653
6.940382,4.037589,1.7584256
7.7258263,4.662415,2.3688943
11.711969,5.262116,3.2153554
12.343974,5.1161537,3.458227
11.689238,4.1847477,2.3389843
10.058828,3.0933216,1.969293
9.642178,2.7305098,1.9259231
10.024133,2.2695923,2.062613
10.304092,1.5143577,2.1571295
10.0779705,1.1730813,2.5259235
9.978668,0.9601201,2.260021
9.1465645,1.346561,1.8457636
7.9722867,2.347359,1.7237296
8.222636,2.3748765,1.4473586
7.774879,2.2408783,1.5526428
8.014161,2.0877378,1.7536399
8.406883,1.7165512,1.9657038
8.516953,1.3274183,2.1044874
8.762517,1.0594223,2.1224337
9.193225,0.8066803,1.8505492
9.498609,0.44536412,1.2927225
9.615857,0.08015956,1.0438689
9.790533,0.13519448,1.1300105
9.940384,0.5051847,1.6220347
10.119845,1.5299109,3.354139
9.847063,2.4705894,5.043173
10.375877,2.559423,5.510072
11.801701,3.3003006,4.6492543
12.294921,5.4789658,4.536792
10.81167,7.6540413,4.362116
9.056833,8.360223,3.8736808
8.496614,7.2493553,3.3254254
9.089137,5.256134,2.8956144
9.75823,3.2679975,2.618047
9.897313,1.8002999,1.8684953
9.300004,1.3082758,1.3489537
8.222636,1.2675978,0.9314062
7.6887374,1.3046865,0.6870392
7.596614,1.5861423,0.453739
7.392925,1.8948164,0.42023948
7.325926,2.1822543,0.669093
7.184749,2.4502504,0.9601201
7.27448,2.6802604,1.3597214
7.530512,3.071487,1.5227325
7.8909307,3.5479577,1.4318053
8.296813,3.8820555,1.2628121
8.773284,3.9837506,1.1001002
9.35145,4.0244284,0.87278205
9.833903,3.9035912,0.7085746
10.002597,3.781557,0.49082774
9.990633,3.5407794,-0.023928227
9.569197,3.094518,-0.4334
8.367402,3.2536407,0.669093
9.615857,5.1616178,2.4789643
12.962817,6.428019,3.2787652
13.552947,5.638088,4.8086762
10.137792,4.2687955,4.362116
7.2397842,2.210968,3.315854
6.869794,2.1702902,2.1870399
7.7425756,2.5232315,1.8409779
8.946764,2.6491537,2.42034
10.447961,2.7364917,3.3230324
10.847563,2.8513472,3.598207
9.835099,3.0499516,3.2572298
8.806784,3.3206396,2.740081
8.35783,3.3984063,2.3988047
8.290832,3.3589249,2.2384856
8.409276,3.1770704,2.2097716
8.432008,2.6599214,2.1260228
8.146066,2.097309,1.887638
7.8574314,1.6423737,1.5933207
7.8741813,1.2352947,1.3417753
8.162815,0.8751749,1.338186
8.575577,0.65712893,1.198206
8.839087,0.49322057,1.0043873
9.0544405,0.5075775,0.76959157
9.34786,0.75523466,0.6200402
9.578768,1.0019945,0.65353966
9.727123,1.0426725,0.9314062
9.970294,0.907478,1.2125629
10.229915,0.831805,1.5406786
10.414461,1.1108679,2.1080768
10.281361,1.3836497,2.6838498
10.973485,2.0937197,3.269194
11.918949,3.3326037,3.9538403
12.460026,6.2114687,5.191528
11.099108,7.3642106,5.1293144
9.839885,7.4922266,4.0160537
9.725926,6.664011,2.6048865
10.517353,4.7198424,1.7608184
10.881062,3.6858442,1.358525
10.857134,2.0111675,0.74566334
10.621441,1.3166506,0.28145576
10.093524,1.5729818,0.3173481
9.302397,2.1128623,0.91106725
8.623434,2.4993033,1.6387844
8.417651,2.7975087,1.9163518
8.34467,3.0678978,1.9007984
7.9507513,3.254837,1.745265
7.221838,3.242873,1.5981064
6.6364937,3.1375887,1.2197413
6.521638,3.0008986,0.817448
6.9188466,2.9315069,0.4142574
7.6983085,2.9279177,0.14117654
8.516953,2.8788648,-0.013160525
9.295218,2.8202405,-0.1902294
9.721141,2.6898317,-0.40588254
9.978668,2.5064816,-0.71694946
10.397712,2.361716,-0.8883354
10.954342,2.2791636,-0.76719874
10.833205,2.725724,0.14596218
10.452746,3.9514475,0.9720842
10.183255,5.063512,2.4622145
10.882258,5.382056,2.9446673
10.182058,4.759324,3.251248
9.192028,3.8988054,3.3696926
8.378169,3.571886,3.5084763
8.349456,3.6810586,3.5479577
8.5779705,3.612564,3.7480576
9.503394,3.3242288,4.0124645
10.347163,3.0415766,3.8820555
10.228719,2.7675984,3.464209
9.498609,2.591726,2.8381867
8.841479,2.4107687,2.3545375
8.509774,2.3389843,2.2085752
8.186744,2.0147567,2.0398812
7.809575,1.5933207,1.8110676
7.4443703,1.4617156,1.6818552
7.2361946,1.2113664,1.785943
7.150053,1.0546366,1.9534405
7.144071,1.041476,2.204986
7.2900333,0.9936196,2.3904297
7.591828,0.96729857,2.3904297
7.9998045,1.0438689,2.3030918
8.513364,1.1970096,2.2468605
9.170493,1.2209377,2.1080768
9.940384,1.0654043,2.0961127
10.944771,0.87158567,2.1224337
11.826825,0.80548394,2.2767708
12.151352,0.9828519,2.4023938
11.970394,1.2891332,2.725724
10.937293,2.341377,5.1006007
10.382158,1.7907287,4.80748
10.864312,1.407877,4.4147577
11.270195,3.275176,5.0120664
10.280165,5.2489557,5.191528
9.402896,6.116952,5.1053863
8.99821,5.3653064,4.520042
9.018549,4.2999024,3.5934215
9.359825,3.1220353,2.7759733
9.636196,1.751247,1.779961
9.987043,1.1108679,1.1599208
9.559626,1.1001002,1.061815
9.138189,1.230509,1.2664014
8.723035,1.2664014,1.4389837
8.366205,1.3130615,1.4641083
8.032107,1.483251,1.2999009
7.4156566,1.657927,1.0845468
6.690332,1.9390837,0.8991031
6.2700925,2.1176481,0.6762715
6.2365932,2.2959132,0.5422734
6.8721867,2.5642085,0.47048876
7.8167534,2.9422746,0.5721837
8.849854,3.2500513,0.6750751
9.827921,3.449852,0.7001997
10.688439,3.374478,0.5243273
11.312069,3.1579278,0.14356937
11.652149,2.862115,-0.5949155
11.073983,1.9728823,-1.238884
10.107881,1.442573,-0.9625129
9.669696,2.4765713,1.265205
12.735499,5.1616178,3.0463624
12.712768,5.4227343,4.814658
10.130613,5.205885,4.2628136
7.899306,4.382455,3.3804603
7.219445,3.6894333,2.9004002
8.001,3.7109687,2.477768
9.274879,3.4534414,2.929114
10.428819,3.0559337,3.8605201
10.753046,2.6096723,3.8712878
9.691231,2.28036,3.242873
8.692825,2.2707887,2.2851455
8.337491,2.1391835,1.6627127
7.9854474,1.8182461,1.2209377
7.498209,1.387239,0.93260264
7.0351977,0.9290134,0.9290134
6.741778,0.663111,0.99003035
6.759724,0.5386842,1.0953146
6.987042,0.474078,1.378864
7.422835,0.4549354,1.5993029
8.018947,0.4118646,1.9776679
8.729017,0.48963133,2.099702
9.518948,0.7109674,1.9558334
10.209576,0.9409775,1.9426728
10.984252,1.3477573,2.1559331
12.005091,1.8852451,2.5402803
12.623934,2.204986,2.990131
12.463615,2.0961127,3.1028929
11.979965,1.6280167,2.91715
11.3575325,2.0458634,4.473382
10.3232355,1.657927,4.3788652
10.021739,0.5051847,3.4606197
10.7685995,2.7532415,3.6317065
10.573585,5.168796,4.4398823
10.087543,6.556334,4.79073
9.390931,6.0918274,4.074678
9.15494,4.4889355,2.9219356
9.092726,3.592225,2.2743778
9.177671,2.0542383,1.0534402
9.099904,1.2017952,0.61764735
8.314759,1.0307083,0.8703892
8.0345,1.204188,1.1647065
7.975876,1.3621143,1.2927225
7.731808,1.7021942,1.3298112
7.361818,1.9824536,1.2556337
7.1045895,2.361716,1.183849
6.6676,2.638386,0.97926265
6.6089764,2.673082,0.69302124
7.07109,2.6766713,0.52911294
7.711469,2.798705,0.4956134
8.59472,3.1160533,0.5087739
9.502198,3.417549,0.44895336
10.440783,3.502494,0.25244278
10.854741,3.1555347,-0.010767702
10.93849,2.7879374,-0.5482555
10.936097,2.5785656,-1.218545
10.293324,2.251646,-1.7009978
8.548059,2.5498517,0.101694964
10.586744,4.912764,3.2536407
14.461622,6.411269,3.7420754
12.9353,5.3159547,4.613362
9.855438,4.1344986,3.7636108
8.23819,2.5929224,3.2584262
8.009376,1.8864416,2.7616165
9.430413,2.3186452,2.4107687
10.264611,2.4299114,2.6659036
11.356337,2.321038,3.0200412
11.161322,2.0410776,2.835794
9.959526,2.0662024,2.2839491
8.82114,2.3449662,1.8433708
7.825128,2.1655045,1.5550356
7.1285176,1.4856437,1.338186
6.899704,0.81984085,0.9732806
6.9762745,0.36759737,0.6726823
6.936793,0.058624156,0.62482584
6.856633,-0.08135597,0.72412795
6.855437,-0.10767702,1.1120644
7.4587274,0.07178468,1.5598212
8.375776,0.38554356,1.9235303
9.048459,0.76959157,2.199004
9.322736,1.061815,2.4239295
9.688838,1.3884354,2.6455646
10.445568,1.8397815,2.8657043
11.46521,2.1822543,3.0068808
12.190833,2.0697916,3.0822546
12.383455,1.5634105,3.1100712
12.102299,1.1395818,3.042773
12.01825,1.852942,3.7097723
11.005788,1.7787645,3.5682967
9.969097,0.8536395,3.4941192
10.286146,1.2628121,3.4666018
10.766207,1.8337995,4.2038903
10.816456,3.2883365,5.1053863
10.440783,4.290331,5.32074
10.384551,3.850949,4.738985
10.117453,3.4331024,3.6894333
9.838689,2.8334012,2.5378876
9.273684,2.044667,1.378864
8.73141,1.6591234,0.6906284
8.546864,1.6363916,0.55304116
8.815159,1.6531414,1.1156535
9.081959,1.5669997,1.806282
9.339486,1.5598212,2.2372892
9.156136,1.6399808,2.312663
8.859426,1.7464614,2.248057
8.287242,1.9606191,2.0673988
7.1285176,2.0662024,1.7632111
6.230611,2.1080768,1.4868401
5.695516,1.989632,1.2843475
5.5986066,1.6866409,1.07019
5.8307104,1.5669997,0.84137625
6.0607204,1.4760724,0.5458627
6.629315,1.3226327,0.13280165
7.6851482,1.2484552,-0.3580261
8.725428,1.244866,-0.6008976
9.764212,1.4497514,-0.7253244
10.698011,1.8373886,-0.1902294
10.883454,2.1834507,0.031106694
10.687243,2.597708,-0.4441677
11.700006,3.094518,-0.87278205
11.944074,3.3170505,-1.0725827
12.126227,4.4410787,0.18783657
12.645768,4.4147577,3.3385859
12.784553,3.8665023,4.888836
12.198011,4.658826,6.1803617
9.870992,4.8242297,6.0080786
8.451151,4.465007,4.2687955
7.5810604,2.7125635,3.688237
7.8083787,0.5374878,3.077469
9.203992,-0.7253244,3.0933216
10.091131,-0.71455663,3.6487553
10.577173,0.33290145,3.7803607
10.192826,1.4641083,3.3529427
9.078369,2.2612174,2.8836503
7.8981094,2.5402803,2.5749762
7.2397842,2.3904297,2.3485553
7.152446,1.739283,1.9704895
7.3773713,0.61046886,1.5251254
7.620542,-0.4645067,1.2329018
7.9591265,-0.8042875,1.2496517
8.195119,-0.62841505,1.4904294
8.897711,-0.1902294,1.8541385
9.523733,0.21296121,2.111666
9.743873,0.60329044,2.2181466
9.989436,1.4844474,2.440679
10.184451,2.0063818,2.5342982
10.76501,2.4741786,2.3569303
11.24507,2.3030918,1.6363916
11.073983,1.3310076,0.87996054
10.666904,0.5027919,0.38315073
10.168898,0.033499517,0.5159524
9.7654085,-0.2416751,1.4724833
9.501001,-0.06699903,3.3732817
10.055239,0.86919284,4.949853
10.693225,1.2352947,4.1141596
11.282159,1.0438689,3.2249267
11.310873,1.556232,3.1292138
10.603495,2.4825535,3.01047
11.108679,2.7221348,3.0176485
11.954841,2.4107687,2.7771697
11.778969,1.9319052,2.2073789
10.517353,1.346561,1.3680964
9.271291,0.89431745,0.87278205
8.621041,0.83060855,0.9302098
8.144869,1.0474582,1.3082758
7.7677007,1.2831511,1.6268203
7.7330046,1.3501502,1.6698911
7.8239317,1.3477573,1.4617156
7.9100733,1.4377873,1.0917253
8.030911,1.6758732,0.7157531
8.012965,2.0015962,0.37238303
8.199904,2.3114667,0.18185452
8.100303,2.1272194,0.09571291
8.081161,1.6818552,0.42861435
8.617452,1.6411772,1.0067801
9.634999,2.2325034,1.5777674
10.973485,3.2656047,1.7895322
11.690434,3.9813578,1.4880366
11.174481,3.8581274,0.26919255
10.217951,3.1998022,-1.0917253
10.198809,3.118446,-0.4848457
11.6593275,2.0458634,2.8609185
12.36192,1.6304095,4.169194
12.601202,2.8525436,6.526424
10.173684,4.3800616,5.8019967
6.68435,4.610969,4.6468616
7.2290163,3.1112676,3.2991042
9.163314,2.2325034,2.408376
11.150554,1.3669,3.1136606
12.05175,1.1670992,4.135695
11.483156,1.8050855,4.508078
10.225129,2.5196424,3.9801614
9.035298,2.8046873,2.9685955
7.975876,2.5196424,1.9645073
7.1751776,1.8050855,1.338186
6.9906316,0.7899306,1.041476
7.306783,-0.076570325,1.1563315
8.002197,-0.23688944,1.954637
8.469096,0.17347965,3.0762727
8.816355,0.70618176,3.6412778
8.952746,1.2113664,3.606582
8.98146,1.7440686,3.0056844
9.205189,2.219343,2.3377876
9.129815,2.1308086,1.873281
9.316754,1.806282,1.9067806
9.928419,1.3836497,1.6698911
10.020543,-0.24047868,1.1778669
10.0265255,-2.0482562,0.6116653
10.249058,-2.9626136,0.6798607
10.251451,-2.4634109,2.1104696
10.410872,-1.3214363,3.4725838
11.692827,1.6627127,5.235795
12.127423,2.3509483,5.651249
11.109876,2.868097,5.435895
9.722338,5.4442697,6.3394847
9.545269,9.038888,6.79442
10.786546,9.437592,6.2784677
11.750255,6.936793,4.1165524
11.341979,3.6161532,2.1942184
10.325628,1.3298112,1.4174483
9.407681,0.51475596,1.5418751
9.080762,0.40947178,1.8278174
9.1872425,0.6547361,2.0542383
8.9013,1.2340983,2.0925233
8.441579,1.9331015,1.9462621
7.9974113,2.7448666,1.623231
7.612167,3.2871401,1.2951152
7.3343005,3.226123,1.218545
7.2505517,2.9997022,1.2664014
7.7210402,2.9195428,1.5658033
8.280064,2.9123642,1.6962122
8.518149,2.9338996,1.6722839
8.603095,2.8549366,1.454537
9.0436735,2.695814,1.0462617
9.514162,2.5064816,0.5709873
10.080363,2.2995026,-0.0035892338
10.597512,2.1008983,-0.5279165
11.038091,1.8589242,-0.9553344
11.569596,1.5406786,-1.0331012
11.634203,0.89072824,-0.8955139
11.297712,0.33529428,-0.53389853
10.119845,0.56859446,0.8847462
8.65813,3.6460636,6.2437716
12.479168,6.906883,4.4374895
11.077573,7.116554,6.2198434
8.412866,6.8709903,5.529215
8.582756,4.2364926,5.1329036
9.008977,3.6257246,4.6767716
9.192028,3.5994034,4.3740797
9.725926,3.7480576,4.599005
10.262218,3.9670007,5.395217
10.20479,4.130909,5.037191
9.283255,4.0974097,4.229314
8.190332,3.3373895,3.4534414
7.719844,2.972185,2.9650064
7.8741813,2.819044,2.6108687
8.0345,2.5331018,2.225325
7.9016986,2.0721843,1.9980069
7.57119,1.5323038,2.0662024
7.2792654,1.0666007,2.2911277
7.1859455,0.8919246,2.477768
7.233802,1.0019945,2.5271199
7.4527454,1.2855439,2.4849463
7.835896,1.5837495,2.3844478
8.397312,1.6399808,2.3437698
9.136993,1.6016957,2.2827528
10.0061865,1.6435701,2.3341985
10.927722,1.8314066,2.4071796
11.343176,1.8912272,2.475375
11.510972,1.901995,2.6419754
11.581561,1.9426728,2.856133
11.5265255,2.0147567,2.8633113
11.179267,2.4011974,3.5156546
10.225129,2.9937203,4.8708897
9.964312,2.606083,4.610969
10.469497,1.9606191,3.8964126
10.353146,3.0068808,4.3058844
9.512965,4.7449675,4.6169515
9.371789,5.5280185,4.59063
9.429216,4.9725847,4.0615172
9.480662,3.8784664,3.0535407
9.552447,2.638386,2.1870399
9.502198,1.765604,1.495215
8.956335,1.6124634,1.1216356
7.872985,1.8948164,1.2628121
7.556833,2.044667,1.4521443
7.636095,2.1595225,1.5981064
7.8442707,2.4179473,1.5418751
7.602596,2.5761726,1.3680964
7.1105714,2.606083,1.1718849
6.664011,2.6479573,0.92303133
6.7968125,2.612065,0.6308079
7.213463,2.6288147,0.5279165
7.683952,2.876472,0.58893347
8.379366,3.1926236,0.65353966
9.453145,3.4510484,0.67148584
10.398908,3.4151561,0.6655038
10.7997055,2.94706,0.6008976
10.950753,2.4705894,0.41306102
10.96152,2.3341985,0.26799613
10.899008,2.2157538,-0.2632105
10.444372,1.9187447,-0.602094
9.976275,1.7261224,0.5566304
11.906984,3.2727833,2.0015962
13.637893,4.686343,2.2911277
13.039388,5.6823554,3.431906
10.942079,5.705087,3.2368908
8.919247,4.9570312,2.8298118
7.8897343,4.165605,2.7101707
7.819146,3.740879,3.1292138
8.810373,3.185445,3.6762729
10.045668,2.8381867,3.8940198
9.939187,2.6312077,3.1902308
9.261719,2.5283163,2.6096723
8.926425,2.4705894,2.239682
8.589934,2.4263222,1.9271195
8.041678,2.1750758,1.6818552
7.451549,1.7225332,1.4724833
7.042376,1.2819548,1.4174483
6.6819572,0.7815557,1.4904294
6.6963143,0.5063811,1.5251254
7.093822,0.40707895,1.6004993
7.585846,0.4010969,1.7488543
8.001,0.45732823,1.8637097
8.426025,0.6942177,1.8840487
8.702696,0.8979067,1.8984057
9.3765745,1.1216356,2.0673988
10.487443,1.4521443,2.2229323
11.310873,1.6639091,2.5486553
11.69522,1.6950158,2.894418
11.971591,1.6926229,3.1950164
12.092728,1.6722839,3.2883365
12.068799,1.9390837,3.6571302
11.78854,2.949453,5.2166524
11.300105,2.5438695,4.8505507
11.654542,1.8577276,4.2568316
11.576775,3.5300117,4.8637114
10.1497555,5.4909296,5.0742793
9.383753,6.2748785,4.5116673
9.23151,5.580661,3.7241294
8.949157,3.141178,1.8708882
8.829515,1.7572291,1.0271192
8.87139,1.3345969,0.7289136
8.690433,1.6387844,1.0689936
8.016554,1.9788643,1.6220347
7.469495,2.044667,1.8661026
7.3402824,2.1702902,1.8960128
6.9499536,2.5450659,1.6674982
6.6568327,2.7149563,1.5059828
6.265307,2.9578278,1.2197413
5.9817576,3.022434,0.81984085
6.417251,2.847758,0.7636095
7.4383883,2.754438,0.80787677
8.39133,2.882454,0.9086744
9.085547,3.1495528,0.8883354
9.966704,3.3864422,0.7049854
10.797313,3.3864422,0.38673997
11.084751,3.1986058,0.1363909
10.96152,2.951846,-0.12323037
10.945967,2.8345976,-0.3915256
10.580763,2.8980074,-0.40947178
9.894919,3.403192,0.19262223
10.267004,4.51406,1.0917253
12.410973,4.8242297,1.6351951
13.823635,5.043173,2.9327033
12.37508,4.7509494,3.4606197
9.791729,4.274778,3.3936207
8.449954,3.9227335,3.1890345
7.9998045,3.3720853,3.7552361
8.944371,2.955435,4.3178487
9.910473,2.9566314,4.389633
9.958329,2.9015965,3.6607196
9.400503,2.3449662,2.8776684
8.956335,1.7775681,2.4251258
8.806784,1.5466608,2.1978076
8.528917,1.6184454,2.1068804
7.9974113,1.59691,2.0207388
7.440781,1.4605191,1.9776679
7.1045895,1.3848461,1.8637097
6.975078,1.407877,1.7691933
7.0268226,1.4605191,1.6938193
7.18116,1.3214363,1.7321045
7.3582287,1.0031909,1.8218354
7.6743803,0.7217351,2.0003998
8.05125,0.5602196,2.1296122
8.386544,0.5386842,2.2025933
8.914461,0.6332007,2.2564318
9.553643,0.8787641,2.2983062
10.198809,1.0654043,2.2528424
10.7482605,0.99720883,2.3449662
11.230713,0.8979067,2.5271199
11.539686,0.933799,2.7185457
11.752647,1.1395818,2.778366
11.813664,2.2229323,3.8473597
11.25823,3.5168512,5.341378
10.977074,1.6292131,4.2460637
11.92852,2.949453,3.993322
11.114661,5.3557353,5.016852
9.959526,6.2342005,4.8529434
9.225528,6.1265235,4.0423746
8.440383,4.8972106,2.9039893
8.427222,3.293122,1.6734804
8.634201,2.1092732,1.0175478
8.9826565,1.6758732,0.92662054
9.008977,1.8421743,1.1970096
8.813962,2.0985055,1.4377873
8.355437,2.2576282,1.7679968
7.9351983,2.547459,2.1092732
7.426424,2.9410782,2.1260228
7.1620173,3.2033913,1.89362
6.882954,3.2596226,1.5275182
6.606583,3.112464,1.1970096
6.4328046,2.9099715,1.0211371
6.5479593,2.8106692,1.0007981
6.987042,2.7915268,1.0019945
7.8430743,2.841776,0.9912268
8.786445,2.9374888,1.049851
9.657731,3.2368908,1.0570294
10.155738,3.565904,0.78753775
10.435997,3.5647075,0.3472584
10.535299,3.2715867,-0.06819545
10.678868,3.0595229,-0.32213375
10.739885,2.80708,-0.43938205
10.614263,3.0762727,0.4106682
11.6389885,4.881657,2.2073789
13.2000065,5.5926247,2.908775
12.276975,5.462216,3.9454653
10.176077,4.827819,3.7133617
8.26451,4.2050867,3.5347972
7.632506,3.9394834,3.5036905
7.795218,3.6113675,4.051946
8.539685,3.144767,4.62413
9.492626,2.9733813,4.7727838
9.710373,2.768795,4.462614
9.393325,2.5196424,3.8736808
9.297611,2.2731814,3.2380872
9.2590275,2.0386848,2.71376
9.079565,1.9462621,2.408376
8.605488,1.8122641,2.254039
7.963912,1.4605191,2.0315065
7.2840514,0.9732806,1.806282
6.7645097,0.5769694,1.7201403
6.5431733,0.45972106,1.7333009
6.7334027,0.581755,1.724926
6.856633,0.663111,1.7763717
7.166803,0.79830545,1.9486549
7.663613,0.9409775,2.1667008
8.083553,1.0809577,2.4538395
8.630612,1.2281163,2.7041886
9.370592,1.2831511,2.926721
10.007382,1.2293127,2.9685955
10.82842,1.0606186,2.725724
11.211571,0.9984053,2.5558336
11.379068,1.0594223,2.707778
11.519347,1.3513466,3.0260234
11.483156,1.8266209,3.589832
11.328819,2.65035,5.0336018
10.865508,2.2408783,5.1209397
11.172089,1.2352947,4.3609195
11.789736,2.1463618,4.7007003
11.059627,4.100999,5.2812586
9.650553,5.42752,5.239384
8.796016,5.7673006,4.741378
8.483454,5.203492,3.7073796
8.600702,3.9406798,2.487339
8.837891,2.774777,1.5622141
9.157332,2.1260228,1.2939188
9.424431,2.1296122,1.4557334
9.434002,2.3449662,1.7237296
9.1681,2.309074,1.934298
8.705089,2.2779672,2.1451654
7.900502,2.4646072,2.1487548
7.3438716,2.6216364,1.84696
6.9092755,2.7173493,1.3956138
6.6101727,2.693421,1.1012967
6.434001,2.6072793,0.90508515
6.3945193,2.3952155,0.831805
6.7381887,2.239682,0.9062816
7.359425,2.2660031,1.0091729
8.090732,2.4538395,1.0342976
9.101101,2.8262227,0.8102696
9.566804,3.0702906,0.520738
9.942777,3.187838,0.3364907
10.240683,3.226123,0.2213361
10.49821,3.1555347,0.106480606
10.741082,2.8381867,-0.09332009
10.599905,2.4909284,-0.22013968
9.949955,2.8034909,0.46331027
10.487443,4.028018,1.1395818
12.635001,4.3465624,1.6950158
12.986746,4.456632,2.5725834
11.136196,4.0244284,2.7209384
9.49143,3.6990047,2.7508488
8.817552,3.8676987,2.5283163
8.670094,3.7791643,3.0200412
9.110672,3.2739797,3.9909291
9.952348,3.1698918,4.3525443
10.4001045,3.0798619,4.1548376
10.152148,2.646761,3.4857445
9.806087,2.0518453,2.7927232
9.514162,1.5837495,2.3162522
9.295218,1.5753746,2.0434706
8.99462,1.8254246,2.050649
8.448758,1.8828523,2.0721843
7.792825,1.6435701,2.0027926
7.4886374,1.4784653,1.9558334
7.0148587,1.2532408,1.7584256
6.7573314,1.1551352,1.5753746
6.768099,1.0283155,1.4353945
6.9296145,0.9062816,1.5598212
6.966703,0.7923234,1.8146569
7.1129646,0.75523466,2.0733807
7.862217,0.96490574,2.251646
9.030513,1.0809577,2.3940191
9.958329,0.76600236,2.4442682
10.784153,0.48364928,2.225325
11.335998,0.54466623,2.0279171
11.528918,0.79112697,2.0638096
11.8028965,1.0462617,2.210968
12.332009,1.7871394,3.2249267
12.01825,2.1224337,4.7377887
11.883057,1.0139586,4.348955
12.347563,0.6750751,4.0423746
12.40858,2.5725834,5.107779
11.148161,4.5296135,5.640481
9.667302,5.665606,5.4263234
8.797213,5.8187466,4.5690947
8.836694,4.735396,3.342175
8.894122,3.4486556,2.225325
9.081959,2.551048,1.8361923
9.387342,2.172683,1.8110676
9.38136,2.143969,1.8326031
9.105886,1.9618155,1.7991035
8.968299,1.8014964,1.7727824
8.793623,1.6052849,1.7727824
8.35783,1.6603198,1.7033906
7.2972116,1.9055841,1.3142579
6.6448684,1.9920249,1.0749756
6.2365932,2.0291135,0.84137625
6.22104,2.050649,0.75523466
6.586244,2.1284158,0.79471624
7.1416783,2.3138595,0.887139
7.8287177,2.7412775,0.93738824
8.490632,3.1495528,0.9194421
9.013762,3.3553355,0.90388876
9.367003,3.4666018,0.96490574
9.65175,3.510869,0.89072824
10.0061865,3.484548,0.74207413
10.342378,3.4283166,0.41784665
10.617851,3.3050864,0.106480606
10.817652,3.0056844,-0.33170503
10.955539,2.835794,0.05503492
11.048859,3.1950164,0.047856454
12.366706,4.2628136,1.4988043
12.852748,4.855336,2.6024938
12.80848,5.205885,2.9937203
9.909277,4.7919264,3.370889
8.3219385,4.12732,3.5946178
7.886145,3.7600217,3.7516468
8.186744,3.4773695,4.281956
8.673683,2.9219356,4.65404
8.88814,2.707778,4.83739
9.322736,2.5761726,4.8852468
9.432806,2.4323041,4.503292
9.609875,2.1774685,3.3553355
9.669696,1.8900307,2.6635108
9.492626,1.6998014,2.4011974
9.012567,1.5622141,2.2085752
8.247761,1.2855439,2.1631117
7.752147,1.1120644,2.160719
7.582257,1.0929217,2.0338993
7.5942206,1.11685,1.8433708
7.451549,1.0630114,1.6998014
7.27448,1.0139586,1.657927
7.205088,1.0019945,1.7129619
7.213463,0.9421739,1.745265
7.359425,0.7612167,1.7847466
7.500602,0.55423754,1.8852451
7.9363947,0.3807579,1.9669002
8.428419,0.2862414,2.0219352
8.938389,0.31375888,1.8373886
9.278469,0.33050862,1.4940187
9.469894,0.4645067,1.5239289
9.729516,0.7265208,1.8050855
10.251451,0.82701933,1.8637097
10.757832,0.65952176,1.6363916
11.174481,0.59970117,1.1670992
11.207981,0.42382872,0.62721866
10.693225,0.34606197,1.0666007
9.98824,0.6439684,2.4825535
9.739087,1.2580265,4.2999024
10.255039,1.5119648,5.2752767
10.851151,1.5741782,5.543572
10.413265,2.489732,5.4729834
9.456735,3.6643088,5.020441
8.974281,4.479364,4.3728833
9.370592,4.1177487,3.6161532
10.155738,2.9829526,2.815455
10.683654,1.6399808,2.3042881
10.529317,0.7791629,1.9992033
9.752248,0.69541407,1.8110676
8.988638,1.1826526,1.7440686
8.399705,1.6950158,1.6686947
7.95793,1.9474585,1.5047864
7.7473617,1.9223338,1.3202399
7.579864,1.698605,0.9409775
7.711469,1.483251,0.5901299
8.008179,1.3992031,0.22372891
7.7940216,1.3202399,0.101694964
8.274081,1.5693926,-0.051445685
8.706285,1.718944,0.019142581
9.105886,1.6328024,-0.021535404
9.510572,1.6926229,0.21535404
9.74148,1.9606191,0.78035927
9.942777,2.388037,0.72053874
10.711171,2.7305098,0.58654064
10.944771,2.9542387,0.096909314
10.562817,3.0607193,-0.90029955
10.687243,3.1363924,0.61046886
12.134602,2.4993033,4.9031925
12.8982115,3.761218,7.8873415
9.767801,3.6655052,6.7968125
8.796016,3.3553355,5.9697933
9.001799,2.3449662,4.3058844
9.772587,1.1503495,3.354139
10.658529,1.0043873,3.281158
11.032109,1.2209377,3.944269
10.652547,1.4306089,4.2831526
9.742677,1.8409779,4.1703906
8.692825,2.1284158,3.848556
7.94118,2.201397,3.3493536
7.585846,1.9534405,2.7496524
7.3103724,1.2699906,2.181058
7.099804,0.5183452,1.7476579
7.1285176,0.076570325,1.5083755
7.318747,0.0047856453,1.5430715
7.6683984,0.11485548,1.5717853
8.193922,0.20697916,1.5945172
8.481061,0.22851457,1.6914265
8.666505,0.33050862,1.7488543
9.260523,0.5913263,1.8385851
10.375877,1.0031909,1.9716859
11.398211,1.6866409,2.0171494
11.61506,1.8625133,1.3310076
10.960324,1.2687942,0.8847462
10.546066,0.9720842,0.9206385
9.865009,0.6762715,1.9402801
9.454341,0.88354975,4.6695933
10.647761,1.3573287,5.962615
11.832808,0.6415756,5.0802617
11.890235,0.4884349,4.5535417
10.870295,1.887638,4.4039903
10.0672035,3.2907293,4.108177
10.692029,3.4354951,3.49053
11.432906,2.4155545,2.2743778
11.52533,1.2711871,1.5741782
10.688439,0.6798607,1.4653047
9.742677,0.7636095,1.7775681
9.289237,1.3549358,2.353341
9.085547,2.015953,2.6036901
8.706285,2.329413,2.5354948
8.009376,2.2301106,2.1140587
7.1356964,1.9055841,1.6004993
6.417251,1.759622,1.1886346
6.1935225,1.739283,0.8644072
6.411269,2.062613,0.8222337
6.606583,2.6778677,0.87278205
7.4647093,3.1112676,0.8066803
8.384151,3.0032916,0.92303133
9.014959,2.591726,1.3908281
9.776176,2.5953152,2.2863421
10.489836,3.0332017,2.76042
11.155339,3.1806595,1.8601205
11.089537,2.62044,0.4429713
10.931312,2.408376,-0.20338993
13.485949,2.2025933,3.0969107
14.2698965,1.8278174,5.221438
10.757832,3.993322,4.805087
8.749356,5.043173,3.7348971
6.1851473,4.9989057,2.455036
6.9535427,3.6930227,2.3234308
8.784052,2.3162522,3.8210387
11.429317,1.7440686,5.823532
11.906984,2.498107,6.6245294
10.571192,4.031607,5.2956157
9.520144,4.743771,3.2117662
8.924032,4.0902314,1.7739788
8.317152,3.1698918,1.3884354
8.052446,2.1308086,1.7644076
7.9567337,1.1922239,2.0578275
7.643274,0.44656053,1.975275
7.280462,0.083748795,1.7715861
7.150053,0.096909314,1.6686947
7.3307114,0.27756742,1.6758732
7.841878,0.5733801,1.8756739
8.770891,1.0749756,1.9932213
9.734302,1.6304095,1.7955143
10.134202,1.9103698,1.5717853
9.887741,1.7428722,1.3944174
9.6015,1.495215,1.4557334
9.794122,1.1778669,1.879263
10.7997055,0.65353966,2.3844478
12.239886,0.23688944,2.6479573
13.2311125,-0.111266255,3.0236306
13.575679,1.4294125,5.055137
12.546167,1.5430715,4.9989057
11.399407,0.84765744,4.2257247
11.422139,1.8960128,4.3645086
10.823634,3.999304,5.604589
9.860224,6.434001,6.8506513
9.363414,7.544869,6.6161547
9.138189,7.2038918,5.0922256
8.967103,5.986543,3.7540395
8.904889,4.479364,3.1004999
8.811569,3.522833,2.7843482
8.849854,3.165106,2.4945176
8.65813,3.0176485,2.3988047
8.216654,2.8609185,2.2372892
7.798807,2.795116,2.0494525
7.329515,2.7329025,1.8445672
7.025626,2.7580273,1.4988043
6.664011,2.728117,1.2664014
6.468996,2.673082,1.1144571
6.7501526,2.6240292,1.1312069
7.150053,2.6766713,1.1718849
7.501798,2.827419,1.2592229
7.856235,2.9817562,1.4102699
8.367402,3.2596226,1.617249
9.162118,3.49053,1.7620147
9.990633,3.5048869,1.7285153
10.590334,3.2991042,1.454537
10.9579315,2.8465617,0.96729857
10.526924,2.312663,0.34965122
9.205189,2.3688943,2.1762722
10.124631,4.65404,2.652743
11.880664,5.858228,3.5431721
12.1046915,6.296414,4.709075
11.349157,6.2401824,4.3848476
9.135797,4.7425747,3.716951
7.1129646,3.5252259,3.6460636
6.695118,3.6209388,3.6930227
7.9567337,3.848556,4.2867417
9.516555,3.9550366,4.759324
10.320843,3.905984,4.5475593
9.887741,3.801896,3.8928235
9.0747795,3.63051,3.1567314
8.440383,3.3074791,2.5232315
7.679166,2.7269206,2.0458634
7.1452675,2.1631117,1.899602
6.8925257,1.7153547,1.7847466
6.7262244,1.2999009,1.617249
6.593423,0.92662054,1.4581263
6.715457,0.58534425,1.428216
7.224231,0.34366915,1.5586249
8.017751,0.3484548,1.6651055
8.642576,0.58893347,1.7943178
8.941978,0.87996054,1.9944177
9.3155575,1.1515459,2.2971098
9.981061,1.5454643,2.3940191
10.877473,1.8613169,2.4634109
11.064412,1.8421743,2.7221348
11.283355,1.8888344,3.0678978
11.692827,2.3150558,4.0555353
11.680862,3.094518,5.683552
11.795718,2.2983062,5.2226343
12.421741,1.4581263,4.4339004
12.138191,3.0296125,5.0156555
11.471191,4.1572304,5.398806
9.994222,5.9004016,5.4849477
9.152547,6.343074,4.6959143
8.961121,5.5627146,3.3720853
9.28804,3.9945183,2.201397
9.430413,2.7376883,1.4569299
9.257831,2.1774685,1.2592229
9.085547,2.3605196,1.2819548
8.963513,2.5881367,1.3621143
8.644969,2.6898317,1.6603198
7.852646,2.6216364,1.7033906
7.385746,2.3904297,1.4473586
7.1129646,2.2911277,1.1371889
6.660422,2.1188445,0.8703892
6.5922265,1.9704895,0.7636095
6.6460648,1.8601205,0.7193423
6.987042,1.8134605,0.70618176
7.349854,1.9669002,0.7085746
7.740183,2.4191437,0.65353966
8.240582,2.9853454,0.6523433
9.004191,3.4342988,0.62721866
9.716355,3.6906297,0.40707895
10.117453,3.5443685,0.20338993
10.389337,3.1806595,-0.069391854
10.51496,2.7759733,-0.43100718
10.414461,2.2636101,-0.76241314
10.517353,2.0757737,-0.35443684
11.087144,2.7376883,1.4389837
13.458431,4.2185464,2.9973094
14.374284,5.451448,3.667898
12.55215,5.5016975,4.199105
10.134202,5.030012,3.972983
8.229815,4.3238306,2.7831519
7.7150583,3.4761732,2.5342982
8.275278,3.1375887,2.9590242
9.21476,3.0702906,3.4354951
9.819247,3.0762727,4.0184464
9.768997,3.0320053,3.7061832
9.160921,2.6635108,2.8669007
8.718249,2.164308,2.2731814
8.702696,1.8314066,2.0135603
8.544471,1.7201403,1.9884356
8.062017,1.6016957,1.9175483
7.481459,1.3226327,1.8708882
7.0268226,1.0917253,1.8038892
6.7525454,0.97806627,1.7931215
6.771688,0.9182457,1.7739788
7.0435724,0.8883354,1.9127626
7.624131,1.0211371,2.1702902
8.133802,1.2520444,2.349752
8.539685,1.3824533,2.408376
9.072387,1.4401802,2.347359
10.095917,1.4365909,2.1918256
11.211571,1.3082758,2.1008983
11.816057,1.1527423,2.0781665
11.940484,1.3226327,2.1463618
11.857932,1.6770695,2.3509483
11.583954,2.1798615,3.024827
11.05843,2.3772693,3.9837506
10.7889385,2.4335005,4.29392
10.725529,1.995614,4.1225343
11.268998,2.0877378,4.26401
11.200803,3.63051,5.0970116
10.118649,5.2884374,5.620142
9.158528,5.9147587,5.4646087
9.055637,5.575875,4.4350967
9.296415,4.4745784,3.094518
9.343075,3.1782668,2.2636101
9.220742,2.3940191,1.8194425
9.156136,2.152344,1.6698911
9.065208,2.1762722,1.6220347
8.877372,2.120041,1.704587
8.516953,2.0985055,1.8457636
8.065607,2.1714866,1.8637097
7.6947193,2.347359,1.7141583
7.126125,2.5112674,1.4940187
6.741778,2.632404,1.2376875
6.5659056,2.8178477,1.1216356
6.678368,3.0463624,1.0917253
6.971489,3.2333016,1.1060823
7.3689966,3.313461,1.096511
7.663613,3.309872,1.0211371
7.9148593,3.1686954,0.83778703
8.299206,2.9338996,0.6655038
8.8187475,2.7352953,0.59730834
9.369396,2.6862426,0.57457656
9.731909,2.734099,0.5841478
10.117453,2.8202405,0.62721866
10.5029955,2.9315069,0.61884373
10.540085,3.051148,0.4214359
10.616655,3.1220353,0.050249275
10.826027,2.8429725,-0.44536412
10.922936,2.14038,-0.7396813
9.727123,2.3030918,2.3988047
11.163714,4.788337,3.309872
13.651053,6.0379887,3.7181473
11.412567,6.055935,4.3298125
9.30479,4.976174,3.0176485
8.186744,3.3577285,2.6036901
7.8490562,2.7005994,2.8310082
8.49781,2.3629124,3.461816
9.597911,2.184647,4.278367
10.591531,2.2743778,4.6289153
10.380663,2.3892334,4.1057844
9.624231,2.3569303,3.309872
9.141779,2.1750758,2.7999015
8.99462,2.1738794,2.4741786
8.823533,2.3258235,2.2504497
8.433205,2.219343,2.260021
7.9998045,2.0027926,2.204986
7.46112,1.8050855,2.2145574
7.123732,1.625624,2.248057
7.136893,1.448555,2.2301106
7.3749785,1.3082758,2.0338993
7.574779,1.0785648,1.8541385
7.6600237,0.8488538,1.7632111
7.893324,0.663111,1.8158532
8.077571,0.581755,1.8960128
8.638987,0.4728816,2.1248264
9.382557,0.52313083,2.2624137
10.103095,0.6750751,2.2372892
10.76501,0.8030911,2.0949163
11.273784,0.99003035,1.9295124
11.652149,1.2915261,2.0901306
12.099906,1.6052849,2.4526432
12.427723,2.219343,3.2799616
12.037394,2.9602208,4.7629137
11.205588,1.7261224,4.549952
11.459228,1.0773684,3.6161532
11.264213,1.9848464,4.2867417
9.98824,3.6041892,5.0994043
8.88455,4.6911287,4.845765
8.457132,4.570291,3.694219
8.861818,3.2488549,2.1834507
9.215957,2.015953,1.2951152
9.325129,1.4724833,1.1036894
9.370592,1.5837495,1.4138591
9.369396,2.0386848,1.7763717
9.363414,2.3437698,2.056631
9.019745,2.5342982,2.2624137
8.56122,2.646761,2.2791636
8.090732,2.8597221,2.1188445
7.359425,3.0523443,1.8266209
6.5108705,3.2009985,1.5071791
6.020043,3.1698918,1.311865
6.0009003,3.1088748,1.2592229
6.3131633,2.9889345,1.096511
7.1021967,2.8872397,1.0917253
8.070393,2.8525436,1.0941181
8.878569,2.8286154,0.9876375
9.399306,2.7364917,0.8042875
9.68166,2.6479573,0.52313083
9.836296,2.626422,0.28384858
9.928419,2.618047,0.12801601
10.240683,2.6718855,0.0849452
10.830812,2.7616165,-0.02632105
11.560025,2.8298118,-0.48125646
11.487942,2.6515465,-0.16510476
10.431211,3.8904305,2.1547368
12.917354,5.9973106,2.219343
13.063316,5.921937,3.5407794
11.140983,5.482555,3.6221352
9.018549,4.1907296,2.9949167
7.2230344,3.0403802,2.7568307
7.780861,2.7735806,2.9207392
9.006584,2.3341985,3.6655052
10.024133,2.210968,4.2341
9.746265,2.292324,3.984947
8.812766,2.3700907,3.251248
8.387741,2.3377876,2.5438695
8.256135,2.379662,2.099702
8.119446,2.4861426,1.9450657
7.841878,2.4215364,1.9776679
7.342675,2.105684,2.0662024
6.8865438,1.6854445,2.1164517
6.835098,1.3764713,2.0757737
7.0085773,1.0797613,2.012364
7.3785677,0.78634137,1.9091734
7.8550386,0.72412795,1.759622
8.295617,0.79112697,1.6651055
8.544471,0.8703892,1.7297117
8.8905325,1.0247263,1.8912272
9.58834,1.1802598,2.099702
10.357931,1.3680964,2.1678972
10.942079,1.4868401,2.1296122
11.33839,1.6292131,2.2002003
11.666506,2.0494525,2.5570302
11.685649,2.577369,3.5647075
11.05843,2.0518453,4.2867417
11.836396,1.879263,4.092624
12.395419,1.7201403,4.2687955
11.853146,3.242873,5.580661
10.332807,4.566702,5.905187
9.180064,5.142475,5.3976097
8.908479,5.29083,4.0100718
9.067601,4.5296135,2.7640092
9.059227,3.4929228,1.887638
9.160921,2.7795627,1.6722839
9.465109,2.5136602,1.9055841
9.367003,2.4538395,2.1750758
8.843872,2.3832514,2.3844478
8.105088,2.4227328,2.3772693
7.347461,2.4119651,2.0494525
7.091429,2.4705894,1.745265
6.856633,2.675475,1.4784653
6.370591,2.8262227,1.1802598
6.2258253,2.786741,1.0438689
6.404091,2.6718855,0.9924232
7.0172515,2.5785656,0.9984053
7.7533436,2.6252255,0.95054877
8.330313,2.827419,0.82941216
8.706285,2.9673991,0.6667002
8.909675,2.9099715,0.4226323
8.913264,2.8489544,0.11724831
9.157332,2.8549366,-0.11724831
9.517751,2.795116,-0.1363909
9.953544,2.597708,-0.13758731
10.394122,2.4095724,-0.20697916
10.778171,2.3748765,-0.40707895
9.582357,4.145266,2.8310082
13.414164,6.0750775,3.4833515
13.611571,6.5575304,4.642076
11.839986,5.573482,4.194319
9.395718,3.9131622,3.391228
8.308778,3.1256247,3.098107
8.394919,2.8453653,3.2620156
8.986245,2.3605196,4.368098
9.855438,2.3521447,5.026423
10.152148,2.6431718,4.6504507
9.533304,2.6551359,3.5359936
8.885747,2.210968,2.606083
8.690433,1.745265,2.184647
8.842676,1.6160526,1.9510478
8.959925,1.6531414,2.0291135
8.882157,1.6818552,2.0937197
8.521739,1.6184454,2.1978076
8.065607,1.3884354,2.1894326
7.4994054,1.0857433,2.0207388
7.0002027,0.7935198,1.7679968
6.6628146,0.6260222,1.4641083
6.535995,0.51236314,1.1910275
6.649654,0.46809593,1.1742777
6.9990063,0.6128617,1.2699906
7.5161552,0.73848486,1.5945172
8.406883,0.77677006,2.003989
9.499805,0.87278205,2.3784657
10.182058,1.0390832,2.6144578
10.27179,1.2987045,2.5749762
10.038489,1.2221341,2.3844478
9.948758,1.0630114,2.292324
10.2682,1.0175478,2.4023938
10.908579,1.1922239,2.62044
11.593525,1.4940187,2.8980074
12.005091,1.8002999,3.0897322
11.845967,1.9307088,3.0463624
11.330015,2.3306093,3.394817
11.416157,3.6930227,4.5918264
9.709177,1.0749756,3.5527434
9.308379,-0.6655038,3.6667016
10.366306,0.95772725,4.970192
10.73151,2.9733813,6.5455666
10.232307,4.3537407,6.626922
9.961919,4.65404,6.4351974
9.311969,4.715057,5.331807
8.510971,4.0698924,3.522833
7.886145,3.202195,2.2025933
7.906484,2.477768,1.7751753
8.428419,1.9426728,1.9211375
8.986245,1.6639091,2.361716
9.300004,1.5191432,3.0583265
9.122637,1.5083755,3.4462628
8.748159,1.8589242,3.3649068
8.265707,2.3976083,3.112464
7.9651084,2.6826532,2.8405795
7.7940216,2.7879374,2.5689943
7.3175507,2.6347969,2.2660031
7.32114,2.3868406,2.1870399
7.5400834,2.2624137,2.1463618
7.6983085,2.2624137,2.012364
7.8550386,2.3042881,1.7608184
7.6660056,2.248057,1.4353945
7.353443,2.085345,1.1300105
7.4419775,1.995614,0.8006983
7.697112,1.8816559,0.57936215
8.053643,1.7907287,0.3580261
8.275278,1.6004993,0.34247273
8.91805,1.5311074,0.22372891
10.033704,1.730908,0.453739
10.431211,2.0207388,0.9984053
10.319646,2.5028925,1.0869397
10.84158,2.949453,0.6260222
11.350354,3.0403802,0.039481573
10.92174,2.815455,-0.47168517
10.569995,2.7831519,-0.5925227
11.709577,3.336193,1.9872392
13.325629,3.3182468,4.778766
13.30888,4.5152564,6.454639
10.439586,5.11735,6.0655065
8.379366,4.921139,3.5096726
6.975078,3.0993035,2.5232315
7.237391,0.8210373,2.7711878
9.339486,-0.71336025,4.130909
10.332807,-0.42382872,5.219045
10.499407,1.0319048,5.0850472
9.88176,2.3545375,4.185944
8.667701,2.8597221,3.1998022
7.7976108,2.728117,2.6347969
7.64447,2.181058,2.5064816
7.937591,1.3417753,2.4143581
8.3327055,0.43100718,2.2911277
8.713464,-0.106480606,2.1164517
8.571988,-0.08015956,2.0410776
8.152048,0.25244278,2.172683
7.906484,0.63918275,2.213361
7.8430743,1.0857433,1.9426728
8.244171,1.3657036,1.7727824
8.933603,1.2412767,1.9378872
9.316754,0.9385847,2.2767708
9.605089,0.75523466,2.6048865
10.263414,0.9696914,2.76042
10.816456,1.2520444,2.7125635
11.170893,1.4521443,2.5354948
11.279766,1.2831511,1.7979071
10.773385,0.14356937,1.0450653
10.439586,-1.1802598,0.622433
10.43839,-2.0087745,0.6643074
10.324431,-1.8050855,1.4461622
10.567602,-0.51116675,2.7843482
10.937293,0.7408777,3.6906297
11.0811615,1.1001002,4.402794
10.559227,1.873281,5.2070813
9.206385,4.148855,5.730212
9.072387,5.2106705,5.1963134
10.365109,5.1963134,3.9921255
11.219945,4.1380877,2.6946175
10.877473,2.477768,1.7033906
9.752248,1.1455638,1.1144571
8.806784,0.44536412,0.9768698
8.362616,0.1902294,0.95653087
8.375776,0.22372891,1.0833504
8.336295,0.57577294,1.3453646
8.202297,1.0342976,1.4258232
8.0345,1.4090735,1.2424731
8.035697,1.5502499,0.8979067
8.078768,1.6842481,0.6451648
8.126624,1.8804595,0.49920264
8.26451,2.0590239,0.4956134
8.833105,2.0805593,0.55782676
9.334701,2.2576282,0.84765744
8.944371,2.5498517,1.4090735
9.412467,2.8800611,1.9007984
9.868599,3.2380872,1.7691933
9.792926,3.5647075,0.96729857
9.631411,3.4354951,0.23928227
9.772587,3.2596226,-0.5673981
10.377073,3.1387851,-0.57936215
12.39183,2.5486553,1.6651055
13.666607,2.32702,3.63051
11.82204,3.3050864,5.634499
8.287242,3.9741793,4.141677
7.434799,2.539084,2.8381867
7.878967,1.204188,2.2911277
9.11785,0.23808585,2.728117
10.419247,0.4010969,3.7241294
10.881062,1.1371889,4.6061835
10.604691,2.0602202,4.6576295
9.809675,2.6455646,4.1907296
8.88814,2.6850462,3.510869
8.481061,2.231307,2.8992038
8.378169,1.5478572,2.4047868
8.266903,0.82701933,2.0673988
8.330313,0.20578274,1.8505492
8.089535,-0.11724831,1.8684953
7.865806,-0.08853444,2.0733807
7.943573,0.15314065,2.1870399
8.3015995,0.474078,2.2301106
8.915657,0.8006983,2.1655045
9.61466,1.0522437,2.009971
10.249058,1.3142579,1.9450657
10.483853,1.4210376,1.9570298
10.751849,1.5251254,1.9728823
10.860723,1.5885352,1.8649062
10.511371,1.2544373,1.3417753
9.623035,0.2548356,0.9314062
9.068798,0.28384858,3.1507492
10.1497555,1.7572291,5.4933224
11.169696,0.8353942,4.9725847
11.763415,1.2867404,4.3812585
10.565209,3.6209388,4.9666023
9.229117,6.0834527,4.921139
9.657731,7.1010003,4.5355954
10.971092,6.0774703,3.586243
11.425728,3.7731822,2.400001
10.548459,2.288735,1.8050855
9.278469,2.1367905,1.8768703
8.504989,2.4035904,2.2827528
8.384151,2.740081,2.7209384
8.52772,3.153142,2.7939196
8.470293,3.5156546,2.6132615
7.9974113,3.6726837,2.0638096
7.0926256,3.5036905,1.5011971
6.823134,3.2440693,0.9493524
7.157232,2.996113,0.6343971
7.7186475,2.8573294,0.7492526
8.540881,2.874079,0.9170493
9.172886,2.7699914,1.0007981
9.517751,2.551048,0.96849495
9.842278,2.4323041,0.8258229
10.14138,2.5354948,0.40827537
10.280165,2.6359932,-0.13160525
10.518549,2.6132615,-0.61884373
10.709975,2.3150558,-1.1371889
10.714761,1.5897316,-1.489233
11.32523,1.5346966,0.6200402
11.610274,2.9422746,3.4247274
12.2171545,5.2082777,5.002495
9.451948,6.17438,5.7601223
8.983852,5.9267225,5.2836514
8.770891,5.456234,4.9725847
8.643773,5.282455,5.0886364
8.545667,4.595416,5.5316076
8.520542,3.9670007,5.8211393
8.843872,3.8246279,5.4933224
9.359825,3.8868413,4.9055853
9.497412,3.4558342,4.2424746
9.132208,2.9063823,3.7396827
8.678469,2.821437,3.3242288
8.34467,2.8669007,2.972185
8.042875,2.658725,2.638386
7.7665043,2.1308086,2.3282163
7.5520473,1.5849459,2.0841484
7.470691,1.2963116,2.0231316
7.500602,1.2544373,2.0937197
7.583453,1.3250256,2.2360928
7.815557,1.4641083,2.4299114
8.197512,1.6758732,2.5845475
8.556435,1.9378872,2.844169
8.736196,2.082952,3.0188448
8.857033,2.14038,3.0678978
8.940782,2.1702902,2.9566314
9.135797,2.032703,2.6850462
9.176475,1.7871394,2.4658036
9.153743,1.4796617,2.4717858
9.7043915,1.9618155,3.8126638
10.427622,2.4275186,4.963013
12.032608,2.6671,4.7676992
12.912568,3.2249267,5.2226343
12.2685995,4.761717,6.035596
10.462317,5.9135623,6.1301126
8.642576,6.3801622,5.2645087
7.7569327,6.454639,3.909573
8.144869,5.736194,3.0080771
8.489435,4.666004,2.646761
8.477471,3.83061,2.5558336
8.536096,3.5012977,2.62044
8.275278,3.598207,2.5606194
7.765308,3.8389847,2.4119651
7.463513,4.0244284,2.3892334
7.3642106,4.1727834,2.6024938
7.073483,4.3118663,2.6635108
6.754938,4.3034916,2.5821548
6.6831536,4.278367,2.4478576
6.498906,4.1632123,2.1918256
6.652047,3.926323,1.9657038
7.0061846,3.6690943,1.779961
7.5520473,3.5503507,1.698605
7.9567337,3.6412778,1.6304095
8.219047,3.6245282,1.4210376
8.318349,3.531208,1.2735798
8.36142,3.2536407,0.90388876
8.587542,3.0260234,0.5458627
9.465109,3.077469,0.3400799
9.943973,3.2117662,0.23449662
10.446765,3.3732817,0.021535404
10.567602,3.4342988,0.48364928
9.630214,3.9897327,1.6136597
10.412068,5.42752,2.9123642
12.813266,6.431608,3.3696926
12.351152,6.295217,4.1404805
10.413265,5.1149573,3.6197424
8.977871,4.0184464,3.1758738
8.138887,3.8174493,3.1806595
7.856235,3.586243,4.0160537
8.335098,3.5611184,4.9845486
9.346664,3.72054,5.309973
9.706784,3.769593,4.7042894
9.340682,3.5036905,3.6930227
8.945567,3.0993035,2.8609185
8.62822,2.748456,2.4179473
8.447561,2.5004997,2.2660031
8.161619,2.0757737,2.3186452
7.7796645,1.4306089,2.1762722
7.470691,0.79950184,2.0602202
7.2756763,0.5877371,1.9247267
7.132107,0.7612167,1.8457636
7.032805,1.0809577,1.8661026
7.048358,1.2568301,1.9175483
7.262516,1.6244274,2.1068804
7.7736826,1.9438694,2.4418755
8.963513,2.260021,3.0020952
9.602696,2.2492533,3.3469608
10.016953,2.0697916,3.4510484
10.216755,1.8038892,3.281158
10.173684,1.3405789,2.9303105
10.056436,0.9696914,2.923132
10.261022,0.9553344,3.222534
10.861919,1.448555,3.984947
11.144571,2.9590242,5.5890355
10.4826565,3.6571302,6.2294145
10.684851,3.3050864,5.064708
10.8714905,3.539583,4.8242297
10.366306,4.827819,5.0994043
9.328718,5.782854,5.1735816
8.551649,5.6787663,4.861318
8.355437,4.9139605,3.9251266
8.214261,3.8557346,2.864508
8.0715885,2.9865417,1.9944177
8.504989,2.728117,1.7009978
9.2075815,3.0559337,2.009971
9.419645,3.5419757,2.4346972
8.928818,3.8066816,2.8058836
8.295617,3.8641095,3.0152557
7.8000035,3.8030925,2.8393831
7.5161552,3.6810586,2.4789643
7.329515,3.598207,2.2779672
6.9212394,3.301497,1.8601205
6.6771717,2.876472,1.5502499
6.8482585,2.4729822,1.2580265
7.3438716,2.5172493,1.1886346
7.8346996,2.6826532,1.2029916
8.367402,2.8465617,1.1084751
8.707481,2.8728826,0.86081797
8.807981,2.7640092,0.51236314
8.989835,2.658725,0.21774685
9.316754,2.7221348,0.08733802
9.801301,3.036791,0.14476576
10.213165,3.3756745,0.17826529
10.33161,3.39721,0.13160525
9.97508,3.2009985,0.6260222
10.201201,3.972983,2.1296122
11.43171,5.2345986,2.9327033
13.560126,6.3622165,3.1603205
11.963216,5.9530435,3.3338
10.324431,5.256134,3.0873394
9.526126,4.595416,3.2979078
9.040084,4.0100718,3.8665023
8.915657,3.522833,4.7377887
9.078369,3.293122,5.2286167
9.047262,3.1914272,4.825426
8.864211,2.9279177,4.1404805
8.835498,2.6515465,3.4402807
8.82473,2.4681966,3.0355947
8.65813,2.361716,2.8752756
8.457132,2.2755744,2.8992038
8.169993,2.1188445,2.8752756
7.8346996,1.8314066,2.7245276
7.3917284,1.3274183,2.376073
6.942775,0.90508515,2.053042
6.7573314,0.84406817,1.8242282
6.678368,0.90388876,1.7967107
6.5922265,0.88235337,1.901995
6.88774,0.94695956,2.07697
7.5364943,1.1730813,2.4670002
8.538488,1.5323038,2.8704898
9.516555,1.7333009,3.1639097
10.184451,1.7404794,3.2129626
10.583156,1.602892,3.098107
10.999805,1.2855439,2.9362924
11.358729,0.8967103,2.8142586
11.558829,0.71455663,2.8980074
11.75863,0.8330014,3.2285159
11.799308,1.4353945,4.2317066
11.148161,2.306681,5.59741
10.5233345,2.4071796,5.4095736
10.761421,2.5821548,4.685147
10.997413,3.8318064,5.0491548
10.147363,5.388038,5.026423
9.035298,6.1121664,4.7715874
8.411669,5.627321,4.1835513
8.512167,4.4374895,3.2309089
8.655737,3.0846474,2.4023938
8.88455,2.2097716,1.8708882
9.132208,2.0901306,1.6794624
8.774481,2.4095724,1.698605
8.370991,2.6192434,1.7919251
8.210671,2.65035,1.8720846
7.7760754,2.7065816,1.9848464
7.3642106,2.9195428,1.975275
6.814759,3.1160533,1.8278174
6.3370914,3.1316066,1.6184454
6.268896,3.1375887,1.4928222
6.485746,3.1758738,1.4533406
6.910472,3.1974092,1.5167505
7.437192,3.2237303,1.5658033
7.998608,3.2177482,1.4569299
8.510971,3.0993035,1.2604194
8.846265,2.876472,1.0366904
9.224331,2.6168506,0.71455663
9.583553,2.5558336,0.46331027
9.972687,2.5869403,0.27996024
10.605887,2.6539395,0.17826529
11.143375,2.740081,-0.11246266
11.507383,2.7568307,-0.42023948
11.41855,2.8453653,-0.11724831
11.3683,3.5766716,1.2819548
11.963216,4.904389,2.638386
12.219547,6.11097,3.682255
11.319247,6.2748785,3.9406798
9.247063,5.2609196,3.7337005
7.646863,4.2652063,3.2440693
7.036394,3.2297122,3.2536407
8.132606,2.7472596,3.7660038
9.46152,2.5929224,4.0962133
9.790533,2.5438695,4.188337
9.715159,2.477768,3.9454653
9.344272,2.376073,3.4570305
9.071191,2.3222344,3.1339993
8.991031,2.3162522,2.9566314
8.742178,2.3665016,2.9374888
8.337491,2.2061825,2.8142586
7.9423766,1.6651055,2.5642085
7.4718876,1.1670992,2.2995026
7.2756763,0.98883396,2.132005
7.383353,1.0582259,2.152344
7.5460653,1.2364911,2.1367905
7.711469,1.4449657,2.3150558
7.811968,1.509572,2.4945176
8.047661,1.4976078,2.6922245
8.586345,1.4318053,3.0032916
9.200403,1.2089736,3.0643084
9.935597,1.0091729,2.8262227
10.540085,0.73369926,2.6395824
11.106286,0.4621139,2.6312077
11.477174,0.3711866,2.8489544
11.67847,0.7253244,3.1399815
11.636596,1.2747762,3.321836
11.064412,2.9458637,4.939085
10.639387,3.1232316,5.0563335
11.247463,2.6659036,4.5678983
11.333605,3.5647075,5.089833
10.194023,4.953442,5.0395837
9.447163,5.238188,4.9199424
8.600702,5.118547,4.430311
8.40449,4.388437,3.5766716
8.6294155,3.2237303,2.7568307
9.0544405,2.2648067,2.032703
9.532108,1.84696,1.8720846
9.570394,2.0482562,1.9319052
9.194421,2.4382863,2.0590239
8.718249,2.7089744,2.1044874
8.240582,2.8202405,2.2552354
7.4048886,2.8669007,2.2827528
6.8721867,2.874079,2.032703
6.6819572,2.8322048,1.7488543
6.786045,2.8633113,1.468894
6.786045,2.8872397,1.3058829
6.7908306,2.7963123,1.2640085
7.1392856,2.8537402,1.21017
7.624131,3.0320053,1.090529
8.120642,3.202195,0.9876375
8.648559,3.2189445,0.8572287
9.165708,3.0933216,0.66071814
9.41486,3.0320053,0.46331027
9.608679,3.0092735,0.19740787
9.970294,2.9889345,-0.20458634
10.439586,2.827419,-0.4429713
10.931312,2.3892334,-0.61884373
11.296515,2.0662024,-0.3376871
10.968699,2.6491537,1.5119648
11.542079,4.4111686,3.4809587
12.78216,5.985347,3.24048
12.198011,6.076274,4.115356
10.425229,5.329115,3.92393
8.841479,4.200301,2.7927232
7.7090764,3.118446,2.8633113
7.9340014,2.8429725,3.0320053
9.326325,2.795116,3.4773695
10.569995,2.7879374,4.1093736
10.860723,2.8178477,4.068696
9.964312,2.7628129,3.4247274
9.007781,2.5953152,2.7089744
8.674879,2.3018954,2.2504497
8.674879,2.0422742,2.0291135
8.521739,1.7093726,1.8900307
8.164012,1.2329018,1.6962122
7.699505,0.88354975,1.6387844
7.1823564,0.7815557,1.7404794
6.815955,0.80787677,1.8433708
6.788438,0.817448,1.9414765
7.1799636,0.76719874,2.003989
7.4647093,0.7073782,2.0554347
7.7066836,0.8102696,2.0673988
8.317152,1.1084751,2.2863421
8.914461,1.1706885,2.5366912
9.50818,1.238884,2.5941188
10.117453,1.3369896,2.4179473
10.554441,1.2843475,2.2360928
10.835598,1.2424731,2.2791636
11.148161,1.4724833,2.5402803
11.542079,2.1296122,3.3565319
11.613864,2.7759733,4.936692
11.9153595,1.995614,5.158028
12.390634,1.5837495,4.9307103
12.737892,2.1906292,5.122136
11.836396,4.0160537,5.6237316
10.278968,5.300401,5.6931233
9.0747795,5.955436,5.030012
8.67129,5.7206407,3.9598224
9.048459,4.6037908,2.844169
9.268898,3.3122647,1.9247267
9.752248,2.5378876,1.5945172
10.416854,2.461018,1.8194425
10.446765,2.4885356,1.9043877
10.142577,2.3318057,1.989632
9.599107,2.0554347,2.0554347
8.849854,2.0231316,2.0458634
7.9830546,2.184647,1.7321045
7.1416783,2.329413,1.3190435
6.2772713,2.3653052,0.8751749
5.7170515,2.3485553,0.6559325
5.648856,2.2337,0.669093
6.1791654,2.1595225,0.8234301
6.969096,2.4143581,0.85842514
7.717451,2.6826532,0.7588239
8.257332,2.687439,0.54705906
8.461918,2.5124638,0.22851457
8.622237,2.4155545,-0.07058827
9.217153,2.5331018,-0.22731815
10.189237,2.7819555,-0.29102704
11.19841,2.795116,-0.2862414
11.573186,2.728117,-0.25962126
11.690434,2.6431718,-0.46809593
11.125429,2.7831519,-0.008374879
10.422836,3.6846478,-0.08853444
10.896615,4.2999024,0.8596215
13.10519,4.575077,1.8194425
13.229917,4.604987,2.8513472
10.532907,4.214957,3.5300117
9.350254,3.482155,3.7588253
8.941978,3.4223347,4.0100718
8.551649,3.1926236,4.6229334
8.410473,2.8896325,5.2920265
8.864211,2.874079,5.421538
9.309576,3.0607193,5.030012
9.672089,2.9219356,4.4051867
9.667302,2.4394827,3.7911284
9.352647,1.9645073,3.3493536
9.2641115,1.7165512,2.9913275
9.030513,1.428216,2.7005994
8.463115,1.1431711,2.4035904
7.8490562,0.8859426,2.1248264
7.495816,0.9912268,1.6770695
7.3163543,1.1180464,1.3549358
7.221838,1.1252248,1.198206
7.1823564,1.0666007,1.2376875
7.0208406,0.92662054,1.4796617
6.8171515,0.7827521,1.7081763
6.9092755,0.7636095,1.9522442
7.376175,0.73489565,1.9498514
8.166405,0.5662017,2.0003998
9.006584,0.43579283,2.0087745
9.9140625,0.22492532,1.8326031
10.287343,-0.21535404,1.637588
10.117453,-0.50398827,1.7273189
9.910473,-0.4106682,1.9630119
9.751051,-0.23808585,2.2576282
9.795319,-0.25124636,2.1882362
10.197612,-0.46331027,2.632404
10.639387,0.18544376,4.662415
12.244672,2.1619153,5.762515
12.023036,0.73011,3.5060835
11.090733,0.76959157,2.80708
9.772587,3.8030925,4.304688
8.851051,6.093024,4.537988
9.157332,5.9243298,4.651647
10.447961,4.153641,3.9047875
10.824831,1.1192428,1.9259231
9.957133,0.5087739,1.2209377
9.175279,1.0881361,1.244866
8.780462,2.0458634,1.4569299
8.644969,2.7029922,1.7488543
8.545667,2.9195428,2.0590239
8.49781,2.914757,2.1978076
7.886145,2.646761,1.989632
7.16441,2.2851455,1.4641083
6.869794,1.8361923,0.9613165
7.2038918,1.5263218,0.5662017
7.8837523,1.5777674,0.44895336
8.587542,1.8361923,0.63200426
9.19801,2.219343,0.80189466
9.715159,2.626422,0.92183495
9.981061,2.6850462,0.9876375
10.395319,2.5354948,1.0642079
10.275378,2.5064816,1.3046865
9.792926,2.8585258,1.454537
9.526126,3.3397822,1.2723835
9.290433,3.5730824,0.78035927
8.940782,3.4677982,0.1794617
8.768498,3.0475588,-0.3999005
9.58834,2.6419754,0.09451649
11.496316,2.0087745,1.6052849
13.151851,2.065006,3.4342988
12.835998,2.9255247,4.7688956
11.035698,3.429513,3.6906297
8.516953,2.795116,1.901995
7.636095,1.2460624,1.745265
7.5352974,0.10049855,2.691028
8.56122,-0.28743783,3.6990047
9.326325,-0.1268196,4.408776
9.472287,0.64636123,4.5726843
9.19801,1.730908,4.430311
8.720642,2.565405,3.9921255
8.311171,2.914757,3.3768709
8.154441,2.774777,2.746063
8.207083,1.8002999,2.1224337
8.622237,1.0402796,1.8840487
9.132208,0.54705906,1.8720846
9.21476,0.19621146,2.0135603
9.243474,0.13878371,2.07697
9.282058,0.20578274,2.0793629
9.332308,0.36400816,1.98365
9.300004,0.62482584,1.7943178
9.31795,0.95653087,1.7787645
9.358628,1.3513466,2.012364
9.404092,1.7297117,2.4107687
9.670892,2.009971,2.801098
10.010972,2.0602202,3.0810583
10.196416,1.9091734,3.030809
10.389337,1.3764713,2.5989046
10.872687,0.5913263,2.053042
11.19841,-0.2428715,1.495215
11.099108,-0.84765744,1.1431711
10.816456,-0.70378894,1.1240284
10.275378,-0.12203395,1.4258232
9.407681,0.55782676,1.779961
8.5887375,1.3082758,2.955435
8.326724,2.766402,4.6767716
8.48465,3.8246279,4.5355954
9.3765745,3.185445,3.8198423
10.499407,2.9410782,3.7540395
11.15175,3.2943187,3.700201
11.772986,2.8130622,3.470191
12.08196,1.6507485,3.05713
11.399407,0.70259255,2.2671995
10.2682,0.6966105,1.1659029
8.997013,1.3477573,0.42023948
7.664809,2.009971,0.18903299
7.2206416,2.254039,0.13998012
6.896115,2.5283163,0.21655045
7.373782,2.6108687,0.60807604
8.283653,2.5989046,1.0941181
9.224331,2.3162522,1.1407782
9.340682,1.6076777,0.6667002
9.022138,0.81625164,-0.033499517
8.843872,0.2620141,-0.5422734
8.359027,0.07537391,-1.0534402
6.969096,-0.21774685,-0.87996054
5.8343,-0.25962126,-0.033499517
7.4048886,0.9026923,2.1511476
11.249856,1.765604,5.3449674
16.498812,0.19501504,7.4252276
13.263416,1.0462617,6.1827545
9.327521,2.050649,5.189135
7.7796645,2.7891338,4.308277
8.441579,3.4510484,3.8760736
10.392926,2.679064,3.856931
10.951949,0.933799,3.993322
10.278968,-0.019142581,3.9801614
9.431609,0.05623133,3.993322
8.539685,0.68345,3.87727
7.315158,0.8955139,3.461816
7.2062845,0.81984085,2.9949167
7.845467,0.811466,2.819044
8.554042,0.77318084,2.9063823
8.724232,0.51116675,3.065505
8.53131,0.11844472,3.0726833
8.544471,-0.11964113,2.7735806
8.700303,-0.1698904,2.5546372
8.837891,-0.21415763,2.5064816
8.879765,-0.0526421,2.7065816
9.013762,0.058624156,2.8034909
9.345468,0.22372891,2.8980074
9.735498,0.4226323,2.9123642
10.109077,0.36640096,2.91715
10.586744,0.011964113,2.8752756
11.248659,-0.38793638,2.658725
12.154941,-0.0526421,3.0595229
12.910175,1.1132607,4.336991
11.873485,-0.7265208,3.2129626
12.863516,0.38434714,3.7935212
13.383057,3.0080771,5.6644096
12.553346,5.435895,7.207481
10.987842,6.439983,7.4802628
9.407681,6.6687965,6.181558
8.330313,6.6257257,4.3334017
7.683952,6.4005013,3.1136606
7.4252276,5.95424,2.766402
8.181958,5.449055,2.8381867
8.88814,4.8601217,2.9877381
9.120243,4.124927,3.2105699
8.792427,3.5216367,3.2656047
8.089535,3.1974092,3.0798619
7.5496545,3.0559337,2.719742
7.420442,2.9458637,2.2492533
7.49462,2.7496524,1.7979071
7.579864,2.6288147,1.5586249
7.6289167,2.4969103,1.4377873
7.700701,2.3892334,1.4653047
7.663613,2.4335005,1.495215
7.487441,2.6623142,1.4712868
7.428817,3.0056844,1.3980067
7.4240313,3.2859437,1.3070793
7.576275,3.3900316,1.1682956
7.908877,3.3517463,1.0857433
8.350652,3.275176,1.0055838
8.865408,3.2536407,0.9553344
9.798908,3.527619,0.7959126
10.272985,3.7420754,0.6870392
10.513763,3.7468612,0.6559325
10.328021,3.7564325,1.1659029
10.849956,4.375276,2.0542383
11.595918,5.091029,2.725724
12.388241,5.348557,3.2356944
11.07518,5.358128,3.8533418
9.086744,4.619344,3.3684962
8.23819,3.7229328,3.1495528
7.9914293,3.3385859,3.1698918
7.9112697,3.3792639,3.7253258
8.460722,3.4761732,4.470989
9.30479,3.5336008,4.787141
9.599107,3.3062828,4.604987
9.392128,2.9566314,3.9813578
9.052048,2.5271199,3.4606197
8.930014,2.2612174,3.042773
8.831908,2.1140587,2.7305098
8.532506,1.9908284,2.6276183
8.29801,1.8972093,2.5869403
7.7054873,1.6268203,2.4849463
7.085447,1.250848,2.379662
6.5084777,1.082154,2.361716
6.4148583,1.2125629,2.3449662
6.602994,1.4174483,2.359323
7.0435724,1.5490535,2.321038
7.7126656,1.5729818,2.2468605
8.829515,1.3238292,2.0267208
9.642178,1.0654043,1.9740787
10.290932,0.77796644,2.0291135
10.805688,0.53389853,2.0147567
11.181661,0.30179477,1.899602
11.509776,0.22971097,1.7057835
11.713166,0.43579283,1.7081763
11.825628,0.90029955,1.9295124
11.826825,1.5047864,2.5064816
11.330015,2.4047868,3.8605201
10.510175,2.7568307,5.541179
10.412068,2.28036,5.386842
10.458729,1.5490535,4.549952
10.832009,3.1686954,4.558327
9.943973,5.3389854,4.868497
8.4679,6.4268227,4.9713883
7.9818583,6.0080786,4.5248275
8.289635,4.475775,3.4869409
8.879765,2.725724,2.6898317
9.215957,1.6184454,2.1355941
9.323933,1.4676976,1.9728823
9.305986,1.7081763,1.907977
9.111869,2.0925233,2.0422742
9.085547,2.2767708,2.1511476
8.631808,2.461018,2.1535404
8.388937,2.547459,2.0662024
7.8370924,2.7855446,1.8457636
7.2529445,2.9865417,1.6196418
6.3275204,2.9853454,1.3034902
6.3287168,2.923132,1.1575279
6.690332,2.8573294,1.1491531
7.3199434,2.862115,1.1826526
8.053643,2.874079,1.3166506
8.575577,2.9422746,1.1718849
8.845069,2.9673991,0.9708878
9.114262,2.8872397,0.75643104
9.401699,2.943471,0.60807604
9.6529455,3.1830523,0.53389853
9.791729,3.391228,0.4968098
10.138988,3.4546378,0.4010969
10.632208,3.234498,0.24885355
11.032109,2.7376883,-0.1052842
11.375479,2.1906292,-0.48245287
10.818849,2.181058,0.47886363
10.558031,4.0088754,3.1794631
13.127922,6.2784677,2.8393831
11.772986,6.629315,3.7265222
9.102298,5.877371,3.1016963
8.153244,3.7839499,2.618047
7.632506,2.6132615,2.5450659
7.6779695,2.516053,2.4035904
8.229815,2.475375,2.9123642
9.49143,2.5220351,3.798307
10.382158,2.7568307,4.3058844
10.165309,3.1196425,3.9921255
9.337093,3.1627133,3.3433714
8.822337,2.949453,2.4119651
8.827123,2.7293134,1.989632
8.721839,2.4466612,1.6734804
8.528917,2.1164517,1.6268203
8.239386,1.7117655,1.6782659
7.9686975,1.2137593,1.6459628
7.7665043,0.83060855,1.6471593
7.72463,0.69900334,1.5981064
7.7904325,0.8222337,1.5239289
7.84786,1.0666007,1.4270196
7.744969,1.2221341,1.4365909
7.731808,1.3537394,1.4114662
8.042875,1.428216,1.4330016
8.674879,1.4150555,1.4593227
9.358628,1.3824533,1.4904294
9.860224,1.3190435,1.509572
10.135399,1.1910275,1.4916258
10.3340025,0.93738824,1.4988043
10.388141,0.7085746,1.509572
10.415658,0.6619146,1.5789639
10.372288,0.8703892,1.9223338
10.464711,1.2687942,2.2588246
10.744671,1.7141583,2.65035
11.202,2.367698,3.5096726
11.674881,2.3976083,4.3908296
12.396616,1.3549358,3.7588253
12.991531,0.9493524,3.6317065
12.739089,2.0410776,4.4841495
10.815259,3.8246279,5.3796635
9.53809,4.5008993,5.2082777
8.793623,4.7401814,4.171587
8.345866,4.402794,2.7209384
8.338688,3.5635111,1.5346966
8.502596,2.8369904,1.0570294
9.18126,2.5295126,1.1563315
10.042078,2.4670002,1.5717853
10.253843,2.271985,1.934298
9.820743,2.032703,2.1176481
9.031709,1.9043877,2.0482562
8.293224,1.9776679,1.8780667
7.5906315,2.231307,1.6603198
6.908079,2.6347969,1.407877
6.3921266,2.9733813,1.183849
6.11097,3.0786655,1.1324034
6.3777695,3.1399815,1.1647065
6.843473,3.0969107,1.3489537
7.758129,2.9769704,1.3669
8.567203,2.9853454,1.3453646
9.120243,2.9410782,1.2089736
9.484252,2.835794,0.98883396
9.563215,2.754438,0.87278205
9.4890375,2.7364917,0.7492526
9.417253,2.9039893,0.5075775
9.450752,3.0463624,0.4118646
9.835099,3.214159,0.30538398
10.447961,3.1004999,0.17706887
11.58515,2.8142586,-0.11485548
11.905788,2.4071796,-0.2321038
10.698011,2.632404,1.4641083
10.925329,4.8936214,2.8908288
12.269796,6.40768,3.6029928
10.409676,6.230611,3.795914
8.539685,5.3449674,3.5156546
7.734201,3.9418762,3.354139
7.8670025,3.135196,3.388835
8.5983095,2.6240292,3.429513
9.377771,2.2815564,4.007679
10.262218,2.4071796,4.536792
10.329217,2.516053,4.3704906
9.7043915,2.5869403,3.5958142
9.195618,2.6252255,2.9338996
8.912068,2.707778,2.4909284
8.515757,2.7699914,2.2504497
7.993822,2.4646072,1.9474585
7.3283186,1.785943,1.8577276
6.778867,1.2293127,1.8254246
6.602994,0.92303133,1.8397815
6.6915283,0.76600236,1.785943
6.862615,0.70378894,1.8314066
7.120143,0.8210373,1.887638
7.396514,1.0103694,1.9271195
7.5906315,1.0929217,2.0075781
8.345866,1.3070793,2.160719
9.193225,1.4940187,2.2636101
10.470693,1.6088741,2.3401806
11.209178,1.4976078,2.2947168
11.543276,1.2484552,2.376073
11.64856,1.1958131,2.5689943
11.901003,1.4808581,3.0343983
11.947662,2.056631,3.9275193
11.917752,2.3198416,4.6301117
11.978769,2.1164517,4.5738807
11.8950205,2.2671995,4.551149
11.358729,3.539583,4.9235315
9.912866,4.7222357,4.99412
8.702696,5.3976097,4.3728833
8.432008,5.3772707,3.118446
8.897711,4.362116,2.0075781
9.451948,3.1220353,1.4712868
10.104292,2.2983062,1.4712868
10.602298,2.1559331,1.6998014
10.57478,2.3258235,1.8026928
9.982258,2.306681,1.7691933
9.213564,2.1272194,1.7715861
8.296813,2.1822543,1.8314066
7.5364943,2.3114667,1.6064813
6.6592255,2.3114667,1.1347961
5.8654065,2.3054845,0.68105716
5.262116,2.103291,0.4968098
5.131707,2.0027926,0.46331027
5.2716875,1.9534405,0.4034897
5.8127646,2.0733807,0.39032918
7.1883383,2.6371896,0.52313083
8.216654,2.9650064,0.5841478
9.18126,3.0667014,0.4728816
9.814461,3.1220353,0.0634098
10.058828,3.1998022,-0.2970091
10.335199,3.2560334,-0.62721866
10.866705,3.2297122,-0.79112697
11.637792,3.2907293,-0.97806627
12.031411,3.202195,-1.2221341
11.745469,2.926721,-1.1814562
11.434103,3.5144582,-0.14955142
11.109876,4.6815577,1.1491531
12.324831,5.5986066,1.8158532
11.542079,5.939883,2.4071796
10.786546,5.675177,2.8872397
10.262218,4.8505507,3.3481572
9.322736,4.2795634,3.9071803
9.162118,3.83061,4.5487556
9.285647,3.1567314,5.3075795
9.300004,2.7305098,5.421538
9.276076,2.4969103,4.7425747
8.937193,2.2791636,3.7719858
8.460722,2.164308,3.0415766
8.042875,2.120041,2.6682963
7.772486,2.0685952,2.5184457
7.57119,1.928316,2.4849463
7.2589264,1.6004993,2.300699
6.8949184,1.11685,2.2217357
6.6329045,0.90388876,2.1499512
6.48096,1.0031909,2.12363
6.3658056,1.1563315,2.3042881
6.4028945,1.393221,2.539084
6.800402,1.6794624,2.6922245
7.455138,1.7847466,2.7843482
8.3530445,1.5945172,2.8094728
9.504591,1.1072787,2.6108687
10.579566,0.6726823,2.6108687
11.733505,0.5721837,2.7915268
12.47199,0.9242278,3.0523443
12.543775,1.5669997,3.382853
12.273386,2.2337,3.7863426
11.627025,3.1339993,5.1029935
10.712368,3.2081769,6.100202
10.252646,1.625624,5.2082777
10.677672,1.5011971,5.0012984
10.467104,3.2392836,5.494519
9.377771,5.1460643,5.523233
8.47149,5.966204,5.311169
8.549256,5.389235,4.3058844
8.967103,4.104588,3.0080771
9.441181,2.6778677,2.2564318
9.995419,1.9704895,2.0602202
10.066007,1.8984057,2.2229323
9.719945,2.07697,2.5124638
9.115458,2.225325,2.7101707
8.207083,2.1678972,2.6168506
7.233802,2.2289143,2.1008983
6.2377896,2.2851455,1.5693926
5.833103,2.292324,1.3070793
5.3629136,2.268396,0.86919284
5.575875,2.1966112,0.663111
6.3681984,2.3198416,0.7516454
7.6145597,2.8692935,0.9290134
8.9108715,3.5288153,1.1288141
10.105488,3.9681973,1.230509
10.739885,3.972983,0.9936196
10.987842,3.7588253,0.44177487
10.82842,3.4007993,-0.30418757
10.116256,2.8525436,-0.7049854
8.422437,3.1280174,1.3848461
11.395818,5.4406805,3.2799616
14.380266,5.8414783,3.956233
11.236695,5.3700924,5.0395837
8.447561,4.3740797,3.6257246
6.3370914,3.1722846,3.5072799
6.491728,2.992524,3.1339993
9.0747795,2.8609185,3.35055
11.4353,2.3389843,3.9658043
12.223136,1.9657038,3.946662
11.2343025,1.9438694,3.2189445
9.902099,2.2097716,2.3282163
8.770891,2.181058,1.570589
7.7880397,1.7608184,1.1467602
6.9966135,1.3968102,1.0103694
6.431608,1.1718849,0.8811569
5.9769716,0.9290134,0.84017986
5.4023952,0.67028946,0.77318084
4.982156,0.5027919,0.90508515
5.171189,0.3915256,1.1970096
6.320342,0.42741793,1.495215
7.778468,0.55064833,1.9331015
8.977871,0.71336025,2.5088747
9.951151,1.0725827,3.045166
10.610673,1.4114662,3.2584262
11.364711,1.5993029,3.1914272
12.097513,1.5514464,3.144767
12.594024,1.3836497,3.2871401
12.928122,1.2843475,3.610171
12.987942,1.6746768,4.339384
11.738291,0.4872385,4.5918264
10.907383,-0.27038896,4.558327
11.008181,0.4764708,5.0180483
11.389835,2.3485553,7.029216
10.864312,4.8302116,7.752147
9.890134,6.067899,7.791629
9.12144,6.687939,6.4677997
8.530113,6.0248284,4.189533
8.326724,4.8972106,2.746063
8.284849,4.045964,2.213361
8.708678,3.283551,2.2085752
9.434002,2.5785656,2.6611178
9.673285,1.8349959,3.3182468
9.044869,1.5275182,3.4474592
8.341081,1.6100706,3.1770704
7.327122,2.2037897,2.42034
6.875776,2.5785656,2.1918256
6.7011,2.7269206,2.0518453
6.597012,2.798705,1.8828523
6.134898,2.6479573,1.7847466
5.905187,2.3569303,1.8326031
5.9123654,2.1966112,1.969293
6.0116677,2.1619153,1.9462621
6.2258253,2.219343,1.7297117
6.7058854,2.2899313,1.4521443
7.207481,2.3509483,1.2281163
7.7270226,2.2815564,1.1096715
8.175976,2.1367905,1.1455638
8.662915,2.1068804,1.1778669
9.47468,2.1894326,1.1144571
10.372288,2.312663,1.16351
10.822437,2.4131618,1.326222
10.0779705,2.3928227,1.4581263
9.542876,2.6659036,1.4015958
10.0576315,3.2787652,1.0917253
9.752248,3.4151561,0.39511484
9.18126,2.9303105,-0.61046886
8.5372925,1.8014964,-0.8234301
9.606286,1.6016957,4.8361936
14.720047,4.597809,8.902496
15.944573,6.498906,12.564114
10.265807,5.872585,7.785647
6.9678993,5.1089754,4.0387855
5.4813585,2.6659036,1.7560327
5.569893,0.16749759,1.1623136
6.6676,-0.689432,1.7117655
8.3015995,-0.6439684,2.844169
10.180862,0.18305093,4.362116
10.915758,1.1503495,4.9642096
9.536894,1.8218354,4.88405
8.172386,2.4849463,4.3130627
7.5053873,2.7149563,3.7145581
7.2469625,2.396412,3.3086755
7.396514,1.7967107,3.1028929
8.082356,1.332204,3.173481
8.792427,1.3286148,3.4857445
9.253045,1.5323038,3.700201
9.462716,1.7021942,3.7133617
9.389735,1.9055841,3.5324044
9.0436735,1.9247267,3.161517
8.617452,1.7691933,2.6946175
8.478668,1.4521443,2.4598217
8.810373,1.1084751,2.6132615
9.404092,1.0606186,2.6252255
9.903295,1.2173486,2.475375
10.119845,1.2987045,2.219343
9.801301,0.8775677,1.442573
9.344272,0.17108682,1.2879368
9.136993,-0.68105716,1.2149557
9.439984,-1.0199406,1.5538392
10.373485,-0.3580261,2.719742
11.7311125,1.0486546,3.9275193
12.42533,2.2241287,4.7979083
12.0278225,2.5833511,4.99412
11.002198,2.5378876,5.130511
9.375379,2.6671,5.1436715
7.8000035,3.1603205,4.3465624
7.4156566,3.5419757,3.3170505
8.607881,3.6293137,2.498107
10.644173,3.7767715,2.091327
11.158929,3.1698918,2.0458634
9.867402,1.9594226,2.4658036
9.55125,1.8960128,2.6647072
9.12503,2.4729822,3.0463624
8.72782,2.8836503,3.1591241
8.65454,3.3146574,3.1663027
8.4451685,3.5359936,2.8178477
8.024929,3.6197424,2.5570302
7.6193457,3.6607196,2.3150558
7.157232,3.4881372,2.2935205
6.8805614,3.3409786,2.2372892
7.19432,3.53719,2.0721843
7.81795,4.0220356,2.070988
8.217851,4.3357944,2.085345
9.257831,3.9215372,2.0027926
9.955936,3.411567,2.0350957
10.244272,2.9207392,2.0195422
10.074382,2.6084757,1.8361923
9.58475,2.4646072,1.442573
9.042477,2.4538395,0.8668
8.606684,2.5821548,0.3807579
8.446364,2.7855446,0.0634098
8.245368,2.992524,-0.0526421
8.287242,3.214159,-0.086141616
8.415258,3.2991042,-0.041874398
8.788837,3.399603,0.09092726
9.103494,3.5216367,0.3293122
9.401699,3.696612,0.4645067
10.000204,3.9526439,0.7636095
10.928918,4.4841495,1.4617156
11.879467,5.154439,2.7556343
12.432508,5.0682974,3.3804603
10.14138,3.2045877,4.4805603
10.414461,2.868097,3.8174493
10.091131,0.75523466,3.1220353
9.945169,-1.7548363,3.0188448
9.279665,-2.695814,3.6041892
8.944371,-1.7165512,5.445466
9.194421,0.031106694,6.5455666
9.625428,1.3429717,6.884151
9.350254,2.2671995,6.77767
8.442776,2.65035,6.181558
7.5053873,2.71376,5.329115
7.339086,2.815455,4.833801
7.664809,2.7041886,4.354937
7.6193457,2.292324,3.9681973
7.089036,1.9163518,3.8318064
7.062715,1.7105691,3.9143589
7.4443703,1.2999009,4.0591245
8.027322,0.7480562,4.0734816
8.567203,0.35204405,4.1751766
8.740981,0.10049855,4.3058844
8.766106,0.049052864,4.4231324
8.831908,0.03708875,4.6815577
8.985049,0.046660043,4.989334
9.046066,-0.111266255,5.061119
9.256635,-0.5805586,4.82064
9.709177,-1.2891332,4.493721
10.185648,-1.89362,4.304688
10.43839,-2.2564318,4.200301
10.670493,-1.9522442,4.5726843
11.087144,-0.57457656,5.4167523
10.870295,-0.8596215,5.306383
10.700404,-2.1667008,5.1329036
11.847164,-0.3149553,6.602994
13.157832,3.6089747,8.922835
12.696018,6.936793,10.406087
10.388141,7.636095,10.101899
7.3989067,6.5611196,7.9447694
5.3425746,5.8968124,5.4035916
5.6620164,5.4705906,3.3792639
7.612167,4.9881377,3.289533
8.755338,4.688736,3.944269
9.189635,4.965406,4.56072
8.414062,5.0850472,5.0419765
7.4994054,4.983352,5.0252266
6.5982084,4.9725847,4.418347
5.9817576,4.906782,3.708576
5.942276,4.752146,3.0200412
6.417251,4.4111686,2.4945176
6.79442,4.1548376,2.3222344
7.6073813,3.7253258,2.292324
8.177173,3.4570305,2.4705894
8.411669,3.4055848,2.5953152
8.355437,3.557529,2.4598217
8.068,3.7731822,1.9163518
8.207083,3.8126638,1.4270196
8.811569,3.618546,1.2221341
9.449555,3.2967114,0.9828519
9.200403,2.7113671,0.49800622
7.9686975,2.2037897,0.91465646
7.376175,3.6029928,4.4410787
11.062019,6.63769,4.6672006
12.767802,7.036394,6.448358
9.4280205,6.855437,6.0224357
6.8745794,5.4442697,5.181957
6.0583277,4.071089,4.627719
6.7238317,3.8318064,3.7839499
9.518948,3.0583265,4.1344986
10.749456,2.6012974,4.1835513
10.730314,2.4119651,3.775575
9.780962,2.4466612,3.1950164
8.878569,2.3437698,2.6539395
8.184351,2.015953,2.292324
7.70788,1.6016957,2.14038
7.4252276,1.3034902,2.0482562
7.2409806,1.204188,1.9558334
7.0085773,1.3202399,1.9980069
6.8135624,1.5574285,2.2731814
6.867401,1.8361923,2.646761
7.1452675,2.0662024,2.9458637
7.7353973,2.1008983,3.0296125
8.562417,2.0470598,2.9063823
8.999406,1.9728823,2.7723842
9.83151,1.6519449,2.6036901
10.761421,1.454537,2.5558336
11.312069,1.5526428,2.7939196
11.446067,1.8122641,3.045166
11.570793,2.695814,4.7138605
10.821241,3.403192,6.3861446
11.129018,3.5970106,6.2473607
11.253445,3.6870406,5.8821564
10.566405,4.9259243,5.510072
8.861818,5.9350977,4.575077
8.324331,5.8893347,4.267599
8.706285,4.968995,3.8210387
9.127422,2.8908288,2.7640092
8.949157,1.9824536,2.0135603
8.868998,2.0075781,1.7285153
8.536096,2.4311078,1.8242282
8.1015,2.9219356,2.1224337
7.534101,3.2727833,2.382055
7.0986075,3.4187453,2.5331018
6.9296145,3.5096726,2.5438695
6.451947,3.653541,2.3174486
6.039185,3.5706897,1.9319052
6.0379887,3.4630125,1.5454643
6.216254,3.214159,1.2795619
6.91765,2.780759,1.1682956
7.7964144,2.5905297,1.0941181
8.7984085,2.6012974,1.1718849
9.734302,2.6515465,1.0366904
10.366306,2.7269206,0.9086744
10.830812,2.8022945,0.90149593
11.211571,2.9973094,0.79112697
11.434103,3.187838,0.34127632
10.245468,2.707778,0.0741775
9.294023,2.501696,0.48125646
10.278968,4.210171,3.6364923
13.575679,6.579066,3.4965122
13.746766,6.4773707,4.794319
12.231511,6.283253,4.8026943
8.717052,5.4263234,3.1112676
6.6759753,4.019643,2.9327033
6.2198434,3.5706897,2.9159534
7.740183,3.539583,3.030809
9.419645,3.3481572,4.020839
9.959526,3.3960135,4.3070807
9.480662,3.5611184,3.6631124
8.750552,3.4558342,2.815455
8.397312,2.9362924,2.3629124
8.17119,2.5905297,1.9908284
8.125427,2.1942184,1.7931215
7.839485,1.5669997,1.7847466
7.4419775,0.95653087,1.6351951
7.292426,0.48245287,1.5251254
7.5786676,0.3807579,1.5406786
8.032107,0.5099703,1.6698911
8.236993,0.74566334,1.8445672
8.363812,1.0845468,1.9055841
8.384151,1.4365909,1.9884356
8.649755,1.7632111,1.928316
9.164511,1.8816559,1.9354944
10.0265255,1.8768703,2.0087745
10.943574,1.5658033,2.2002003
11.607882,1.1503495,2.5845475
12.154941,0.9936196,3.14716
12.407384,1.3417753,3.740879
12.097513,2.3856442,5.0539403
11.484352,3.1950164,5.8354964
11.335998,2.498107,4.459025
11.55165,2.4059832,3.9071803
11.374283,3.49053,4.558327
9.92483,5.0659046,5.195117
8.311171,5.870192,5.154439
7.8442707,5.7194443,4.26401
8.108678,4.6875396,3.144767
8.509774,3.226123,1.9414765
8.7577305,2.0338993,0.9936196
9.157332,1.7344973,0.7109674
9.395718,2.213361,1.0582259
9.257831,2.4251258,1.582553
8.831908,2.3341985,2.012364
8.35783,2.2851455,2.2779672
7.719844,2.5112674,1.9558334
7.129714,2.7568307,1.3597214
6.6448684,2.7305098,0.92662054
6.222236,2.5929224,0.669093
6.309574,2.4311078,0.474078
6.8865438,2.3844478,0.43698925
7.620542,2.5088747,0.49441698
8.390134,2.7376883,0.57577294
9.235099,2.9303105,0.54346985
10.207183,2.9662027,0.42981076
10.848759,2.8669007,0.2620141
11.070394,2.8980074,0.01794617
11.236695,3.0188448,-0.2321038
11.300105,2.9626136,-0.49082774
11.003395,2.856133,-0.34486556
10.7997055,3.313461,0.7827521
11.394622,4.4446683,2.3174486
12.352348,5.745765,3.321836
12.239886,6.3047886,3.6077783
10.4922285,6.1013985,3.9538403
8.244171,5.1675997,3.781557
7.254141,4.2951164,3.2440693
7.416853,3.4067812,3.3349965
8.397312,3.0212376,3.7384863
9.796515,2.7532415,4.0292144
10.522139,2.396412,4.377669
10.245468,2.3150558,4.0064826
9.603892,2.2983062,3.2297122
8.723035,2.3234308,2.43709
8.044071,2.2911277,1.901995
7.740183,1.9007984,1.6292131
7.426424,1.2484552,1.4210376
7.19432,0.6439684,1.2999009
7.157232,0.40827537,1.2795619
7.1560354,0.4621139,1.5299109
7.172785,0.65952176,1.879263
7.422835,0.9062816,2.225325
7.7796645,1.2197413,2.248057
8.177173,1.4880366,2.2241287
8.52772,1.5753746,2.359323
9.35504,1.7021942,2.5004997
10.385748,1.806282,2.766402
11.039288,1.6651055,3.0140593
11.424532,1.4377873,3.2596226
11.701201,1.2580265,3.484548
11.938091,1.2783655,3.6894333
12.05175,1.5634105,4.0591245
11.814861,2.3569303,5.0946183
11.855539,2.0805593,4.6325045
12.11187,1.6351951,4.162016
12.044572,2.2289143,4.7018967
10.653744,3.7636108,5.0742793
9.141779,4.933103,4.9642096
8.490632,4.983352,4.210171
8.457132,4.1021953,3.0391839
8.813962,2.9985058,1.9163518
9.089137,2.4478576,1.4760724
9.2075815,2.6312077,1.8218354
9.02453,2.8920252,2.1044874
8.763713,2.8573294,2.1128623
8.375776,2.6012974,2.14038
7.687541,2.3988047,1.9645073
7.0603223,2.347359,1.5837495
6.6364937,2.353341,1.1001002
6.3622165,2.2839491,0.67148584
6.5108705,2.1308086,0.3999005
6.936793,1.995614,0.38913277
7.582257,2.0434706,0.5913263
8.524132,2.510071,0.8847462
9.3765745,3.275176,1.1096715
9.957133,3.9035912,1.1383854
10.222736,3.9801614,0.8452646
9.994222,3.53719,0.38793638
9.735498,2.8322048,-0.16510476
9.722338,2.2612174,-0.5386842
9.544072,2.0805593,-0.1902294
10.237094,2.5331018,0.35204405
11.221142,3.6257246,1.378864
12.790534,4.968995,2.4335005
12.985549,5.610571,3.030809
11.369496,5.1269217,3.3852458
9.486645,4.5619164,2.8932216
7.926823,3.958626,2.4825535
7.7677007,3.522833,2.7029922
8.852247,2.8788648,3.4630125
10.024133,2.416751,4.148855
10.14497,1.8038892,3.7995033
10.002597,1.3549358,3.1304102
9.660124,1.1587243,2.6156542
8.678469,1.0917253,2.053042
7.7880397,1.3417753,1.3226327
8.53131,1.989632,1.8014964
8.806784,1.9007984,2.2839491
8.540881,0.8488538,1.8684953
7.5786676,1.0570294,0.99960166
7.18116,0.994816,1.7009978
7.129714,1.3776677,2.1176481
6.7872415,1.4222339,1.887638
7.3139615,0.927817,1.7967107
8.470293,0.49202415,1.8649062
9.885348,-0.1052842,1.4473586
8.597113,-0.11485548,1.0426725
8.695218,0.36281174,0.9696914
10.34477,0.9804591,1.8565313
10.568798,1.5311074,2.0602202
10.355538,1.698605,1.9740787
9.560822,1.6651055,1.0426725
8.896515,1.6160526,0.2416751
11.528918,1.4162519,3.4127634
12.717553,1.5622141,3.3003006
11.034502,1.1742777,3.202195
11.860325,1.6495521,3.8150566
12.480365,2.4394827,4.6911287
11.175678,3.0499516,5.4167523
11.84836,3.478566,6.2497535
9.926026,5.471787,3.9227335
8.134998,5.3593245,3.5694933
8.864211,4.162016,2.716153
9.081959,3.610171,1.6758732
9.238688,3.0355947,1.9103698
9.032906,2.5232315,1.8780667
9.308379,2.3485553,2.2025933
10.3340025,2.6048865,2.7065816
9.682856,2.7125635,2.367698
7.8957167,2.6096723,2.3042881
7.5257263,2.0410776,2.1571295
7.8897343,2.003989,1.9788643
5.7433724,2.347359,1.657927
5.9733825,2.193022,0.8330014
7.5520473,2.2648067,0.8572287
7.8143606,2.3485553,1.0594223
7.9423766,2.1738794,0.6966105
7.5735826,1.8397815,0.24885355
7.559226,2.254039,0.22253251
8.108678,2.7125635,0.21535404
8.576774,2.7388847,0.37238303
9.532108,2.6838498,0.27876383
10.239487,2.5630121,0.2644069
9.939187,2.9973094,1.8026928
13.564912,3.498905,4.2364926
13.99233,5.0802617,5.0862436
11.558829,4.8326044,4.4817567
10.062417,4.2281175,4.599005
9.006584,3.5132618,2.9303105
7.470691,2.551048,2.4011974
8.228618,2.5004997,2.82383
8.995817,2.7209384,3.8437705
9.02453,3.3182468,5.034798
8.949157,2.94706,4.7895336
8.876176,2.03031,3.7516468
8.706285,1.3908281,2.951846
8.656933,1.3752748,2.6659036
9.12503,1.4497514,2.9650064
8.891729,1.9055841,3.1172497
8.241778,2.329413,3.3074791
7.6588273,2.309074,3.0188448
7.8000035,1.759622,3.0415766
8.048857,1.358525,3.712165
6.715457,1.9486549,5.6321063
6.927222,2.160719,4.3836513
8.296813,-0.022731815,4.05075
7.821539,-0.2632105,4.662415
6.7118673,0.31136605,4.685147
7.0579295,0.6164509,4.2245283
7.6959157,0.45732823,3.39721
6.6185474,1.3345969,3.5120654
8.011768,0.8979067,5.3856454
10.093524,0.6643074,6.387341
10.707582,1.7679968,7.294819
11.9153595,1.3573287,6.116952
15.233606,0.5063811,4.8242297
14.6434765,1.2113664,3.8497524
13.58884,0.7959126,3.8868413
17.363218,0.7576275,3.7133617
14.68894,0.84406817,4.199105
20.449062,3.958626,0.541077
20.281565,2.5809584,3.97059
14.182559,2.461018,8.394919
11.814861,4.6600223,8.426025
3.4630125,2.5618157,-3.6161532
8.5576315,4.56072,4.2795634
9.357432,5.5340004,1.9932213
7.5496545,6.1253266,4.1907296
5.884549,5.7349977,6.1013985
4.5918264,4.5224347,6.2342005
3.4677982,3.4869409,2.032703
1.332204,2.9877381,-2.9602208
0.6762715,2.8633113,-4.4350967
-0.7360921,2.2743778,-0.24646074
-1.8014964,1.4473586,3.0236306
-2.6611178,0.53629136,1.879263
-2.8585258,-0.11246266,0.4034897
-3.4917264,-1.6710875,1.8696918
-7.5786676,-1.5299109,2.7448666
-8.580363,-1.0091729,0.4668995
-4.0124645,-2.1260228,-4.909175
-6.9188466,-0.104087785,-0.9828519
-9.277272,-1.7416757,4.5858445
-11.844771,-2.8465617,5.401199
-10.703993,-3.016452,3.8234315
-8.173583,-2.172683,3.8006997
-7.218249,-1.7871394,4.9307103
-6.808777,-1.698605,9.202796
-5.872585,-1.189831,12.017055
-4.703093,-2.2325034,12.705589
-4.0184464,-2.4765713,12.698411
-3.2380872,-1.7967107,15.035002
-0.33290145,-1.7476579,16.865211
1.8744774,-2.0685952,12.202797
0.19501504,-0.50159544,8.56122
-2.8776684,-0.0849452,9.994222
-1.8026928,0.14117654,12.644572
-1.3740784,0.18305093,14.405391
0.0023928226,0.020338992,12.213565
2.6132615,1.759622,8.8701935
4.9139605,2.4526432,8.154441
5.209474,2.2911277,6.6759753
4.7341995,1.9211375,1.7333009
6.0523458,1.631606,-0.13399807
4.6707897,1.5789639,8.520542
2.9614172,1.2077773,13.008281
2.4418755,1.0893325,12.832409
2.495714,1.3764713,10.5018
3.708576,1.6328024,9.319147
5.300401,1.7117655,12.462419
4.5188456,0.78873414,15.503098
3.828217,0.65353966,13.540983
3.909573,1.1240284,10.504192
3.3278182,1.7871394,8.593523
3.9945183,1.6148561,6.875776
2.8250263,1.2173486,4.5535417
2.2241287,1.2197413,3.3326037
1.6100706,0.8353942,6.2174506
0.9194421,1.4042878,10.658529
1.84696,0.31256247,10.343575
2.3988047,-1.5131612,10.241879
0.96729857,-1.785943,11.005788
0.817448,-1.5993029,12.802499
2.1667008,-1.3704891,13.101602
3.106482,-1.4186447,12.698411
0.5937191,-1.9091734,11.811272
-1.2939188,-1.7955143,10.04806
-0.5721837,-1.0307083,8.919247
2.3306093,-0.16869399,8.82473
3.789932,0.8365906,10.763814
2.8393831,2.5570302,12.835998
0.44656053,3.0858438,11.251052
-0.22253251,1.7321045,9.603892
-0.031106694,0.52911294,8.283653
0.1268196,0.5303093,7.2996044
0.27517462,0.77318084,7.8693953
0.5386842,0.25603202,10.05165
1.9510478,-0.40468612,11.582757
1.8984057,-0.13160525,11.018949
1.8696918,0.7719844,8.379366
0.75643104,2.7927232,6.369395
0.3364907,3.519244,6.073881
0.1160519,3.409174,6.8410797
0.23449662,3.063112,8.991031
-0.29102704,2.4658036,9.486645
-0.71336025,3.2309089,9.084352
-0.1268196,2.7963123,8.567203
-0.111266255,2.4119651,9.276076
-0.35563326,2.510071,10.730314
-0.5458627,3.0667014,10.93849
-0.14356937,3.5503507,10.039685
0.1794617,3.5814574,8.7984085
0.15194423,3.2799616,8.014161
-0.15194423,3.4354951,8.3733835
-0.31136605,3.6173496,8.683254
0.18424734,3.7301114,8.9013
0.5985048,3.6667016,9.147761
0.49082774,3.391228,9.449555
0.14237295,3.2321053,9.569197
0.1471586,3.3146574,9.044869
0.19740787,3.5216367,8.88814
0.47527438,3.7791643,9.377771
0.7612167,3.9909291,9.378967
0.6415756,3.9167516,9.186047
0.38434714,3.83061,9.041281
0.3915256,3.9047875,9.064013
0.50039905,3.9861434,9.436396
0.5769694,4.0148573,9.807282
0.55423754,4.078267,9.776176
0.62841505,4.0184464,9.675677
0.43100718,3.8700914,9.418449
0.12083755,3.7707894,8.886943
-0.08255238,3.7384863,8.399705
0.04546363,3.8461633,8.4248295
0.17826529,3.9227335,8.807981
-0.0035892338,3.801896,9.006584
-0.18783657,3.6041892,9.300004
-0.1471586,3.5814574,9.667302
0.010767702,3.7348971,9.654142
0.20578274,3.9358943,9.245867
0.2644069,3.9825542,8.782856
0.18544376,3.8904305,8.703893
0.18544376,3.9251266,8.79482
0.26799613,4.0363927,8.595916
0.4034897,4.1380877,8.552845
0.24885355,4.169194,8.744571
0.20817557,4.0651064,8.664112
0.27038896,4.0902314,9.026923
0.44177487,4.1141596,9.7450695
0.54346985,3.9622152,9.693624
0.34247273,3.8928235,9.004191
0.15194423,3.6281173,8.700303
-0.078963146,3.6894333,9.132208
-0.13040884,3.7719858,9.490233
-0.15433706,4.54397,7.829914
-1.3058829,5.5866427,6.2808604
-0.887139,3.996911,8.082356
-0.56859446,3.8808591,9.412467
-1.311865,5.517251,7.6863446
-0.97567344,5.309973,8.216654
-0.48006004,4.2855453,9.861421
-0.5159524,4.304688,9.687641
-0.53389853,4.604987,8.835498
-0.23928227,4.6564326,8.426025
-0.10049855,4.5008993,8.796016
