0.61046886,3.4869409,9.61466
0.87996054,3.5036905,8.930014
0.9625129,3.6257246,8.673683
1.2604194,3.7540395,8.515757
1.6998014,3.905984,8.643773
1.9908284,4.0591245,9.049655
1.8696918,4.1608195,9.300004
-0.13998012,5.2274203,9.573982
-1.6124634,6.5001025,9.593125
1.3908281,4.699504,8.300403
1.6435701,4.8242297,9.1669035
1.9657038,4.631308,8.935996
1.6770695,4.476971,8.096714
2.0578275,4.658826,8.342277
2.510071,4.7485566,9.501001
2.547459,4.65404,10.507782
2.3605196,4.084249,10.778171
3.0678978,4.540381,10.67169
4.005286,4.7823553,10.528121
4.2927237,4.6037908,9.766604
3.8066816,4.23051,9.367003
3.8066816,3.6041892,10.092328
3.4917264,3.254837,11.284552
2.746063,2.882454,11.225927
2.3772693,2.7855446,9.590733
2.475375,3.1363924,8.219047
2.3246272,3.712165,7.2290163
2.5785656,3.4666018,7.231409
2.6551359,3.3936207,8.382955
2.530709,3.382853,8.630612
2.4227328,3.458227,7.876574
2.1475582,3.72054,6.7441707
2.268396,3.8126638,6.1803617
2.1332014,4.068696,6.808777
1.7907287,4.078267,8.078768
1.4306089,4.0351963,7.774879
1.3836497,4.1703906,6.3514485
1.582553,4.243671,6.2605214
1.8840487,4.4602213,6.6017976
2.687439,4.308277,7.500602
3.0786655,4.8397827,8.317152
3.3756745,4.6576295,8.56122
2.658725,4.362116,7.4766736
0.9828519,4.057928,7.099804
1.3238292,4.0244284,6.9391856
3.3649068,3.3553355,5.6189456
3.1710882,3.3529427,3.9717865
1.7775681,1.9740787,2.9183464
3.3026934,1.9199411,6.9786673
3.394817,1.7871394,11.3371935
2.4658036,1.6160526,14.7762785
1.5370895,-0.17228323,11.266605
-0.52313083,-0.26799613,9.922438
-0.82941216,-0.033499517,8.859426
1.4401802,1.372882,5.302794
3.075076,3.1375887,2.6084757
-2.4358935,5.725426,3.2177482
-12.594024,7.4479594,6.3825555
-9.608679,4.020839,0.106480606
-7.542476,-2.5004997,1.0606186
-4.872086,-5.4143596,2.4514468
-6.7322063,-7.1345,2.1882362
-5.877371,-8.664112,4.358526
-7.9016986,-9.202796,3.112464
-10.359127,-8.664112,14.88545
-8.712267,-9.886545,8.329117
-12.796516,-9.487841,-0.33170503
-12.792927,-12.40858,-4.788337
-12.282957,-13.133904,-5.0156555
-12.891033,-12.613167,-1.5119648
-11.977572,-11.514562,1.7416757
-12.270992,-10.105488,2.9015965
-12.294921,-8.969496,3.5754752
-11.417354,-8.226225,3.795914
-11.702398,-6.9990063,7.451549
-14.015061,-5.480162,9.6015
-15.596418,-5.445466,6.2880387
-14.398212,-5.386842,1.332204
-12.899407,-6.597012,-0.41545382
-11.050055,-7.481459,-1.0606186
-9.4686985,-7.6660056,-3.301497
-7.880163,-7.1153574,-4.0794635
-7.426424,-5.8618174,-1.6292131
-9.940384,-4.825426,-1.393221
-12.352348,-5.3569317,-0.7193423
-12.830016,-7.6683984,-1.6124634
-10.945967,-7.8574314,-2.8704898
-9.865009,-6.0690956,-5.58425
-7.9651084,-3.315854,-3.1387851
-8.210671,-4.039982,-3.0846474
-4.243671,-2.6766713,4.4985065
-5.6644096,-4.2388854,2.1511476
-7.4216385,-3.6293137,0.2656033
-5.4143596,-2.3138595,1.5897316
-2.9004002,-2.9398818,3.7229328
-4.7102714,-5.296812,3.0957143
-5.0623155,-8.599505,0.95413804
-7.998608,-7.129714,-1.9043877
-9.987043,-3.3577285,-2.9685955
-8.973084,-2.539084,4.866104
-6.36102,-2.547459,5.857032
-3.051148,-3.0595229,2.5438695
-1.5801603,-4.9809594,-1.1216356
-3.7229328,-5.1771708,-1.1754742
-5.3964133,-5.384449,-0.008374879
-4.328616,-6.410073,1.6148561
-4.106981,-7.8670025,2.1714866
-3.612564,-7.1919274,4.068696
-4.377669,-7.049555,4.679165
-7.177571,-7.7353973,4.030411
-10.049257,-8.53131,5.580661
-10.040882,-10.289736,7.5774713
-10.116256,-12.43849,8.82832
-9.399306,-10.989038,3.5742788
-9.578768,-8.88814,4.634897
-8.601898,-8.354241,5.77089
-6.71426,-8.970692,3.4558342
-3.1806595,-10.67169,1.4676976
-0.1698904,-10.392926,1.0522437
-0.42981076,-9.658928,-1.5227325
-1.3680964,-8.909675,-3.6329029
0.6942177,-7.2493553,-1.5346966
0.40468612,-6.0511494,-1.5681962
-0.05503492,-5.539983,-1.5335002
-2.1511476,-4.171587,-1.041476
-1.8302102,-2.428715,-2.3437698
-2.7472596,-2.9195428,-3.6041892
-4.6169515,-5.6213384,-2.5618157
-2.9303105,-6.363413,-0.84765744
-2.2552354,-4.9007998,-0.9385847
-2.6623142,-4.267599,0.69302124
-2.5136602,-4.208975,-1.5502499
-0.4034897,-4.091428,-2.3808584
0.53988063,-4.023232,-1.9704895
0.63559353,-7.5676007,-0.77677006
-2.1738794,-11.123036,0.38434714
-11.462817,-19.897217,-2.9303105
-13.753047,-27.780073,-5.773283
-4.6002016,-22.441088,-3.1052856
1.8110676,-13.749458,-1.5263218
4.2975097,-8.927621,-2.3186452
1.4162519,-8.417651,-3.2237303
-3.6053855,-9.416057,-4.253242
-4.9307103,-10.272985,-5.3183475
-4.784748,-10.133006,-1.0031909
-6.7441707,-9.93799,3.8425741
-8.271688,-9.731909,4.8792644
-7.8023963,-9.894919,1.8984057
-9.340682,-10.239487,-0.008374879
-9.995419,-10.036097,0.89312106
-9.676874,-9.861421,5.5710893
-7.7126656,-11.077573,3.3110683
-5.154439,-12.596416,-3.5120654
-2.795116,-12.930514,-5.1388855
-1.6196418,-13.032209,-4.243671
-1.625624,-13.14228,-3.2847474
-2.0757737,-11.169696,-1.3417753
-3.4151561,-8.129017,0.831805
-3.313461,-7.0722866,0.5171488
-2.6563323,-7.0878396,-1.468894
-3.0798619,-7.0148587,-3.531208
-4.7629137,-7.1213393,-3.4737802
-6.8255267,-7.0025954,-0.26679972
-6.006882,-6.320342,2.652743
-2.199004,-6.1528444,1.1108679
0.101694964,-6.7932234,-0.3149553
2.1870399,-7.1416783,0.12083755
2.8812575,-6.4845495,1.5167505
1.4617156,-5.791229,3.5994034
-1.6782659,-5.985347,5.5160546
-6.235397,-6.687939,8.637791
-11.672488,-7.912466,10.5233345
-16.501204,-8.647362,8.412866
-17.52952,-8.405686,2.5809584
-18.721743,-6.9391856,4.7919264
-12.9688,-5.6596236,6.5742803
-7.6085777,-4.8637114,2.8872397
-3.688237,-4.2687955,-0.27517462
-0.73130643,-4.133302,-0.85124665
-5.6787663,-14.326427,9.3358965
-10.449158,-21.151955,17.966509
2.8022945,-8.376973,-13.689339
4.901996,-4.9235315,-7.5532436
2.9805596,-4.4255257,-3.8353956
0.7600203,-6.9451675,-1.5658033
-0.9385847,-10.897812,-0.9589237
-3.3876386,-13.949259,-2.1499512
-4.686343,-14.995521,-3.1028929
-7.1045895,-13.344772,-3.816253
-10.724332,-10.631012,-3.5443685
-9.782158,-8.3733835,-0.45134616
-8.827123,-6.1695943,3.1555347
-8.033304,-5.2130632,4.2771707
-6.235397,-5.81755,1.378864
-4.9582276,-7.245766,-0.7540382
-4.2508492,-8.4679,-0.8102696
-3.6077783,-8.921639,0.16869399
-3.437888,-8.605488,0.97567344
-3.708576,-8.035697,0.887139
-4.139284,-7.7665043,0.21894327
-4.651647,-8.045268,-0.3293122
-5.077869,-8.636594,-0.62721866
-4.927121,-8.9013,-0.9290134
-4.534399,-9.140582,-1.2352947
-4.316652,-9.211171,-1.5897316
-5.1197433,-9.060423,-1.9908284
-6.629315,-9.2075815,-2.12363
-7.827521,-9.820743,-1.8409779
-7.8693953,-10.246665,-0.8859426
-7.140482,-10.488639,1.1096715
-7.8957167,-11.137393,4.534399
-8.345866,-10.362717,3.9215372
-7.455138,-9.814461,0.8138588
-6.2521462,-9.419645,2.044667
-6.340681,-9.577572,3.7181473
-6.9212394,-11.481959,1.3489537
-5.752944,-11.772986,-1.5538392
-4.9570312,-11.292927,-2.780759
-4.699504,-11.455638,-3.144767
-5.181957,-11.926127,-2.8058836
-5.3279185,-12.328421,-1.8720846
-5.7696934,-11.696416,-0.81625164
-6.2808604,-10.336395,-0.6762715
-6.177969,-9.289237,-1.4353945
-6.033203,-8.743374,-1.7500507
-5.3533425,-8.618649,-0.52313083
-2.2025933,-8.512167,0.9098708
-1.0546366,-8.2609215,0.24047868
1.1060823,-7.481459,-0.3364907
1.9187447,-6.521638,-0.0011964113
2.0003998,-5.8067822,0.3269194
2.3724837,-5.63091,0.17587246
2.5271199,-5.6356955,0.20697916
1.6651055,-5.372485,0.54705906
-0.6655038,-5.2345986,1.1359925
-3.6245282,-5.486144,1.8649062
-6.4618177,-5.8594246,3.263212
-9.364611,-6.4411793,4.302295
-11.146964,-7.27448,3.022434
-11.394622,-6.282057,1.372882
-9.374182,-4.7569313,0.4441677
-7.3845496,-5.0084767,1.1563315
-5.553143,-7.4276204,1.6842481
-5.8713884,-13.860724,0.25842485
-7.8311105,-20.220549,-0.31615168
-0.67148584,-18.156738,9.466306
1.623231,-8.550452,4.4339004
1.4102699,-5.144868,0.4429713
0.09212367,-4.5224347,-0.3711866
-0.47527438,-5.358128,-0.97567344
-0.7253244,-7.4395847,-2.2145574
-2.201397,-9.668499,-3.9610188
-3.8748772,-10.915758,-5.5220366
-4.5008993,-10.476675,-5.3796635
-4.7425747,-9.0544405,-3.944269
-4.7799625,-8.093124,-2.5630121
-5.5160546,-8.00459,-1.8278174
-6.775277,-7.9830546,-1.8086748
-8.010572,-7.858628,7.068697
-6.576673,-7.908877,10.933704
-5.9291153,-7.878967,0.51475596
-5.006084,-7.7760754,-1.9366908
-4.2556353,-8.056036,-1.9223338
-3.728915,-8.4679,-1.9414765
-2.94706,-8.773284,-2.1044874
-2.3856442,-9.188439,-2.4299114
-1.9163518,-9.455538,-2.321038
-1.7883358,-9.492626,-1.9271195
-2.5208387,-9.713963,-1.7141583
-3.789932,-10.025329,-1.879263
-4.942674,-10.0983095,-1.6902301
-5.8079786,-9.579965,0.16151553
-7.3247294,-8.819944,4.406383
-7.815557,-8.1015,4.4398823
-6.6628146,-7.966305,0.31016964
-6.7130637,-8.452347,-1.1455638
-8.078768,-9.81805,-1.1407782
-9.690035,-10.222736,-0.78753775
-10.397712,-8.883354,-0.05623133
-11.156535,-7.663613,2.801098
-10.012168,-8.166405,3.7552361
-8.369795,-10.940883,-0.2321038
-5.873781,-13.515859,-2.5749762
-3.135196,-14.3671055,-3.185445
-2.03031,-13.634303,-3.0643084
-1.8780667,-12.075977,-2.6814568
-1.407877,-10.183255,-1.9980069
-2.0961127,-8.755338,-1.5669997
-3.9287157,-7.9651084,-1.8696918
-5.313562,-7.428817,-2.4921248
-6.8542404,-6.8781686,-2.6168506
-7.3438716,-6.2748785,-0.82701933
-4.1524444,-6.792027,1.6567305
-0.9290134,-7.626524,0.994816
1.2675978,-8.143673,-0.30299118
2.675475,-8.102695,-0.2548356
2.8872397,-7.6253276,0.013160525
2.0865414,-7.300801,0.18783657
1.4736797,-7.3343005,0.48364928
0.34606197,-7.585846,1.1563315
-0.8066803,-8.545667,3.2033913
-3.042773,-10.761421,9.350254
-11.708381,-11.796915,12.500704
-17.591732,-10.159327,6.506085
-17.092531,-5.654838,0.79950184
-13.785351,-3.1495528,0.4214359
-9.429216,-4.7775693,0.41904306
-9.339486,-10.295717,-1.637588
-10.797313,-14.767903,-2.638386
-6.6221366,-13.182958,-1.4270196
0.05503492,-8.455936,-0.20817557
0.3173481,-7.379764,-0.5901299
1.2149557,-5.9123654,-1.0055838
2.3198416,-5.877371,-2.2241287
2.754438,-7.945966,-3.3290145
2.082952,-10.109077,-2.4358935
0.31136605,-11.467603,-1.7285153
-2.024328,-11.191232,-1.4258232
-4.7282176,-10.226326,-0.061016977
-6.183951,-9.1669035,2.6407788
-6.107381,-8.2094755,3.6017964
-5.651249,-7.8263245,2.1595225
-5.944669,-7.513762,-0.10049855
-6.177969,-7.339086,-2.082952
-6.230611,-7.3582287,-2.8393831
-5.837889,-7.1488566,-2.7831519
-5.252545,-7.158428,-2.5725834
-4.7042894,-7.7437725,-2.1918256
-4.019643,-8.47149,-1.8684953
-3.330211,-8.921639,-1.6136597
-2.626422,-9.080762,-1.5131612
-2.5040889,-9.576375,-1.5669997
-3.295515,-10.231112,-1.183849
-4.979763,-10.024133,0.0849452
-6.5659056,-9.486645,2.0817556
-7.3235326,-8.860622,2.5004997
-6.9990063,-8.314759,0.7265208
-6.765706,-8.18794,-1.1551352
-8.225029,-8.87139,-1.5849459
-10.261022,-9.597911,-0.124426775
-11.08834,-8.412866,1.5897316
-10.980663,-7.4096746,2.9817562
-9.442377,-8.520542,2.7819555
-7.2996044,-10.651351,0.1591227
-5.293223,-13.007085,-1.7344973
-4.351348,-13.9420805,-2.292324
-2.6491537,-14.339588,-2.6108687
-1.7057835,-13.202399,-2.3665016
-1.5382859,-11.52533,-2.0267208
-1.8170497,-9.727123,-1.5143577
-3.374478,-8.3733835,-0.5913263
-5.526822,-7.4252276,-0.79950184
-7.16441,-6.8949184,-2.6419754
-8.440383,-6.3287168,-2.0757737
-6.192326,-6.926025,0.6726823
-2.5462625,-8.033304,0.7001997
-0.047856454,-8.642576,-0.34606197
1.4676976,-8.648559,-0.29102704
2.2576282,-7.804789,0.7049854
2.428715,-6.710671,1.5442679
2.2815564,-6.335895,1.6866409
1.3597214,-6.6939216,1.582553
0.3077768,-6.987042,1.3645071
-0.8138588,-7.3977103,1.8397815
-2.0267208,-8.4248295,3.3840494
-4.7629137,-10.223933,6.2234325
-12.834802,-11.708381,10.642976
-19.15634,-10.247861,6.020043
-17.530716,-2.7329025,0.08733802
-12.077174,-1.6399808,2.0877378
-7.0002027,-2.658725,1.2723835
-5.471787,-6.4268227,-0.68345
-7.0675006,-13.6355,-1.907977
-9.979865,-18.282661,-2.1619153
-5.0515475,-14.893826,-2.3377876
2.2504497,-11.197213,-0.63918275
3.5156546,-9.390931,1.1144571
2.8537402,-8.418847,0.14955142
2.8405795,-7.9615192,-0.64636123
2.481357,-7.4659057,-1.1443675
0.9732806,-8.107481,-2.012364
-1.4126626,-9.170493,-2.8692935
-3.571886,-10.4683,-4.199105
-6.195915,-10.762617,-2.341377
-6.5144596,-9.646963,0.42622152
-5.873781,-7.9746795,1.1826526
-6.602994,-6.5515485,0.70977104
-8.522935,-5.8821564,0.5422734
-9.378967,-5.858228,0.52313083
-7.8239317,-6.3861446,-0.062213387
-5.192724,-7.096215,-0.6667002
-3.8533418,-7.7629147,-0.95413804
-3.5001013,-8.248957,-1.1970096
-3.2201412,-8.356634,-1.7847466
-2.856133,-8.49781,-2.841776
-2.4562325,-9.067601,-3.757629
-2.367698,-9.843474,-3.362514
-2.7448666,-10.493424,-2.12363
-3.7971103,-10.422836,-1.2867404
-5.386842,-9.74148,-0.6583253
-6.923632,-8.913264,0.811466
-8.82114,-7.9447694,2.8106692
-9.442377,-8.079964,2.1367905
-9.733106,-9.387342,-0.23090738
-10.201201,-9.455538,-1.2616158
-10.723136,-8.885747,-1.2460624
-10.599905,-8.119446,2.2648067
-8.314759,-9.363414,5.2238307
-6.96431,-11.63181,1.3010973
-5.5866427,-13.701303,-1.4856437
-3.5790644,-14.339588,-2.3712873
-2.0231316,-13.471592,-2.6359932
-1.434198,-12.276975,-2.7568307
-0.9421739,-10.689636,-2.0662024
-1.6483557,-8.955139,-0.8389834
-3.382853,-8.083553,-0.57936215
-4.505685,-7.7461653,-1.582553
-5.657231,-7.2613196,-2.2408783
-6.634101,-6.5611196,-1.2544373
-5.0970116,-6.4905314,0.6643074
-2.1463618,-6.9559355,0.84137625
0.18065812,-7.1010003,-0.058624156
1.6351951,-6.9990063,-0.3065804
2.361716,-6.6556363,-0.008374879
2.4598217,-6.4363937,0.22492532
2.199004,-6.5443697,0.35563326
0.74207413,-6.7226353,0.57577294
-1.0893325,-7.3343005,1.5526428
-4.325027,-9.195618,6.629315
-9.715159,-11.04168,11.767004
-16.804195,-11.292927,6.222236
-17.517555,-7.0002027,1.4222339
-16.678572,-3.1387851,0.62961143
-12.127423,-2.874079,1.6435701
-8.5887375,-5.860621,0.31136605
-7.637292,-12.554543,-1.84696
-9.15494,-17.91626,-2.3868406
-6.116952,-16.370794,-1.3956138
1.5155541,-9.875777,1.9740787
2.6599214,-6.741778,1.0941181
1.1539388,-6.3598237,0.15074782
1.2149557,-6.3394847,-1.4928222
1.8218354,-7.2589264,-1.989632
0.71216387,-9.062816,-2.7975087
-1.7739788,-10.652547,-3.4390843
-3.4103706,-11.191232,-3.4594233
-4.6408796,-10.435997,-2.626422
-5.608178,-9.368199,-0.85124665
-5.4586267,-8.489435,0.19621146
-6.63769,-7.4682984,-0.14356937
-8.655737,-6.6101727,-0.33050862
-9.164511,-5.905187,0.019142581
-7.888538,-5.7026944,-0.09930214
-5.9063835,-6.562316,-0.55423754
-4.5008993,-7.7090764,-0.78035927
-3.6595232,-8.393723,-0.9613165
-2.7628129,-8.592327,-1.198206
-1.785943,-8.867801,-1.9450657
-1.2879368,-9.382557,-3.2679975
-1.4449657,-9.964312,-3.5946178
-2.0757737,-10.342378,-2.6623142
-3.301497,-10.330414,-1.7009978
-4.523631,-9.957133,-1.1850454
-6.369395,-9.357432,-0.59611195
-7.795218,-8.76132,0.32333016
-8.433205,-7.7593255,0.85483587
-8.748159,-7.2003026,0.5458627
-9.037691,-7.7736826,0.2727818
-9.97149,-9.61466,0.023928227
-11.053644,-10.04806,-0.05383851
-10.883454,-9.199206,1.5502499
-9.31795,-9.522537,4.2281175
-7.75454,-11.335998,0.77318084
-6.640083,-12.929318,-1.698605
-5.3940206,-13.889438,-2.6228328
-3.5838501,-13.597215,-3.0008986
-2.2241287,-12.752249,-2.9243283
-1.0031909,-11.686845,-1.9728823
-0.05503492,-9.718748,-0.52911294
-1.7835501,-8.286046,0.4010969
-3.5096726,-8.044071,0.56380886
-4.362116,-7.912466,-0.21894327
-4.9917274,-7.481459,-1.2616158
-4.165605,-7.359425,-0.56380886
-1.7943178,-7.57119,0.78394854
0.92542416,-7.624131,0.9194421
2.2277179,-7.0543404,0.77677006
2.1296122,-6.2401824,0.4776672
1.1443675,-6.0104713,-0.40827537
0.033499517,-6.0320067,-1.1994023
-0.7588239,-6.066703,-1.2017952
-2.0554347,-6.3598237,-0.56141603
-4.526024,-7.681559,2.2660031
-10.462317,-10.038489,10.119845
-16.803,-11.588739,7.111768
-19.037895,-8.493025,-0.85244304
-18.664316,-3.4761732,-0.49082774
-15.350855,-0.79950184,3.716951
-11.018949,-4.7138605,2.3234308
-9.175279,-12.696018,-1.6914265
-9.418449,-17.590536,-3.0786655
-5.543572,-15.795022,-1.3692927
1.7057835,-10.369895,0.91465646
2.9590242,-7.5125656,-0.16390835
3.4342988,-6.443572,-1.0426725
3.9406798,-6.492924,-2.1834507
3.5419757,-7.9423766,-1.7177476
1.5071791,-9.966704,-1.1252248
-1.7213368,-10.834402,-1.6567305
-3.5359936,-10.726725,-2.4765713
-5.2609196,-9.912866,-3.004488
-6.7381887,-9.098708,-0.60329044
-5.8932233,-8.351849,1.0390832
-6.296414,-7.2696943,0.92542416
-7.7593255,-6.4471617,-0.63559353
-8.763713,-6.0248284,-1.7177476
-6.853044,-6.4845495,-1.1862419
-5.172385,-7.3977103,-0.8560323
-4.304688,-8.0404825,-0.80189466
-3.5443685,-8.433205,-0.8679964
-2.725724,-8.743374,-1.1012967
-2.0793629,-9.380164,-2.0147567
-1.8768703,-10.154541,-3.234498
-2.0338993,-10.587941,-3.1459637
-3.0667014,-10.455139,-2.0207388
-4.682754,-10.133006,-1.1479566
-6.8219376,-9.294023,-0.12323037
-9.255438,-7.896913,3.106482
-10.016953,-6.727421,4.1847477
-9.566804,-7.093822,0.85842514
-10.845169,-8.733803,-0.48125646
-12.002698,-9.406485,0.1591227
-11.713166,-8.586345,2.5606194
-10.2682,-9.4686985,2.1080768
-9.158528,-11.72154,-0.71694946
-7.2326055,-14.509479,-1.5394822
-4.6839504,-16.170994,-1.954637
-1.6854445,-16.137495,-2.0386848
-0.0023928226,-14.341981,-1.7009978
0.15433706,-11.359925,-0.28265217
-0.8560323,-8.516953,1.3597214
-2.5052853,-7.4096746,0.5063811
-3.461816,-7.2302127,-1.372882
-4.2867417,-7.242177,-2.1834507
-5.064708,-7.083054,-1.462912
-3.9861434,-6.882954,0.15553348
-1.9558334,-6.587441,0.60687965
-0.38913277,-6.168398,0.11485548
0.68823564,-5.9697933,-0.12921242
1.698605,-6.026025,-0.23928227
2.2995026,-6.410073,-0.24885355
2.0015962,-6.8051877,0.034695927
1.0749756,-7.0148587,0.2440679
-1.1347961,-7.689934,1.5430715
-2.9530423,-9.098708,4.3178487
-10.79492,-11.770594,13.050156
-18.921843,-13.674981,9.245867
-19.527527,-8.538488,1.3417753
-18.287447,-2.3724837,0.8847462
-12.535399,-1.2221341,2.0673988
-8.166405,-4.4949174,0.4322036
-8.216654,-11.824432,-2.1332014
-9.839885,-16.686947,-2.8752756
-4.6025944,-14.969199,-2.251646
2.0961127,-10.2347,-0.49082774
4.0902314,-8.112267,-0.09212367
2.8896325,-7.5197444,0.033499517
2.3377876,-7.382157,-1.3980067
1.4964114,-8.241778,-1.6483557
-0.9732806,-9.453145,-2.3282163
-3.0056844,-10.160523,-3.2488549
-4.392026,-10.253843,-4.2999024
-6.5551376,-9.529716,-1.4353945
-6.7908306,-8.782856,0.9086744
-7.300801,-7.1895347,3.868895
-8.3123665,-6.194719,3.106482
-8.159226,-6.224629,0.5422734
-7.312765,-6.4411793,-1.3046865
-5.9769716,-6.869794,-2.009971
-4.5655055,-7.50778,-1.8242282
-4.0495534,-8.100303,-1.5299109
-3.2380872,-8.417651,-1.358525
-2.6012974,-8.542078,-1.4808581
-2.4466612,-8.62822,-1.8098712
-2.62044,-9.221938,-2.4239295
-3.3481572,-9.663713,-2.3928227
-4.3908296,-9.792926,-1.8122641
-5.8043895,-9.606286,-0.28265217
-7.7162547,-8.987442,2.4071796
-8.252546,-8.263314,2.4215364
-8.12782,-7.986644,-0.37836507
-9.845867,-8.172386,-1.6220347
-12.207582,-8.878569,-0.5267201
-13.89542,-8.1484585,4.5822554
-13.2717905,-8.23819,6.1731834
-10.854741,-9.698409,0.20937198
-8.941978,-11.656935,-1.428216
-6.863812,-15.07568,-0.8811569
-3.667898,-16.718054,-1.2161521
-0.78634137,-16.109978,-1.8852451
0.4860421,-14.453247,-2.3712873
0.39391842,-11.520544,-1.6280167
-1.082154,-8.154441,0.89431745
-3.144767,-6.586244,1.9151554
-3.4283166,-6.401698,0.71336025
-3.531208,-6.1767726,-1.5406786
-4.3812585,-5.843871,-1.657927
-4.595416,-5.9973106,0.11246266
-2.7508488,-6.265307,1.8900307
-1.1910275,-5.9973106,1.2963116
-0.1160519,-5.7349977,0.101694964
0.8500503,-5.6991053,-0.07776674
1.623231,-6.053542,0.2644069
1.1395818,-6.748956,0.36281174
0.101694964,-7.224231,0.16749759
-1.1072787,-7.7629147,0.76600236
-3.4630125,-9.509377,4.426722
-10.663315,-12.2889385,13.521841
-17.287844,-13.156636,9.164511
-17.500805,-8.075178,2.9781668
-16.730019,-2.6838498,1.7560327
-12.630216,-1.3453646,2.716153
-7.734201,-2.8082764,1.244866
-6.06431,-7.5233335,-1.2604194
-7.8957167,-15.222838,-2.3162522
-8.9013,-18.630816,-2.477768
-3.051148,-14.267504,-1.372882
3.4450665,-9.052048,1.8038892
3.246462,-7.574779,2.1475582
1.0809577,-7.66122,1.0307083
1.0713863,-7.667202,-1.0019945
1.5251254,-8.259725,-2.847758
-0.7013961,-9.310772,-3.9418762
-2.8525436,-10.070792,-3.8234315
-4.132106,-10.265807,-3.7767715
-5.6991053,-9.753445,-1.9103698
-6.0320067,-9.145369,-0.3065804
-6.983453,-7.511369,2.099702
-10.110274,-5.8043895,4.674379
-9.408877,-5.596214,2.4382863
-7.511369,-6.155237,-1.3956138
-5.857032,-6.8578296,-2.4514468
-4.7799625,-7.565208,-2.103291
-4.2161536,-8.216654,-1.5227325
-3.382853,-8.33151,-1.189831
-2.4418755,-8.573184,-1.1766706
-1.9920249,-8.853444,-1.6471593
-1.7668004,-9.467502,-2.0027926
-2.5259235,-10.060024,-1.6399808
-3.4283166,-10.180862,-1.3680964
-4.735396,-9.857831,-0.35204405
-6.1253266,-9.243474,0.8703892
-6.8111696,-8.749356,0.70259255
-7.1751776,-8.308778,-0.50159544
-8.184351,-8.169993,-1.2939188
-9.856635,-8.760123,-1.4796617
-11.562418,-9.195618,-1.0366904
-12.032608,-8.611469,0.049052864
-12.48515,-7.9998045,6.261718
-9.921241,-9.359825,5.5220366
-7.859824,-10.924132,-0.44775695
-6.2700925,-13.058531,-1.5406786
-4.0423746,-14.320445,-1.2568301
-2.0518453,-13.878671,-1.244866
-1.3561323,-13.106387,-1.352543
-0.086141616,-11.834003,-0.8895318
-0.20578274,-9.368199,0.44057846
-1.5346966,-7.9770727,0.7612167
-3.2679975,-7.416853,-0.7001997
-3.8126638,-7.251748,-2.3401806
-4.694718,-6.908079,-2.7640092
-4.6767716,-6.4666033,-0.86081797
-3.0499516,-6.4570317,1.5634105
-1.1407782,-6.48096,1.4533406
0.35682967,-6.5754766,-0.106480606
1.3956138,-6.792027,-0.50039905
1.5071791,-7.050751,0.061016977
1.1670992,-7.150053,0.52911294
0.68105716,-7.19791,0.750449
-0.6966105,-7.652845,1.3704891
-2.5148566,-9.24467,4.610969
-9.380164,-11.328819,12.169298
-16.486847,-11.694023,9.105886
-17.735601,-7.6755767,1.3908281
-18.326927,-2.577369,0.602094
-14.296218,-1.2376875,1.8457636
-9.067601,-3.441477,1.1359925
-8.160422,-9.059227,-0.9206385
-9.073584,-14.651852,-2.0470598
-6.6819572,-16.130316,-3.3804603
-1.3561323,-11.869896,-3.6571302
4.0974097,-9.283255,-1.2735798
2.8322048,-8.387741,0.81864446
1.9764715,-8.270493,0.54466623
2.2911277,-8.392527,1.0259227
0.9936196,-9.065208,0.7085746
-2.507678,-9.953544,-1.9884356
-4.401597,-10.329217,-2.1511476
-4.8792644,-9.668499,-0.31016964
-4.834997,-9.092726,0.28384858
-4.5798626,-8.405686,0.09092726
-5.5220366,-7.669595,-1.5933207
-8.027322,-6.8099732,-2.868097
-9.202796,-5.9961143,-2.3856442
-8.532506,-5.539983,-1.0582259
-6.79442,-6.1731834,0.01794617
-5.02403,-7.272087,0.12083755
-4.2448673,-8.001,-0.24646074
-3.5587256,-8.320742,-0.53988063
-3.1220353,-8.539685,-0.96729857
-2.5052853,-9.158528,-2.3318057
-2.1834507,-9.815658,-3.4893336
-2.408376,-10.470693,-3.3146574
-3.222534,-10.786546,-2.0231316
-4.475775,-10.350753,-1.0067801
-5.8103714,-9.529716,-0.25962126
-7.600203,-8.499007,1.2867404
-10.252646,-7.5460653,3.8294137
-11.630613,-8.076375,2.9039893
-11.796915,-8.806784,-0.06580263
-12.039786,-8.17119,0.4214359
-11.429317,-8.509774,3.571886
-8.983852,-10.216755,1.2604194
-7.643274,-12.5449705,-0.3711866
-5.4777694,-15.356836,-0.71336025
-2.3557339,-16.199709,-0.9708878
-0.019142581,-14.758332,-1.2400804
0.48006004,-12.119048,-1.3980067
0.05623133,-9.515358,-0.4549354
-1.5885352,-7.7294154,0.3173481
-3.260819,-7.0675006,-0.4657031
-4.148855,-6.914061,-1.7835501
-5.083851,-6.7166533,-2.1391835
-5.703891,-6.2904315,-0.69182485
-4.0351963,-6.2066827,1.8397815
-1.6495521,-6.367002,2.1678972
-0.062213387,-6.434001,0.6619146
0.57577294,-6.4328046,-0.1268196
0.5697909,-6.4328046,0.011964113
0.2428715,-6.5312095,0.4848457
-0.38554356,-6.73101,0.48245287
-0.91465646,-6.869794,0.30897322
-1.9776679,-7.2768726,0.73130643
-2.7125635,-8.113463,2.3030918
-7.640881,-10.427622,9.6122675
-19.307087,-13.1231365,13.690535
-19.593328,-9.105886,1.617249
-18.300606,-2.6539395,0.49441698
-12.704392,-1.1754742,2.309074
-7.54128,-4.9342995,0.7683952
-7.949555,-11.801701,-1.7380866
-9.746265,-16.818552,-2.5259235
-2.5833511,-16.902302,0.52193445
2.9865417,-11.430513,1.6495521
3.3936207,-7.78445,-0.4668995
2.6312077,-6.1241302,-1.3070793
2.085345,-5.742176,-2.7376883
1.0797613,-7.268498,-3.1627133
-0.79710907,-9.510572,-3.4857445
-3.1806595,-10.863115,-3.9418762
-4.229314,-10.926525,-3.8808591
-4.7198424,-9.98824,-4.4339004
-5.918348,-9.487841,-2.4251258
-7.7677007,-8.05125,4.2664027
-10.849956,-5.779265,10.182058
-8.513364,-5.898009,2.3784657
-6.63769,-6.443572,-2.652743
-4.6695933,-7.3510504,-3.1926236
-4.237689,-7.882556,-2.5869403
-3.73729,-8.059625,-1.7344973
-3.3146574,-8.109874,-1.3513466
-2.8585258,-8.2681,-1.3154542
-2.896811,-8.59472,-1.474876
-3.2536407,-8.962317,-1.7739788
-3.67388,-9.485448,-1.7560327
-4.2038903,-9.991829,-1.5155541
-4.778766,-9.945169,-1.1216356
-5.8211393,-9.322736,-0.26919255
-7.069894,-8.576774,0.32452658
-8.274081,-7.752147,0.5697909
-10.446765,-7.470691,1.4246268
-12.862319,-8.515757,2.7508488
-13.074084,-8.845069,2.6455646
-12.914961,-9.101101,3.2775688
-10.377073,-10.863115,2.5785656
-8.134998,-12.184851,0.18185452
-5.5423756,-13.937295,-1.5000007
-2.8585258,-14.703297,-2.542673
-1.8912272,-14.64228,-2.699403
-0.75523466,-14.483157,-2.2528424
0.16151553,-11.920145,-0.11246266
-1.718944,-8.093124,2.268396
-2.638386,-6.4761744,1.2855439
-1.7572291,-6.4666033,-0.6008976
-2.6144578,-6.836294,-2.3581266
-4.2460637,-6.5718875,-1.5382859
-4.200301,-6.3071814,1.4222339
-2.5259235,-6.1899333,2.6898317
-1.2807583,-6.492924,0.8775677
0.009571291,-6.59103,0.3364907
1.5311074,-6.3047886,0.21296121
1.5789639,-6.043971,-0.63798636
0.84017986,-6.1731834,-1.3621143
-0.07058827,-6.478567,-1.2879368
-1.3010973,-7.0196443,0.11485548
-6.163612,-9.24467,7.347461
-18.760029,-12.853944,18.11606
-20.789143,-11.358729,3.0068808
-19.620846,-4.314259,-0.4118646
-14.376677,0.039481573,2.9578278
-7.8311105,-0.93260264,1.5789639
-6.6556363,-6.832705,-0.9529416
-10.519746,-17.621643,-2.3174486
-9.30479,-22.032812,-2.6036901
-2.152344,-17.211275,-3.0068808
4.9055853,-9.319147,-1.5466608
5.58425,-6.910472,0.91346
4.633701,-6.067899,0.4334
3.388835,-6.4387865,-1.2771691
1.0295119,-8.133802,-1.9103698
-1.2161521,-9.631411,-2.6024938
-3.0535407,-10.682458,-2.9123642
-4.188337,-11.320444,-4.4350967
-6.7118673,-10.713564,-2.8334012
-7.489834,-9.41486,0.9182457
-8.087142,-7.443174,3.9047875
-9.946365,-4.7979083,5.593821
-8.866604,-5.319544,-0.42382872
-7.068697,-6.1648083,-3.2380872
-5.044369,-7.245766,-2.559423
-4.5284166,-7.9890366,-1.631606
-3.682255,-8.270493,-1.2568301
-2.9111679,-8.433205,-1.2999009
-2.5004997,-8.729017,-1.7093726
-2.3772693,-9.387342,-2.4382863
-2.5929224,-10.012168,-3.0188448
-3.4019957,-10.6357975,-2.341377
-4.4231324,-10.485049,-1.3046865
-5.580661,-10.045668,-0.7815557
-9.077172,-8.774481,3.2775688
-11.49871,-7.474281,6.9020967
-9.997811,-8.64138,0.2416751
-12.61556,-9.270094,-2.8393831
-14.089239,-9.031709,-1.1359925
-12.056536,-9.405289,4.2652063
-9.113065,-10.924132,3.4977086
-7.3749785,-12.450455,0.5135596
-3.956233,-14.546567,-2.0183458
-1.759622,-14.22204,-2.2217357
-0.54346985,-12.7857485,-2.1571295
-0.11365908,-10.719546,-1.6076777
-1.0666007,-8.532506,-0.32452658
-2.8094728,-7.6827555,0.3077768
-3.4450665,-7.912466,-0.33290145
-3.8330028,-8.221439,-1.5215361
-4.447061,-7.9830546,-2.2612174
-4.610969,-7.3977103,-1.7285153
-3.374478,-6.4160547,1.6543378
-1.7021942,-6.1564336,2.164308
0.30538398,-6.3681984,0.2105684
1.6363916,-6.597012,-0.85842514
2.082952,-6.5515485,-0.72293156
1.8948164,-6.4005013,-0.18903299
1.3274183,-6.6556363,0.27756742
0.09451649,-7.2876406,1.0462617
-2.1164517,-8.415258,3.4055848
-7.589435,-10.584352,10.899008
-15.379568,-12.092728,10.847563
-18.462122,-9.153743,2.8692935
-18.905094,-3.626921,1.4569299
-14.049757,-1.3010973,2.632404
-8.258529,-2.9195428,1.6507485
-7.4012995,-9.942777,-1.3716856
-11.066805,-19.149162,-2.874079
-9.55484,-19.321445,-3.5491543
1.8337995,-11.481959,-0.5135596
5.050351,-8.118249,0.2632105
4.1344986,-7.3163543,0.29222345
2.9159534,-6.4088764,-1.9319052
2.882454,-7.2122664,-2.382055
1.1383854,-9.12144,-3.266801
-2.091327,-10.263414,-3.5036905
-4.0160537,-10.962717,-3.9011981
-5.877371,-10.339985,-2.9207392
-7.986644,-8.916854,1.9331015
-9.221938,-6.6999035,8.005786
-7.1129646,-6.100202,4.8433723
-6.005686,-6.5886374,-0.96490574
-5.575875,-6.8015985,-2.8022945
-5.4849477,-7.2003026,-3.5252259
-4.618148,-7.6289167,-2.6048865
-3.5419757,-7.912466,-1.7177476
-3.1076784,-8.2346,-1.5382859
-2.856133,-8.610273,-1.9247267
-2.565405,-9.005388,-2.539084
-2.6862426,-9.472287,-2.5761726
-3.1842487,-9.882956,-2.0374885
-3.9693937,-10.038489,-1.6088741
-5.022834,-9.836296,-0.63918275
-6.798009,-9.202796,1.8266209
-7.556833,-8.579166,2.333002
-7.8227353,-8.341081,0.20338993
-9.945169,-8.545667,-1.6734804
-12.6167555,-8.908479,-1.7763717
-13.403396,-7.7497544,0.3281158
-13.337593,-7.0519476,6.1863437
-10.852348,-8.992228,3.3553355
-8.695218,-11.44846,-0.6547361
-6.25095,-14.65903,-1.3202399
-3.4474592,-16.124334,-1.6076777
-1.582553,-15.610775,-1.7608184
-0.6798607,-13.879867,-1.5741782
-0.069391854,-10.883454,-0.8246265
-1.3166506,-8.001,-0.04546363
-2.6838498,-6.984649,-0.45972106
-2.856133,-6.9391856,-1.2412767
-3.5527434,-6.8805614,-2.4191437
-4.77398,-6.650851,-1.9884356
-4.627719,-6.3143597,-0.043070808
-2.864508,-6.143273,1.590928
-1.0139586,-6.148059,0.72771716
0.62721866,-6.311967,-0.70618176
1.9474585,-6.562316,-1.2628121
2.5534408,-6.893722,-0.84406817
2.477768,-7.030412,-0.13280165
1.6794624,-7.467102,0.6092725
-0.49441698,-8.98146,3.5443685
-4.9378886,-11.630613,9.086744
-14.459229,-12.859926,11.351551
-19.04627,-10.1700945,5.8079786
-19.50958,-4.2556353,2.489732
-15.991234,-1.2293127,1.50359
-11.380264,-3.7432718,-0.39870408
-10.4348,-11.99193,-3.2560334
-13.225131,-17.745173,-4.418347
-7.2098737,-13.513466,-4.0328035
-1.5693926,-10.510175,-3.0008986
3.4283166,-8.403294,-2.024328
3.8641095,-8.729017,-3.5060835
5.1053863,-9.4686985,-4.476971
6.059524,-9.955936,-2.1571295
3.141178,-9.879367,0.68464637
-1.2783655,-9.636196,0.9349955
-4.1368914,-10.176077,-1.0175478
-6.2030935,-10.197612,-1.1156535
-6.906883,-8.922835,1.806282
-6.7465634,-7.929216,4.0292144
-4.9642096,-7.2158556,2.3940191
-5.18076,-7.0818577,-1.3082758
-7.1476603,-6.897311,-3.5671003
-7.7976108,-6.9906316,-3.4857445
-6.623333,-6.9248285,-2.461018
-5.959026,-6.739385,-1.9944177
-5.508876,-6.9798636,-1.9103698
-5.0922256,-7.699505,-1.8948164
-4.5451665,-8.342277,-1.9872392
-3.9658043,-8.88814,-1.9800607
-3.6448672,-9.407681,-1.8146569
-3.6113675,-10.29811,-1.3561323
-3.9538403,-10.54487,-1.1467602
-4.79073,-9.948758,-1.2209377
-5.7696934,-9.035298,-1.3058829
-6.914061,-8.488239,-0.99601245
-8.819944,-7.748558,0.63559353
-13.357932,-7.339086,6.808777
-13.747963,-8.105088,6.230611
-12.847962,-7.068697,1.6698911
-12.679268,-7.383353,-0.22013968
-9.81805,-10.800902,-0.7085746
-7.6181493,-14.047364,-1.0546366
-5.034798,-15.66581,-2.0578275
-3.4761732,-15.680167,-2.0350957
-2.3246272,-15.617953,-2.3449662
-0.5805586,-13.617554,-2.2707887
-0.9816555,-9.670892,-0.45613182
-2.923132,-7.2098737,0.5051847
-3.2105699,-6.087042,-0.42382872
-3.4606197,-5.6524453,-1.8170497
-4.194319,-5.5746784,-1.913959
-4.281956,-5.72423,-1.198206
-2.416751,-6.0571313,-0.5805586
-0.60807604,-6.2880387,-0.38793638
0.73489565,-6.5312095,-0.55423754
1.6830516,-6.7537417,-0.53389853
2.5725834,-7.001399,-0.6439684
2.7305098,-6.983453,-0.85244304
1.1312069,-7.079465,-0.34606197
-1.061815,-8.695218,2.6802604
-7.947162,-11.738291,14.856438
-17.035103,-13.088441,13.706088
-15.61915,-9.593125,2.3521447
-15.498312,-3.5479577,1.2843475
-12.475579,-0.5135596,3.234498
-9.294023,-2.2899313,0.92542416
-10.11506,-11.486745,-2.7041886
-11.692827,-20.730518,-3.8712878
-7.0746794,-16.785053,-3.7480576
0.29940194,-9.53809,-1.6495521
3.1866415,-7.003792,-0.16031912
2.4717858,-6.4821568,-0.1794617
1.84696,-6.658029,-1.7751753
2.8310082,-7.9854474,-2.1978076
1.0223335,-9.766604,-2.2755744
-2.2947168,-10.866705,-2.32702
-5.124529,-10.636994,-2.024328
-6.471389,-9.404092,0.11365908
-7.0603223,-8.1891365,2.6838498
-7.3546395,-6.930811,4.7485566
-6.7704916,-6.3777695,2.085345
-6.847062,-6.43759,-1.0845468
-6.7262244,-6.465407,-3.1304102
-6.5718875,-6.6568327,-2.8082764
-5.5579286,-7.0579295,-1.6651055
-4.668397,-7.4192457,-1.1467602
-4.037589,-7.681559,-1.3357933
-3.39721,-8.047661,-1.7368901
-2.9374888,-8.664112,-2.5271199
-2.5941188,-9.358628,-3.202195
-2.5725834,-9.970294,-2.7448666
-3.0810583,-10.540085,-1.5693926
-4.0220356,-10.488639,-1.0666007
-5.8944197,-9.675677,-0.62961143
-7.3163543,-8.533703,0.29222345
-9.3765745,-7.711469,2.3174486
-11.077573,-8.008179,2.6252255
-11.616257,-9.196814,0.023928227
-12.8467655,-8.477471,-0.8282157
-14.56571,-7.6049886,2.888436
-11.386247,-9.383753,3.1890345
-8.426025,-11.636596,-0.68105716
-6.77767,-13.304094,-2.3341985
-4.412365,-15.002699,-2.2360928
-2.6742785,-14.878272,-2.3748765
-1.1001002,-14.230415,-2.219343
-0.046660043,-11.831611,-1.1802598
-1.0019945,-8.946764,0.38673997
-2.085345,-7.4324064,-0.02632105
-2.7795627,-6.9738817,-2.0027926
-3.9155552,-6.7202425,-2.9937203
-4.9582276,-6.2497535,-2.1535404
-4.415954,-5.8833528,-0.07776674
-2.6192434,-6.1181483,0.9170493
0.2739782,-6.6125655,0.70378894
2.0434706,-6.5742803,0.12921242
2.778366,-6.276075,0.18185452
2.5028925,-6.1157556,-0.021535404
1.3429717,-6.4292154,-0.31375888
-0.8210373,-6.7645097,-0.15074782
-2.7233312,-8.062017,2.3174486
-11.029716,-11.02493,15.499509
-21.248863,-12.801302,12.727124
-19.224535,-9.734302,-0.34486556
-15.617953,-2.341377,2.062613
-8.907282,-1.3692927,3.917948
-5.938687,-3.9167516,1.21017
-8.1230345,-13.551751,-2.2181466
-12.316457,-21.76003,-4.12732
-4.493721,-16.150656,-1.8972093
4.53081,-8.090732,0.98883396
4.9881377,-6.3550377,-0.7325028
1.7919251,-6.7381887,-1.8266209
0.8859426,-7.681559,-2.894418
0.31016964,-8.7577305,-3.2991042
-2.3306093,-9.548858,-4.3800616
-3.4677982,-9.585947,-4.9486566
-5.195117,-9.364611,-5.0515475
-8.108678,-9.032906,2.7089744
-8.2011,-8.115856,8.637791
-6.8410797,-7.093822,4.979763
-5.667999,-6.798009,1.061815
-4.496114,-7.0196443,-1.0378869
-4.2341,-7.370193,-2.8932216
-4.362116,-7.764111,-4.019643
-3.24048,-8.418847,-3.394817
-2.8286154,-8.792427,-2.271985
-3.1028929,-8.87139,-1.332204
-3.6690943,-8.672486,-0.6870392
-4.3334017,-8.773284,-0.5087739
-4.896014,-9.025727,-0.7253244
-5.4981084,-9.174082,-0.3269194
-6.5898337,-9.133404,1.7727824
-7.650452,-8.781659,3.2560334
-7.6289167,-8.23101,1.4306089
-7.2433734,-7.882556,-0.8775677
-8.734999,-8.339884,-1.4210376
-13.414164,-9.370592,1.779961
-16.477276,-8.246564,5.5830536
-14.250754,-7.5257263,0.124426775
-11.4018,-9.30479,-3.1663027
-9.301201,-13.967205,-2.876472
-5.703891,-16.483257,-2.8142586
-2.5462625,-16.19612,-2.5642085
-1.3250256,-14.724833,-2.7556343
-1.1084751,-12.279367,-3.153142
-1.3130615,-7.550851,-3.3936207
-2.6108687,-5.933901,-3.7360935
-4.145266,-5.3653064,-3.2727833
-6.6711893,-5.4023952,-1.4976078
-8.270493,-6.2138615,0.8739785
-5.3533425,-6.8853474,0.87278205
-2.0207388,-7.1691957,-0.78753775
0.36041892,-7.4096746,-1.6471593
1.6806588,-7.673184,-1.21017
2.3377876,-7.64447,-0.37238303
2.43709,-7.440781,-0.14237295
2.9865417,-7.342675,-0.09810573
2.2025933,-7.8311105,-0.08853444
0.3065804,-8.786445,1.3453646
-0.95054877,-11.095519,7.966305
-12.098709,-13.669,17.854046
-19.000807,-12.172887,7.3438716
-17.134705,-5.9709897,0.622433
-14.669798,-1.7823538,1.9187447
-10.286146,-2.4622145,0.8488538
-10.179666,-6.8805614,-2.0015962
-13.710874,-15.847665,-3.999304
-11.02493,-13.557734,-4.662415
-2.874079,-9.202796,-4.7727838
2.3665016,-7.6588273,-3.917948
4.9115677,-7.650452,-3.6364923
4.389633,-8.863015,-3.181856
2.3641088,-10.118649,0.18065812
1.2556337,-10.729117,4.723432
-2.1176481,-9.767801,3.2093735
-5.11735,-9.254242,1.3154542
-6.4737816,-9.186047,2.9159534
-5.775676,-8.95155,3.423531
-3.321836,-8.403294,0.8739785
-2.4131618,-7.8897343,-1.8290138
-3.8437705,-7.2637124,-4.6097727
-5.933901,-6.8051877,-6.210272
-6.430412,-6.721439,-4.878068
-5.762515,-7.0579295,-3.2763724
-4.770391,-7.6624165,-2.6491537
-4.162016,-8.199904,-2.5004997
-3.7109687,-8.539685,-2.5331018
-3.065505,-9.590733,-2.349752
-2.1774685,-10.884651,-0.5877371
-2.1678972,-11.778969,3.9574296
-4.2664027,-11.318051,4.54397
-5.890531,-10.407283,3.1722846
-7.079465,-9.205189,1.9211375
-7.166803,-8.153244,-0.48963133
-8.5983095,-8.585149,-2.3030918
-12.235101,-10.198809,-2.3353949
-15.486348,-9.345468,-0.039481573
-14.97877,-8.302795,2.774777
-11.404193,-8.022536,1.4880366
-9.068798,-9.989436,-2.3665016
-6.228218,-12.652947,-3.83061
-4.057928,-14.007883,-3.6340995
-2.707778,-13.92892,-2.8860433
-1.5885352,-12.917354,-2.0267208
-1.4736797,-10.480264,-0.9206385
-2.7771697,-8.739784,-0.56380886
-3.3170505,-8.360223,-1.2747762
-3.3469608,-8.405686,-2.0949163
-4.034,-8.65454,-2.6192434
-3.598207,-8.059625,-0.8668
-1.779961,-7.339086,1.4003994
-0.011964113,-6.9559355,1.0642079
1.6184454,-6.6735826,0.24885355
2.908775,-6.0451674,-0.032303106
3.44387,-5.4837513,-0.09810573
2.7209384,-5.636892,-0.059820566
1.3357933,-6.0690956,-0.0011964113
-0.4872385,-6.6257257,0.63918275
-3.6281173,-8.15803,4.5798626
-12.547363,-11.38505,14.2184515
-21.192633,-13.406985,8.595916
-21.284756,-7.919645,0.5027919
-15.692131,-2.0697916,0.58893347
-8.275278,-1.5801603,2.6240292
-5.8414783,-4.7174497,1.0103694
-8.056036,-13.798511,-1.8900307
-12.371491,-20.9363,-2.8728826
-6.8662047,-15.803397,-3.8126638
2.4442682,-9.08794,-2.6694927
8.607881,-6.0009003,-1.1048858
6.12772,-6.6676,-1.0127622
0.8787641,-8.069196,-1.442573
-1.4461622,-9.767801,-1.6064813
-1.6890336,-10.060024,-2.225325
-2.3748765,-9.860224,-3.844967
-4.409972,-9.498609,-6.8985076
-9.079565,-9.249456,0.010767702
-9.471091,-8.276474,8.010572
-7.3977103,-7.050751,5.624928
-6.096613,-6.215058,0.8883354
-4.386044,-6.113363,-1.0689936
-4.095017,-6.798009,-2.6455646
-4.1165524,-8.096714,-3.8521454
-1.9474585,-9.108279,-3.4283166
-1.3106686,-9.220742,-2.7675984
-1.4581263,-9.447163,-1.8254246
-2.9039893,-9.869795,-1.0749756
-4.4111686,-10.432407,1.3058829
-4.8972106,-10.568798,3.3194432
-5.1903315,-10.338788,2.7723842
-5.870192,-9.637392,0.95413804
-6.134898,-8.579166,-1.4102699
-6.8925257,-7.791629,-3.1974092
-9.570394,-8.050054,-3.7456648
-14.0653105,-8.961121,-1.5083755
-16.963318,-7.6313095,8.233403
-13.749458,-8.216654,6.1564336
-11.879467,-10.350753,-2.400001
-8.879765,-13.312469,-2.949453
-5.6093745,-15.655042,-2.774777
-2.8597221,-16.157833,-2.8130622
-1.1599208,-15.21207,-2.5283163
0.14596218,-12.533007,-1.1706885
-0.6774679,-8.96471,1.9235303
-2.2025933,-6.969096,2.0590239
-2.2935205,-6.79442,-0.24526432
-2.5761726,-6.9212394,-1.8720846
-2.7640092,-7.254141,-2.4586253
-2.6718855,-7.8873415,-2.115255
-1.9271195,-8.030911,-0.92542416
-1.0737791,-7.3606215,0.57577294
-0.50398827,-6.4351974,0.7253244
0.33170503,-6.0367923,-0.38673997
1.0773684,-5.9147587,-1.1575279
1.1527423,-5.9231334,-0.9936196
0.9062816,-6.34427,-0.04546363
0.39750767,-7.3749785,0.57577294
-1.5155541,-9.059227,3.5084763
-13.096816,-11.564811,19.401903
-19.140787,-12.171691,10.002597
-17.698513,-7.568797,-0.7217351
-18.720547,-1.372882,1.5023935
-11.536098,-0.43459642,3.1567314
-6.617351,-2.6240292,-0.14596218
-5.1257253,-5.3772707,-1.0917253
-8.855837,-18.667906,-2.2444677
-9.960723,-23.38326,-3.7588253
1.0378869,-14.6638155,0.01794617
7.166803,-7.679166,2.542673
5.1795635,-7.6480594,2.1355941
1.2795619,-8.207083,0.34247273
0.7516454,-8.150851,-1.7691933
0.81864446,-8.59113,-3.2069805
-1.5382859,-8.969496,-3.795914
-3.6209388,-9.520144,-4.546363
-6.1181483,-9.723534,-3.8724844
-6.771688,-9.463913,-1.4796617
-6.291628,-8.49781,-0.5937191
-6.812366,-6.8985076,-1.3657036
-9.886545,-5.1293144,0.39511484
-11.119447,-4.351348,6.463014
-8.478668,-5.7840505,1.9630119
-5.870192,-7.170392,-1.3298112
-4.453043,-7.939984,-1.0630114
-4.191926,-8.016554,-1.198206
-3.6750765,-7.8741813,-1.8314066
-3.1519456,-8.494222,-3.2991042
-2.8082764,-9.05803,-3.5336008
-2.5558336,-9.64457,-2.9135606
-2.9602208,-10.577173,-2.012364
-3.6786656,-11.297712,-1.2293127
-4.8003016,-11.035698,-0.34606197
-7.0818577,-9.862617,2.0111675
-9.227921,-8.919247,3.5060835
-9.825528,-8.775677,0.5422734
-11.672488,-8.216654,-2.4670002
-13.524234,-7.4120674,-2.606083
-14.968003,-7.166803,2.12363
-10.629815,-9.077172,4.8003016
-7.8897343,-11.125429,1.6447664
-5.6871414,-14.062918,-0.68464637
-2.9458637,-15.694524,-1.8912272
-1.4198412,-15.0170555,-2.03031
-0.59611195,-13.243077,-2.333002
0.08853444,-11.056037,-1.2173486
-0.95413804,-8.592327,1.0307083
-2.4107687,-7.3977103,1.1132607
-3.1746774,-7.6253276,-0.55423754
-3.4342988,-7.896913,-2.5124638
-3.64726,-7.522137,-2.9781668
-3.5383866,-6.7429743,-0.80787677
-2.367698,-6.04756,1.0223335
-1.2352947,-5.727819,0.26081768
0.033499517,-5.9243298,-0.9290134
1.3657036,-6.4411793,-1.1108679
1.602892,-6.6963143,-0.67028946
1.4126626,-6.9344,0.669093
0.78035927,-7.4156566,1.6818552
-1.7536399,-8.785249,4.2915273
-7.9483585,-10.253843,11.297712
-14.993128,-10.944771,11.556436
-15.032609,-9.18126,3.8473597
-16.27269,-5.296812,3.4654055
-13.920545,-2.9004002,3.1292138
-8.17119,-3.502494,1.5311074
-5.02403,-4.462614,-0.016749758
-4.273581,-9.417253,-1.0115658
-5.7553368,-15.425032,-1.6495521
-8.336295,-20.181067,-2.5172493
-0.0526421,-14.410176,1.0474582
3.4749768,-8.211868,1.84696
1.9151554,-6.9188466,1.2903296
0.35084763,-6.265307,-0.023928227
0.5422734,-6.102595,-1.9366908
-0.2117648,-7.6779695,-3.1016963
-2.3581266,-9.367003,-3.7923248
-4.4949174,-10.881062,-5.330312
-6.2581286,-10.513763,-3.437888
-6.4028945,-9.105886,-0.285045
-5.857032,-7.9447694,0.7265208
-7.1225357,-6.6448684,0.6415756
-10.17129,-5.428716,1.8457636
-9.989436,-4.9642096,2.251646
-7.455138,-5.9614186,-0.30418757
-5.2752767,-7.1452675,-1.730908
-4.1464624,-7.7677007,-1.6842481
-3.7157545,-8.150851,-1.995614
-2.740081,-8.556435,-3.065505
-1.8601205,-8.987442,-3.9358943
-1.3298112,-10.106685,-4.3070807
-1.4473586,-10.693225,-3.2715867
-2.4466612,-10.589137,-2.0003998
-4.3334017,-10.469497,-1.3022938
-7.8550386,-9.808479,2.461018
-11.068001,-7.8311105,8.296813
-7.620542,-7.278069,1.5646069
-9.000603,-8.017751,-1.8900307
-11.732308,-9.61825,-2.4107687
-13.676178,-9.594321,-0.5662017
-13.077673,-9.225528,2.9865417
-10.909776,-9.994222,3.9634116
-9.171689,-11.903396,-0.79112697
-6.0451674,-14.341981,-2.6084757
-3.295515,-15.44926,-2.400001
-1.3716856,-14.666208,-1.6387844
0.15314065,-12.316457,-0.90388876
-0.4022933,-9.295218,0.47527438
-1.9968106,-7.5810604,0.70259255
-2.9458637,-7.483852,-0.7085746
-3.2871401,-7.5723863,-1.9920249
-4.095017,-7.711469,-2.577369
-4.211368,-7.428817,-1.4377873
-2.8860433,-6.789634,0.49202415
-1.4557334,-6.2030935,1.407877
0.06819545,-6.09422,0.63200426
1.6591234,-6.216254,-0.38315073
2.992524,-6.458228,-0.48006004
3.2033913,-6.5204415,-0.37477586
2.3078775,-6.704689,-0.09332009
0.3484548,-7.1129646,0.20578274
-2.1702902,-8.153244,1.3154542
-7.9148593,-10.213165,7.1620173
-19.363619,-13.178171,14.498711
-20.915962,-10.873883,3.5587256
-20.139193,-3.342175,-0.7743772
-15.043377,-0.06580263,1.7763717
-9.402896,-2.8058836,0.6786643
-7.8023963,-10.930115,-1.7165512
-11.891431,-19.039091,-3.1076784
-9.007781,-17.986847,-4.124927
0.3400799,-12.784553,-2.0757737
7.133303,-8.463115,0.08853444
6.2904315,-7.6253276,-0.29102704
6.015257,-6.940382,0.059820566
3.5647075,-7.2565336,-0.43100718
-0.26679972,-8.7469635,-2.1834507
-2.3222344,-9.884152,-2.6886353
-3.3816566,-11.127822,-3.3457642
-4.549952,-11.437693,-3.7348971
-7.339086,-10.403694,-1.1551352
-7.379764,-8.446364,0.58534425
-7.8837523,-6.5659056,1.4413766
-10.233504,-4.7653065,1.8481563
-9.876974,-5.1149573,-0.27038896
-7.6983085,-5.988936,-1.84696
-5.4550376,-7.1715884,-1.7644076
-4.6911287,-7.9567337,-1.4102699
-3.7887356,-8.23819,-1.4461622
-2.9279177,-8.538488,-1.9067806
-2.0757737,-9.29163,-2.76042
-1.4473586,-10.276575,-3.4259238
-1.3286148,-10.913365,-2.754438
-2.4143581,-10.888241,-1.4042878
-4.328616,-10.227522,-0.61764735
-6.6125655,-9.237492,0.03589234
-8.768498,-8.011768,1.6698911
-10.535299,-7.4324064,2.7005994
-11.747862,-8.543274,1.4449657
-12.291331,-9.05803,0.49800622
-12.912568,-7.98784,1.7560327
-12.177672,-8.341081,2.9458637
-9.465109,-10.385748,-0.48963133
-7.4563346,-12.254243,-1.6220347
-4.453043,-15.002699,-2.1140587
-2.5953152,-15.401104,-1.5849459
-1.189831,-14.405391,-1.7536399
-0.33409786,-11.993126,-1.2233306
-1.3154542,-8.834301,0.0059820567
-2.4993033,-7.416853,-0.43938205
-2.8106692,-7.059126,-2.2325034
-3.958626,-6.923632,-2.9877381
-5.433502,-6.6460648,-2.152344
-5.341378,-5.9805613,-0.2536392
-3.5048869,-5.7984076,0.97806627
-1.061815,-6.2700925,0.09332009
1.0462617,-6.798009,-0.7636095
2.8489544,-7.132107,-0.69182485
4.2568316,-7.0579295,-0.22851457
4.426722,-6.8578296,0.23449662
2.6802604,-7.2409806,0.49202415
0.16390835,-8.4655075,1.2233306
-6.707082,-10.444372,7.841878
-19.107286,-13.009478,14.74876
-20.912373,-11.610274,7.4120674
-20.89323,-4.147659,0.07776674
-14.909379,0.011964113,1.198206
-9.283255,-0.7636095,0.4872385
-6.77767,-4.7007003,-1.7117655
-9.449555,-16.363617,-2.740081
-12.184851,-20.948265,-4.9881377
-4.7401814,-13.57209,-6.674779
4.219743,-9.487841,-5.185546
6.59103,-9.209974,-1.224527
4.5930233,-9.331111,0.7265208
3.850949,-8.79482,3.649952
1.8984057,-8.300403,4.371687
-1.0139586,-8.915657,0.011964113
-4.3262234,-10.736296,-2.4023938
-6.539584,-10.766207,-0.7085746
-4.979763,-9.6122675,0.5949155
-3.2799616,-8.455936,0.5494519
-3.0762727,-7.511369,-0.57936215
-5.3051867,-6.745367,-2.65035
-8.124231,-6.4208403,-3.67388
-9.196814,-6.472585,-3.1507492
-8.400901,-6.4977098,-1.5251254
-6.36102,-6.6161547,-0.7851449
-5.502894,-7.264909,-0.9302098
-5.0682974,-8.181958,-1.5586249
-4.3848476,-8.956335,-2.1164517
-3.795914,-9.407681,-2.132005
-3.0738797,-9.666106,-1.9932213
-2.6407788,-10.014561,-1.5873387
-2.929114,-10.267004,-0.8353942
-3.6487553,-9.916455,-0.18664017
-6.167201,-8.605488,0.8246265
-9.530911,-7.765308,3.2285159
-11.814861,-8.526525,3.905984
-12.052947,-9.84467,1.326222
-14.071293,-8.711071,1.8421743
-13.2000065,-8.834301,0.96729857
-9.763016,-11.434103,-1.2436695
-6.8446693,-14.2495575,-2.210968
-4.095017,-15.747166,-2.105684
-1.7237296,-15.607185,-1.9618155
-0.45732823,-14.45205,-2.1212373
-0.14955142,-11.209178,-0.6678966
-1.576571,-8.050054,0.95054877
-2.7017958,-6.672386,0.1471586
-2.7388847,-6.6281185,-2.0386848
-3.8820555,-6.789634,-3.0993035
-5.198706,-6.8602223,-2.5196424
-4.781159,-6.5850477,-0.9349955
-2.6347969,-6.2808604,0.18424734
-0.77318084,-6.358627,-0.10767702
0.6511469,-6.550352,-0.6678966
2.5642085,-6.73101,-0.7540382
4.0100718,-6.539584,-0.5709873
4.091428,-6.242575,-0.37477586
2.1332014,-6.7764735,0.08973085
-0.68464637,-8.345866,1.3824533
-7.591828,-11.140983,10.4718895
-18.667906,-14.107185,14.298611
-19.450956,-10.90499,4.1907296
-18.663118,-3.545565,0.85124665
-13.845171,-0.2117648,2.012364
-9.331111,-1.7763717,0.7408777
-8.526525,-9.405289,-1.8230318
-11.982359,-19.409082,-3.0810583
-10.774581,-17.715263,-4.208975
-1.5550356,-10.431211,-4.226921
5.1640105,-7.8921275,-2.2528424
5.5387864,-7.7210402,-1.2687942
4.855336,-7.996215,-0.49441698
3.7301114,-8.436793,0.7157531
1.3549358,-9.147761,1.6770695
-1.2281163,-9.552447,0.30418757
-4.229314,-10.775778,-2.539084
-6.3681984,-10.619048,-1.1754742
-6.1085773,-9.337093,0.72053874
-4.6731825,-8.210671,1.183849
-4.6301117,-7.123732,0.21894327
-6.853044,-6.3083777,-1.8960128
-8.903693,-6.103791,-2.7029922
-8.581559,-6.049953,-2.2767708
-6.5982084,-6.40768,-1.4389837
-4.989334,-7.0926256,-0.8847462
-4.3944187,-7.8945203,-0.9409775
-3.7325041,-8.532506,-1.428216
-3.0897322,-9.090333,-2.024328
-2.5088747,-9.84826,-2.495714
-2.0865414,-10.569995,-2.658725
-2.3581266,-10.753046,-2.0590239
-3.926323,-10.3543415,-1.0223335
-6.4005013,-9.323933,1.3561323
-8.648559,-7.829914,3.8605201
-8.712267,-7.656434,1.4784653
-10.002597,-8.5779705,-0.7013961
-13.420146,-9.157332,-0.73489565
-14.465211,-7.973483,2.591726
-12.63859,-8.82832,3.9000018
-10.177273,-10.989038,-0.5027919
-7.500602,-14.141881,-2.1774685
-3.993322,-16.299011,-2.2492533
-1.5837495,-16.485651,-1.5741782
-0.016749758,-14.958431,-1.4150555
0.111266255,-11.514562,-1.041476
-1.0749756,-8.265707,0.453739
-2.0494525,-7.455138,0.4106682
-2.5953152,-7.3977103,-1.3214363
-3.0188448,-7.5676007,-2.4658036
-3.7444685,-7.4718876,-2.1499512
-3.5060835,-7.001399,-0.021535404
-2.2612174,-6.370591,2.1140587
-0.7516454,-6.1157556,1.3633107
0.6547361,-6.2318077,-0.06460621
1.5598212,-6.3311095,-0.49920264
2.1475582,-6.137291,-0.77677006
2.1355941,-5.911169,-0.7923234
1.4389837,-6.2270217,-0.083748795
-0.059820566,-6.9882383,1.0474582
-3.0858438,-8.56122,4.430311
-13.14228,-11.458032,13.694124
-20.0028,-13.741981,7.6193457
-20.458633,-8.1484585,1.6471593
-18.727726,-0.74446696,2.7388847
-11.561222,0.17826529,2.4466612
-7.233802,-3.5742788,-0.05503492
-8.957532,-14.536996,-2.8573294
-13.296915,-21.719353,-4.334598
-6.1564336,-15.07568,-4.8804607
4.546363,-8.72782,-4.147659
8.4248295,-7.6456666,-1.7632111
6.148059,-8.089535,-0.89312106
2.5881367,-8.65454,0.99601245
-0.06699903,-8.9826565,1.7847466
-1.4150555,-8.827123,0.39870408
-3.1627133,-9.654142,-2.542673
-6.5754766,-10.11506,-1.7907287
-7.132107,-9.7043915,0.55064833
-5.496912,-8.644969,1.5430715
-4.2963133,-7.322336,1.3609179
-4.9115677,-6.3275204,-0.22731815
-6.3921266,-5.966204,-2.6288147
-7.825128,-6.244968,-3.4522448
-6.9128647,-6.8614187,-2.7843482
-5.009673,-7.4072814,-1.8194425
-4.2687955,-7.9591265,-1.4557334
-3.8174493,-8.509774,-1.6483557
-3.4223347,-9.170493,-2.0721843
-3.242873,-9.674481,-2.2145574
-3.030809,-10.402497,-2.0733807
-3.4007993,-10.444372,-1.5921243
-4.699504,-9.936794,-0.71455663
-7.504191,-8.71466,2.565405
-8.822337,-7.158428,4.5128636
-8.153244,-7.4647093,0.7755736
-10.304092,-9.190832,-1.0259227
-12.413365,-9.955936,-0.54466623
-14.116756,-9.103494,1.6423737
-13.393825,-8.7984085,2.3174486
-10.775778,-10.452746,-0.8632108
-8.162815,-13.27538,-2.158326
-4.845765,-15.455241,-2.2217357
-1.6866409,-15.774683,-2.1702902
-0.3400799,-14.431711,-1.9055841
0.2644069,-11.72872,-1.1467602
-0.62482584,-8.796016,0.6367899
-2.1822543,-7.591828,1.0809577
-2.768795,-7.528119,-0.90388876
-3.1603205,-7.5496545,-2.416751
-3.87727,-7.312765,-2.4047868
-4.013661,-6.535995,-0.43459642
-2.457429,-6.070292,1.4066806
-0.6619146,-6.2007008,1.1144571
1.1503495,-6.6221366,0.39391842
2.719742,-6.9056864,0.31974092
3.3864422,-6.775277,0.076570325
2.300699,-6.611369,-0.45732823
0.7325028,-6.7561345,-0.45732823
-0.55304116,-7.0675006,-0.06699903
-1.5370895,-7.9483585,0.8258229
-11.859128,-12.177672,15.4058895
-21.12324,-14.048561,10.664512
-21.148365,-7.72463,-0.78873414
-18.933807,-0.71216387,0.3819543
-12.663714,-1.11685,2.4358935
-10.580763,-10.31486,-1.0055838
-13.077673,-18.38316,-3.5647075
-6.1013985,-16.203299,-0.25124636
4.5116673,-9.576375,2.7795627
5.014459,-6.903293,-1.2329018
4.4614177,-6.7836523,-2.507678
3.065505,-6.9882383,-3.382853
2.2935205,-8.196315,-2.4239295
0.19262223,-9.727123,-2.2695923
-2.6431718,-10.17129,-2.6611178
-4.2257247,-10.382158,-2.6850462
-4.6552362,-10.207183,-4.086642
-6.8721867,-9.439984,-2.0721843
-8.083553,-7.966305,3.063112
-9.595518,-5.5040903,8.475079
-7.77129,-5.111368,2.2935205
-6.6125655,-5.9614186,-2.9315069
-5.6584272,-6.983453,-3.3768709
-4.892425,-7.9220376,-2.4765713
-3.8952162,-8.308778,-1.9390837
-2.862115,-8.435597,-2.0398812
-1.9366908,-8.952746,-2.7113671
-1.5370895,-9.80489,-3.0933216
-1.8565313,-10.43839,-2.597708
-2.5402803,-10.593924,-1.8278174
-4.1344986,-10.568798,-1.2173486
-6.597012,-10.0576315,2.115255
-9.352647,-8.313563,6.177969
-6.9020967,-7.603792,0.42861435
-7.6851482,-7.966305,-1.8517456
-10.355538,-9.544072,-1.9486549
-13.440485,-10.097114,-0.70378894
-15.432509,-8.499007,4.2771707
-12.9592285,-7.9483585,4.0471606
-10.452746,-9.74148,-1.5287145
-7.8370924,-13.191631,-2.4323041
-5.6237316,-15.264713,-2.3916261
-2.5630121,-15.28266,-2.3282163
-0.9816555,-14.070096,-2.062613
-0.20817557,-11.49871,-1.4605191
-0.87158567,-8.734999,-0.8596215
-2.0183458,-7.413264,-1.0977074
-2.7329025,-7.029216,-1.8493528
-3.6583266,-6.9990063,-2.7580273
-4.9438705,-6.759724,-3.0260234
-5.3353963,-6.1241302,-2.0697916
-4.1033916,-5.703891,-0.2321038
-1.6914265,-6.15763,0.7325028
0.6439684,-6.855437,-0.37477586
2.4095724,-7.172785,-1.1419746
3.6511483,-6.9415784,-0.8668
3.8294137,-6.559923,-0.25004998
2.4454648,-6.808777,0.8222337
-0.13280165,-7.923234,4.341777
-8.409276,-10.382158,15.626328
-18.245571,-12.707982,10.124631
-19.177876,-10.107881,1.8206389
-17.63241,-5.2453666,0.83778703
-10.743475,-1.8816559,2.6623142
-8.414062,-2.8142586,0.79950184
-9.126225,-10.796117,-1.8038892
-12.156137,-20.236101,-2.8310082
-11.768201,-19.304695,-4.331009
-1.2460624,-9.898509,-3.309872
4.45065,-6.265307,-0.7743772
4.8529434,-5.492126,-0.36281174
3.661916,-5.8474603,-1.2939188
2.300699,-7.8442707,-1.4581263
1.3896317,-9.812068,-1.6902301
-0.9026923,-11.719148,-2.477768
-2.8226335,-11.140983,-2.8633113
-5.3365927,-9.97149,-2.4059832
-8.001,-8.916854,2.8345976
-7.899306,-7.467102,7.2840514
-5.2920265,-6.942775,4.261617
-4.8589253,-7.1835527,-0.7325028
-5.2130632,-7.18116,-3.1567314
-5.35095,-7.264909,-3.5910287
-5.645267,-7.440781,-3.39721
-5.296812,-7.4419775,-2.691028
-4.4075794,-7.413264,-2.2002003
-3.9717865,-7.7126656,-1.9992033
-3.9837506,-8.355437,-1.8254246
-4.0854454,-9.177671,-1.8278174
-4.0328035,-9.884152,-2.0279171
-3.8868413,-10.207183,-1.7033906
-4.3334017,-10.319646,-0.5315057
-6.3861446,-9.867402,2.1367905
-8.023732,-8.683254,3.3852458
-7.1488566,-8.221439,0.3185445
-8.149654,-8.356634,-1.6495521
-10.239487,-8.320742,-0.8967103
-12.774981,-8.380562,3.1974092
-13.331612,-6.8015985,6.855437
-12.74507,-7.8957167,1.3393825
-10.396515,-10.688439,-2.7149563
-7.038787,-13.117155,-2.2241287
-4.631308,-15.027823,-2.0889342
-2.9769704,-15.519848,-1.9657038
-2.6407788,-15.271892,-2.5881367
-1.4042878,-12.57847,-2.4059832
-1.9235303,-8.967103,-0.6978069
-3.2309089,-6.984649,-0.18424734
-3.3194432,-6.6448684,-1.1419746
-3.551547,-6.3478594,-1.9558334
-4.2975097,-6.039185,-1.4916258
-3.8318064,-5.9135623,-0.4429713
-2.024328,-6.151648,0.10767702
-0.43698925,-6.376573,-0.28384858
1.0570294,-6.6795645,-0.50159544
2.260021,-7.0316086,-0.2416751
4.095017,-7.190731,0.04426722
4.2341,-6.6281185,0.42741793
2.4705894,-6.8865438,1.4090735
-1.631606,-8.4679,3.4510484
-12.367902,-11.085947,14.570496
-21.47379,-13.07528,12.020643
-19.723738,-8.5779705,1.7464614
-15.460027,-2.6084757,1.0749756
-9.516555,-1.8050855,2.8692935
-8.715857,-8.754142,0.5877371
-11.733505,-19.08934,-2.5040889
-9.319147,-20.445473,-1.4138591
3.293122,-11.4353,4.6576295
5.8944197,-6.1995044,0.0059820567
5.6237316,-5.663213,-2.4227328
3.6077783,-5.811568,-4.402794
2.070988,-6.8315086,-4.613362
0.39391842,-8.855837,-4.071089
-2.1834507,-9.905687,-3.8413777
-3.7971103,-10.560424,-3.4331024
-4.5212383,-10.872687,-3.5958142
-6.971489,-10.4001045,-4.284349
-10.247861,-8.919247,2.5124638
-13.331612,-5.4909296,16.558931
-8.82832,-4.7955155,5.209474
-5.9674006,-5.9291153,-3.315854
-4.557131,-7.18116,-4.578666
-4.4350967,-8.070393,-3.409174
-3.670291,-8.215458,-2.3282163
-2.7269206,-8.208279,-2.2229323
-2.0949163,-8.376973,-2.4011974
-1.5753746,-9.212367,-3.01047
-1.751247,-10.124631,-2.8298118
-2.6443682,-10.954342,-2.0697916
-3.9622152,-10.900205,-1.6184454
-5.6787663,-10.424033,-1.4784653
-10.96152,-8.897711,8.029715
-9.634999,-7.2936225,6.5898337
-7.0025954,-7.392925,-1.1216356
-8.300403,-7.643274,-2.2289143
-10.486246,-8.2011,-0.84137625
-13.131512,-8.690433,2.5905297
-13.493127,-7.530512,6.1181483
-11.624632,-8.748159,-1.1383854
-10.189237,-12.439687,-3.1962128
-7.0399833,-16.2691,-2.5522444
-3.7911284,-17.667107,-1.8385851
-1.3202399,-17.144276,-1.7620147
0.4106682,-14.596816,-1.8182461
-0.25962126,-10.042078,-0.72771716
-2.3641088,-7.0878396,0.5697909
-2.652743,-6.3251276,-0.18424734
-2.856133,-6.1695943,-2.2815564
-3.6137605,-6.228218,-2.2025933
-3.8712878,-6.2700925,-1.637588
-3.1208389,-6.248557,-1.1958131
-1.8960128,-6.1911297,-0.79471624
-0.3711866,-6.2258253,-0.46331027
1.5358931,-6.5898337,-0.53629136
3.370889,-6.875776,-0.57457656
4.517649,-6.535995,-0.25722843
3.775575,-6.2904315,0.03589234
1.8230318,-7.0196443,0.72053874
-3.8270206,-9.498609,6.8279195
-16.415062,-13.109976,17.647964
-19.317856,-14.120345,6.6484575
-17.001602,-7.4012995,2.2660031
-15.073287,-1.3190435,2.5004997
-12.840784,-4.861318,0.64037913
-14.25554,-16.31935,-3.4127634
-14.822938,-17.863617,-4.6229334
-3.9370906,-10.341181,-0.4848457
0.9457632,-7.333104,-0.65353966
5.083851,-6.0379887,-1.759622
5.272884,-6.613762,-4.041178
4.546363,-8.018947,-4.811069
2.5295126,-9.918848,-3.2679975
1.0187442,-10.809278,-1.5622141
-1.4102699,-10.511371,-0.92662054
-3.0702906,-10.413265,-0.96849495
-6.2114687,-10.168898,0.032303106
-8.4451685,-8.82473,3.9670007
-7.0722866,-7.1919274,5.701498
-4.8098726,-6.8614187,2.8728826
-4.243671,-6.8925257,-2.396412
-6.0858455,-7.0615187,-4.1907296
-6.9535427,-7.5161552,-4.048357
-6.9882383,-7.681559,-3.106482
-6.262914,-7.4276204,-2.1080768
-5.1400824,-7.3606215,-1.4090735
-4.459025,-7.825128,-1.2915261
-4.1608195,-8.5983095,-1.5753746
-4.0998025,-9.374182,-1.9187447
-3.9478583,-9.731909,-1.8170497
-4.141677,-10.025329,-0.96490574
-5.2022953,-9.7654085,-0.16271193
-6.9212394,-8.706285,1.1874382
-8.076375,-7.568797,2.388037
-9.262916,-7.4419775,2.012364
-10.7889385,-8.269296,1.4473586
-11.997911,-9.58834,2.1224337
-12.31885,-8.717052,2.847758
-11.909377,-8.831908,1.2005987
-10.250254,-10.652547,-1.6088741
-7.77129,-13.430914,-2.388037
-5.055137,-15.603597,-2.2767708
-2.626422,-16.08605,-1.873281
-1.0067801,-15.141482,-1.5215361
-0.038285162,-12.261421,-0.88354975
-1.3022938,-8.72782,0.5386842
-2.8034909,-7.237391,0.16869399
-3.251248,-6.983453,-1.4976078
-3.9741793,-7.111768,-2.5366912
-4.840979,-7.01097,-2.5354948
-4.5212383,-6.458228,-1.5299109
-2.7065816,-5.979365,0.16630118
-0.9613165,-6.012864,1.4593227
0.48963133,-6.329913,0.9170493
2.0171494,-6.8374906,0.31375888
3.054737,-6.9355965,0.3269194
2.5331018,-6.489335,0.18065812
1.1623136,-6.3107705,0.392722
-0.2548356,-6.7298136,0.8967103
-1.5957136,-8.09791,3.283551
-6.096613,-10.6357975,10.836795
-17.310575,-13.115958,15.367604
-18.215363,-11.749059,2.5064816
-17.637197,-5.1209397,0.78634137
-13.721642,-1.326222,3.44387
-8.40449,-2.9243283,2.1571295
-8.493025,-11.314462,-1.1575279
-12.09512,-19.424635,-3.0726833
-9.190832,-18.241983,-1.8098712
2.461018,-10.355538,1.0307083
4.5798626,-6.9344,-0.92183495
4.0328035,-6.2437716,-2.3988047
4.169194,-5.8390856,-2.9279177
3.1950164,-6.8051877,-3.185445
0.27996024,-8.696415,-2.7879374
-2.0279171,-9.800104,-2.5450659
-3.3780673,-10.508978,-2.8142586
-5.6620164,-10.555638,-3.9801614
-9.169296,-9.866206,0.111266255
-9.970294,-7.6049886,6.6711893
-8.732606,-5.4909296,7.3977103
-6.9798636,-5.293223,1.311865
-6.971489,-5.9231334,-2.9650064
-5.5627146,-6.5898337,-3.5539398
-4.5918264,-7.301997,-2.4681966
-4.054339,-8.081161,-1.5370895
-3.429513,-8.562417,-1.2113664
-2.5689943,-8.67129,-1.183849
-2.0422742,-8.4858465,-1.3513466
-1.84696,-8.754142,-1.7811574
-2.4969103,-9.737891,-2.3485553
-3.185445,-10.269397,-2.5941188
-4.365705,-10.307682,-2.516053
-5.6237316,-9.740284,-1.3130615
-7.007381,-8.648559,1.1575279
-8.5779705,-7.582257,3.4462628
-9.795319,-7.748558,2.612065
-11.539686,-8.873783,0.5925227
-13.629518,-10.024133,-0.1591227
-14.522639,-9.969097,1.4353945
-11.023734,-9.099904,1.462912
-8.745767,-9.183653,-0.15314065
-7.1859455,-12.474382,-1.2520444
-5.514858,-14.895021,-1.8840487
-3.1363924,-15.404693,-0.95653087
-1.015155,-14.670994,0.6870392
-1.2735798,-12.625131,1.2951152
-2.3078775,-10.391729,0.32093734
-3.5814574,-9.674481,-1.3776677
-4.4374895,-9.362218,-2.5785656
-4.6169515,-8.635398,-3.5886357
-4.8768716,-7.772486,-4.1464624
-5.0886364,-7.278069,-2.4335005
-3.3960135,-6.745367,2.43709
-1.0654043,-6.3622165,1.2795619
0.7935198,-5.9602222,-0.67387867
1.9043877,-5.4346986,-0.8428718
2.6479573,-4.496114,-0.049052864
3.3373895,-3.956233,1.2855439
3.3254254,-3.7624145,3.6487553
0.65712893,-3.4067812,4.983352
-2.1391835,-3.8736808,6.5084777
-5.695516,-4.9055853,8.369795
-11.942877,-9.101101,3.559922
-14.788242,-10.455139,1.2711871
-11.01177,-7.2792654,2.0805593
-6.279664,-4.540381,2.4394827
-4.0471606,-3.1914272,2.3341985
-2.559423,-3.612564,1.3501502
-4.072285,-6.910472,0.6667002
-10.621441,-13.985151,-3.6918263
-17.029121,-19.898415,-7.068697
-19.82304,-18.262321,6.7633133
-10.6357975,-14.71885,14.478372
2.4502504,-9.58834,0.031106694
0.92542416,-6.5228343,-7.6253276
0.46929234,-7.862217,-8.290832
-0.27158538,-10.806885,-9.696016
-1.4126626,-14.648262,-9.50818
-2.0662024,-15.437295,-5.5579286
-1.913959,-12.131013,-1.9776679
-2.1176481,-9.660124,-0.33290145
-2.7999015,-8.406883,1.035494
-5.5040903,-7.3953176,9.162118
-6.9906316,-6.707082,10.475478
-4.6396832,-6.3454666,-2.6898317
-3.9047875,-6.2808604,-4.3334017
-4.4638104,-6.367002,-3.1339993
-4.4985065,-6.411269,-2.2971098
-4.5092745,-6.6592255,-1.428216
-3.958626,-6.957132,0.8258229
-4.013661,-7.096215,2.9542387
-4.801498,-7.481459,1.8625133
-5.29083,-7.953144,-0.31256247
-5.7074804,-7.78445,-0.84765744
-7.3175507,-6.9882383,-0.21774685
-9.539287,-6.009275,2.2660031
-10.360324,-6.7525454,2.8860433
-8.581559,-8.286046,1.218545
-6.926025,-8.211868,1.9319052
-6.430412,-7.483852,2.551048
-13.094422,-9.544072,-1.5406786
-17.145472,-14.074882,-5.7984076
-12.131013,-14.296218,-5.1640105
-10.518549,-13.798511,-4.0387855
-10.215558,-15.359229,-3.694219
-7.791629,-16.7025,-0.29940194
-5.0395837,-16.21287,8.7984085
-4.801498,-14.127524,1.8637097
-3.0260234,-12.571292,-2.7592237
-2.2025933,-11.667703,-2.71376
-1.8146569,-10.815259,-2.0231316
-1.0331012,-9.597911,-2.2073789
-0.4884349,-8.509774,-2.8381867
0.14117654,-7.646863,-2.8549366
0.5566304,-6.4845495,-1.806282
1.224527,-5.0419765,0.11246266
2.2408783,-3.9526439,0.8102696
3.7217364,-3.478566,-0.36281174
3.3266218,-3.667898,-1.3645071
1.2867404,-5.337789,-0.08973085
-8.311171,-6.719046,22.21018
-22.261625,-10.836795,15.848861
-20.41317,-12.8982115,0.63200426
-15.787844,-7.1021967,-0.041874398
-6.3346987,-3.6329029,2.874079
-2.6012974,-2.955435,3.4929228
-0.7217351,-3.362514,2.7903304
-1.0211371,-5.9063835,-3.4474592
-6.302396,-16.829319,-4.0627136
-26.119753,-27.395725,5.915955
-4.9546385,-12.885051,6.814759
7.495816,-6.483353,-3.251248
6.893722,-4.8732824,-6.4869423
3.5120654,-6.9595246,-3.3684962
-0.78753775,-9.594321,-4.3968115
-2.3485553,-13.126726,-3.92393
-4.2652063,-16.148262,-4.1261234
-4.610969,-15.09243,-4.8062835
-5.742176,-11.051251,-4.7775693
-8.365009,-9.193225,1.3680964
-6.8709903,-7.5352974,10.665708
-5.4789658,-6.291628,6.3275204
-4.996513,-6.686743,-2.9099715
-5.055137,-7.050751,-3.2739797
-4.4518466,-7.318747,-1.2089736
-3.370889,-7.728219,1.0737791
-2.992524,-7.829914,0.77677006
-3.0296125,-7.9722867,0.07058827
-3.667898,-8.4679,-0.4226323
-4.5858445,-8.62822,-0.8775677
-5.8510494,-8.337491,-0.44656053
-8.048857,-7.9627156,6.248557
-7.9998045,-7.413264,2.8704898
-6.9499536,-7.520941,-1.2556337
-7.433603,-7.8909307,-2.716153
-9.092726,-8.093124,-3.577868
-10.355538,-7.3809605,-3.1136606
-11.592328,-8.299206,-0.32333016
-10.725529,-10.876276,7.2122664
-8.36142,-11.524133,6.0140605
-8.112267,-11.386247,-1.3800604
-6.2928243,-12.680465,-3.3661032
-5.9901323,-14.51905,-4.4231324
-5.5543394,-15.4023,-3.1974092
-5.219045,-14.505889,-0.13399807
-4.7569313,-12.969996,3.1435707
-3.5551362,-10.890634,3.4019957
-2.8992038,-10.379466,-0.6152545
-2.9338996,-10.304092,-1.7668004
-3.075076,-9.67807,-1.9426728
-3.1663027,-8.653344,-2.2229323
-2.8226335,-7.8538423,-2.3904297
-2.0901306,-7.428817,-1.7632111
-1.1228321,-6.798009,-1.244866
0.2970091,-6.1097736,-1.0917253
1.7775681,-5.6093745,-0.06580263
2.9482565,-5.408377,0.927817
3.7947176,-5.348557,0.5602196
3.431906,-5.5136614,0.13519448
2.1487548,-6.3777695,0.069391854
-0.40588254,-7.5774713,2.120041
-10.194023,-8.811569,17.04946
-21.738495,-11.859128,17.188541
-18.22972,-11.133803,-1.9510478
-16.369598,-5.488537,-3.0140593
-9.77139,-3.409174,4.151248
-6.9152575,-3.7504504,4.261617
-3.1962128,-8.847462,1.3154542
-4.025625,-16.120745,-0.48125646
-11.861521,-18.667906,6.023632
-5.1269217,-9.1681,-0.049052864
2.1415763,-3.283551,-4.664808
2.0147567,-2.5232315,-3.0080771
1.3716856,-5.7206407,-1.6351951
-1.6435701,-9.638589,-0.7001997
-4.604987,-13.374682,-1.2269198
-5.915955,-15.063716,-2.2337
-4.7509494,-11.452049,-4.121338
-3.4570305,-8.7673025,-3.7935212
-3.4797623,-8.186744,-1.9414765
-3.6281173,-8.160422,-0.13040884
-4.8936214,-8.001,1.4114662
-5.7696934,-7.481459,2.0841484
-6.291628,-7.0758758,0.34247273
-5.4203415,-7.016055,-0.9529416
-4.0088754,-7.333104,-0.8150552
-3.3816566,-8.142476,-0.51475596
-3.063112,-8.661719,-0.5063811
-3.0032916,-9.229117,-0.8150552
-4.043571,-9.283255,-0.99720883
-5.853442,-8.9013,-0.57816577
-6.539584,-8.677272,0.62841505
-6.573084,-8.636594,0.5303093
-7.3749785,-8.300403,-0.45732823
-8.356634,-7.9316087,-1.407877
-8.878569,-7.6384883,-1.4090735
-8.749356,-7.780861,0.20937198
-8.781659,-8.546864,1.9175483
-10.742278,-10.707582,2.1978076
-10.640583,-10.109077,0.2213361
-10.524531,-9.860224,-0.41545382
-9.119047,-11.112268,-0.49800622
-6.91765,-13.499109,-1.5406786
-4.2628136,-15.594026,-2.015953
-1.5227325,-15.820147,-0.9385847
0.17467605,-14.012669,0.65712893
-0.28384858,-10.562817,2.2743778
-1.7847466,-7.813164,1.9331015
-2.6611178,-7.1656065,-0.016749758
-2.975774,-7.798807,-1.5263218
-2.975774,-8.446364,-2.2205393
-2.8609185,-8.392527,-2.1451654
-2.8860433,-7.559226,-1.035494
-2.8058836,-6.7322063,0.689432
-2.193022,-5.705087,2.254039
-1.1395818,-5.8920264,0.4645067
0.5183452,-6.509674,-1.0271192
2.0961127,-6.7034926,-1.3657036
2.2169502,-6.255736,-1.0067801
1.3070793,-6.137291,-0.08973085
0.14237295,-6.896115,0.82701933
-3.5036905,-9.128618,6.728617
-14.816956,-12.336796,15.369997
-19.29991,-12.78216,6.910472
-18.530317,-6.22104,0.9421739
-15.907485,-0.91346,1.1479566
-9.960723,-1.3848461,2.0135603
-6.155237,-3.8054852,0.43579283
-5.9961143,-10.786546,-1.3238292
-9.09153,-18.304195,-2.0003998
-9.267701,-18.367605,-3.01047
-0.84765744,-12.087942,-3.135196
4.634897,-8.873783,-0.81625164
4.365705,-8.033304,-0.32093734
4.118945,-7.615756,-0.6128617
2.6252255,-7.544869,-1.2735798
0.6128617,-8.513364,-1.9199411
-1.3692927,-9.396914,-2.1714866
-3.0391839,-10.198809,-3.0738797
-5.877371,-10.419247,-2.5271199
-7.21107,-9.778569,0.1268196
-5.773283,-8.56481,1.2065809
-5.063512,-7.157232,0.68823564
-6.6077795,-6.11097,-0.9385847
-7.838289,-5.8821564,-2.0111675
-7.6803627,-6.1241302,-2.1080768
-6.3107705,-6.6592255,-1.6076777
-5.2345986,-7.4527454,-1.2317054
-4.7138605,-8.296813,-1.2269198
-4.1297126,-8.82473,-1.6423737
-3.2620156,-9.142975,-2.1547368
-2.428715,-9.727123,-2.5438695
-2.2217357,-10.491032,-2.4801607
-2.612065,-10.792527,-1.590928
-3.67388,-10.219148,-0.111266255
-5.6596236,-9.39811,1.3980067
-7.568797,-7.710273,2.1858435
-7.6456666,-7.433603,0.3484548
-9.53809,-8.056036,-0.43938205
-11.960823,-9.55484,0.33290145
-13.436895,-9.296415,2.2839491
-13.4022,-8.113463,4.426722
-10.993824,-9.935597,1.0307083
-8.611469,-12.894622,-2.1966112
-6.2318077,-15.656239,-2.8262227
-3.7672002,-16.993229,-2.652743
-1.387239,-16.410276,-2.475375
-0.10289137,-13.7686,-1.7261224
-0.53629136,-9.969097,-0.17108682
-1.8302102,-7.7150583,1.5418751
-2.3258235,-7.282855,0.38793638
-2.6659036,-7.416853,-1.657927
-3.2333016,-7.305587,-2.6479573
-3.4354951,-6.768099,-2.3246272
-3.077469,-6.0308104,-0.90388876
-1.8206389,-5.681159,0.6451648
-0.36161533,-5.876174,0.3819543
1.5897316,-6.340681,-0.30538398
3.330211,-6.5922265,0.047856454
3.8042889,-6.218647,0.42502514
2.9159534,-6.096613,0.7612167
0.3915256,-6.7322063,1.1383854
-3.8210387,-8.633005,4.3645086
-14.284254,-12.144173,14.365909
-20.060228,-13.773386,6.502496
-18.866808,-7.636095,2.1559331
-15.976877,-1.483251,2.7831519
-10.996217,-1.2412767,2.7221348
-9.388538,-6.329913,0.86081797
-10.440783,-17.414663,-2.5689943
-9.767801,-18.373589,-2.4658036
0.49920264,-11.066805,1.9031913
3.5479577,-6.762117,-0.0071784677
3.527619,-6.448358,-2.0673988
2.9853454,-6.6855464,-3.464209
2.6551359,-7.858628,-3.696612
1.0917253,-9.838689,-3.132803
-1.4377873,-10.406087,-2.8322048
-2.7125635,-10.119845,-2.7532415
-3.9287157,-9.740284,-2.5606194
-6.116952,-9.815658,-2.032703
-9.140582,-8.790034,3.39721
-8.997013,-6.4941206,7.3199434
-5.965008,-5.8079786,2.3808584
-5.8654065,-6.303592,-2.2947168
-5.876174,-6.7011,-3.5336008
-5.736194,-7.3043904,-3.1495528
-5.1400824,-7.75454,-2.4059832
-4.121338,-8.094321,-1.9055841
-3.527619,-8.417651,-1.8385851
-2.7699914,-9.037691,-1.9669002
-2.3114667,-9.768997,-2.1475582
-2.3712873,-10.455139,-2.062613
-3.114857,-10.882258,-1.657927
-4.479364,-10.433604,-0.74446696
-7.1273212,-9.206385,2.888436
-8.957532,-7.868199,5.052744
-7.2062845,-7.5496545,0.5518447
-8.056036,-7.4324064,-1.7979071
-9.657731,-7.673184,-1.631606
-12.413365,-9.201599,0.76719874
-13.733605,-8.275278,6.765706
-12.559328,-8.302795,4.65404
-11.426925,-10.229915,-2.4945176
-9.255438,-12.917354,-3.4677982
-6.167201,-15.210875,-3.2201412
-4.526024,-16.418652,-2.7448666
-3.1950164,-16.593626,-2.3186452
-1.1216356,-14.820545,-1.8589242
-0.49082774,-10.869098,-1.096511
-0.97567344,-8.88455,-0.3269194
-2.062613,-7.4240313,-0.24765715
-2.862115,-7.470691,-1.1096715
-3.6424742,-7.335497,-1.4964114
-3.6954155,-6.7704916,-1.2436695
-2.321038,-6.2365932,-0.2620141
-0.62482584,-5.9530435,0.2620141
0.91226363,-5.886942,0.106480606
2.4251258,-5.858228,0.32093734
3.6245282,-5.6763735,0.69302124
3.4797623,-5.549554,0.20937198
2.1918256,-5.9350977,0.1268196
0.2970091,-6.8135624,0.66071814
-2.4825535,-8.979067,3.798307
-16.334904,-13.316058,21.358932
-24.253351,-14.962021,8.440383
-19.368404,-8.024929,-1.495215
-15.544972,-0.9457632,1.98365
-8.652147,-0.0849452,3.0822546
-5.3653064,-3.950251,0.6008976
-8.0201435,-14.420944,-1.5239289
-11.434103,-19.791933,-3.1292138
-4.2448673,-15.590436,-3.0475588
5.016852,-7.7234335,0.31256247
5.282455,-6.5276203,0.55423754
3.0379875,-6.7609205,-0.3687938
1.3046865,-7.322336,-1.7979071
0.93619186,-8.568398,-2.699403
-0.663111,-9.308379,-3.4881372
-2.766402,-9.718748,-3.6894333
-4.1368914,-10.070792,-3.6523447
-5.3569317,-10.086346,-3.5587256
-6.401698,-9.657731,-1.1324034
-6.491728,-8.272885,1.7632111
-9.859028,-5.52084,7.717451
-9.542876,-4.8912287,3.510869
-7.451549,-6.2114687,-1.9669002
-5.829514,-7.245766,-2.6419754
-4.4817567,-7.7437725,-2.1942184
-3.8126638,-8.196315,-1.98365
-3.167499,-8.548059,-2.152344
-2.4586253,-9.02453,-2.4586253
-2.4155545,-9.483055,-2.3018954
-2.632404,-10.310075,-1.8888344
-3.362514,-10.589137,-1.7835501
-4.3764725,-10.249058,-0.93738824
-6.643672,-9.670892,1.3980067
-7.744969,-8.597113,1.7201403
-8.06441,-7.7617183,-0.37477586
-10.089935,-7.6253276,-1.6663018
-12.346367,-8.570791,-1.0007981
-13.348361,-8.683254,1.7297117
-12.487543,-8.070393,6.0583277
-10.945967,-9.579965,3.5240295
-8.762517,-11.361122,-1.2771691
-6.3885374,-13.405788,-2.3868406
-4.872086,-15.131911,-2.2875385
-3.4426737,-15.628721,-2.1008983
-1.765604,-15.1498575,-1.8158532
-0.43698925,-13.1745825,-1.055833
-0.22492532,-10.0265255,-0.04546363
-1.338186,-8.150851,-0.3687938
-2.5845475,-7.5846496,-1.5801603
-3.2991042,-7.3785677,-1.9848464
-4.347759,-6.9116683,-1.7261224
-4.314259,-6.3382883,-0.750449
-2.7113671,-6.087042,0.25962126
-0.6966105,-6.061917,0.28863424
0.81266236,-6.061917,-0.111266255
2.2002003,-6.039185,-0.05742774
3.1603205,-5.9099727,0.27517462
3.2081769,-5.915955,-0.008374879
2.103291,-6.2054863,-0.2428715
0.3699902,-6.8662047,0.19980069
-2.14038,-8.758927,2.4430718
-11.49153,-12.346367,13.584054
-22.58705,-14.783457,11.861521
-20.137995,-8.504989,0.36400816
-17.149061,-1.7344973,1.8014964
-11.854342,-1.1515459,2.882454
-8.414062,-6.8135624,0.013160525
-10.559227,-16.16262,-2.3461626
-12.691232,-19.808683,-3.557529
-1.1862419,-12.542578,0.5949155
3.6810586,-8.647362,0.8138588
4.9869413,-6.285646,-1.0654043
4.3633122,-6.0415783,-2.0590239
3.5443685,-6.7298136,-1.9570298
0.9732806,-8.877372,-1.9968106
-1.102493,-10.3136635,-2.2217357
-2.8908288,-10.79492,-2.4299114
-3.958626,-10.62503,-3.49053
-6.552745,-9.979865,-3.083451
-7.487441,-9.19801,0.48006004
-7.146464,-7.3283186,3.7049868
-8.503793,-5.4143596,4.459025
-7.8945203,-5.6321063,-0.21774685
-6.957132,-6.2521462,-2.7113671
-5.5423756,-6.9116683,-2.5618157
-4.546363,-7.576275,-1.8804595
-3.9191444,-8.093124,-1.5155541
-3.2117662,-8.519346,-1.6339988
-2.3976083,-9.109476,-2.2301106
-2.009971,-9.809675,-2.7735806
-2.0721843,-10.535299,-2.6455646
-2.6192434,-10.677672,-2.1128623
-4.4051867,-10.379466,-1.4294125
-6.65444,-9.716355,0.18664017
-9.842278,-8.13141,5.4406805
-8.813962,-7.0025954,4.0567317
-8.214261,-7.339086,-0.55304116
-9.997811,-8.412866,-1.7560327
-12.105888,-9.68166,-0.9182457
-13.405788,-8.6294155,2.184647
-12.08196,-8.647362,4.111767
-10.730314,-10.14138,0.6798607
-7.960323,-14.243576,-1.989632
-4.805087,-16.686947,-2.2935205
-1.8984057,-17.383558,-1.9968106
0.0741775,-16.127924,-1.7093726
0.76241314,-12.434901,-0.86919284
0.034695927,-8.411669,1.0797613
-1.4712868,-6.940382,0.49322057
-2.2229323,-7.016055,-1.4138591
-3.0320053,-7.2326055,-2.2169502
-3.8964126,-7.21107,-1.8577276
-3.8126638,-6.7022963,-0.7181459
-2.2588246,-6.039185,0.31256247
-0.6439684,-5.669195,0.41306102
0.6439684,-5.6584272,-0.24047868
1.7500507,-5.9602222,-0.6786643
2.495714,-6.3861446,-1.2592229
2.7101707,-6.5982084,-1.2616158
1.3980067,-6.897311,-0.37836507
-1.0331012,-8.00459,0.93978107
-5.1209397,-10.112667,5.689534
-14.091632,-12.57847,14.977574
-20.012373,-12.61556,6.3107705
-17.012371,-5.9578295,1.2053844
-16.248762,-0.7791629,2.7975087
-11.587543,-0.9912268,1.5107684
-7.6396847,-5.4466624,-0.535095
-9.636196,-14.721243,-2.2420747
-11.015359,-18.609282,-3.83061
-3.5252259,-13.987544,-3.8042889
4.0005,-9.703195,-2.321038
6.0810595,-8.68804,-0.7612167
4.5631127,-8.37458,-0.35204405
3.7241294,-8.015358,0.047856454
1.8038892,-8.084749,-0.15792629
-0.56859446,-8.946764,-1.1515459
-2.951846,-10.359127,-2.6216364
-5.158028,-11.179267,-3.2416766
-6.8410797,-10.258629,-0.9098708
-6.1899333,-8.82473,0.76719874
-5.0455656,-7.603792,0.8811569
-6.183951,-6.5252275,-0.35084763
-8.381759,-6.090631,-1.4270196
-9.920045,-5.8223357,-1.6746768
-7.616953,-6.079863,-0.8596215
-5.235795,-6.8219376,-0.61764735
-4.6576295,-7.3977103,-0.93619186
-4.29392,-7.906484,-1.3334004
-3.612564,-8.271688,-1.8457636
-2.9159534,-8.781659,-2.600101
-2.4622145,-9.660124,-3.2727833
-2.4311078,-10.524531,-3.1579278
-2.6539395,-10.833205,-2.0003998
-3.260819,-10.586744,-1.0474582
-4.8601217,-9.697213,-0.06460621
-6.283253,-8.806784,0.06580263
-8.807981,-8.36142,0.6343971
-12.0278225,-8.277671,2.3198416
-12.941282,-8.733803,2.2947168
-12.977175,-7.7234335,1.6328024
-13.07528,-7.7772717,3.1722846
-9.999007,-9.597911,1.061815
-7.8873415,-11.539686,-0.927817
-5.8749776,-14.237594,-1.6184454
-3.6523447,-15.671792,-1.7608184
-2.0279171,-15.302999,-1.6292131
-0.58654064,-14.278272,-1.590928
-0.023928227,-11.412567,-1.1216356
-1.3106686,-8.558827,-0.32452658
-3.0152557,-7.376175,-0.8222337
-3.6643088,-6.943971,-1.7979071
-4.4542394,-6.6759753,-1.887638
-4.9079785,-6.404091,-1.0917253
-3.4199417,-6.4363937,-0.049052864
-1.8230318,-6.501299,0.15433706
0.33170503,-6.5431733,-0.30179477
1.5610176,-6.535995,-0.45852464
2.3748765,-6.404091,-0.1268196
2.7735806,-6.3394847,-0.22612174
2.353341,-6.535995,-0.16271193
0.9493524,-7.1488566,0.3185445
-1.0091729,-8.386544,1.407877
-5.8797636,-10.652547,7.4623165
-17.801405,-13.323236,15.2730875
-19.325033,-12.506686,5.7314086
-18.57339,-4.392026,1.1515459
-15.627524,-1.1228321,2.9733813
-10.895419,-4.479364,1.407877
-10.319646,-12.876676,-1.9740787
-12.304492,-17.39911,-3.289533
-5.6153564,-13.566108,-1.4318053
2.032703,-9.109476,-0.2548356
4.0854454,-7.422835,-1.3597214
3.9526439,-7.4036922,-2.2660031
3.6655052,-7.54128,-3.2919257
3.391228,-8.070393,-2.9195428
1.5131612,-9.53809,-1.6435701
-1.6124634,-10.2107725,-1.3022938
-3.4151561,-10.792527,-1.6615162
-4.7919264,-10.670493,-2.0195422
-7.4096746,-9.558429,0.53629136
-7.819146,-7.9914293,3.391228
-6.3801622,-6.8709903,3.2727833
-6.2772713,-6.5048885,-0.16031912
-7.872985,-6.367002,-2.9781668
-8.149654,-6.3753767,-3.394817
-5.8008003,-6.823134,-1.9606191
-4.7919264,-7.2302127,-1.1778669
-4.5248275,-7.752147,-1.0043873
-4.039982,-8.384151,-1.2173486
-3.3326037,-8.865408,-1.5837495
-2.815455,-9.238688,-1.934298
-2.632404,-9.685248,-1.9992033
-2.926721,-10.146166,-1.8637097
-4.086642,-10.280165,-1.4509479
-5.616553,-9.946365,-0.7755736
-6.343074,-9.425628,-0.26919255
-7.2469625,-8.390134,-0.058624156
-8.592327,-7.94118,-0.33170503
-10.407283,-8.266903,0.10767702
-11.924931,-8.961121,1.0809577
-11.762218,-7.8227353,2.9973094
-10.96152,-8.45474,5.53759
-8.855837,-10.213165,2.050649
-6.546763,-11.447264,-1.1443675
-4.80748,-13.310076,-2.2301106
-3.993322,-14.508282,-2.181058
-2.6814568,-14.706886,-1.8242282
-1.582553,-14.058132,-1.2987045
-0.72293156,-11.579168,-0.392722
-1.637588,-8.88455,-0.11724831
-2.3569303,-7.687541,-1.2209377
-3.187838,-7.347461,-2.5004997
-4.402794,-7.0351977,-2.6515465
-4.965406,-6.3370914,-1.3310076
-4.3130627,-5.745765,0.65712893
-2.32702,-5.7553368,1.0307083
-0.73011,-5.895616,0.05503492
1.3226327,-6.0990057,-1.055833
2.2157538,-6.175576,-0.6511469
2.600101,-6.2569323,-0.27756742
1.9788643,-6.4977098,0.22851457
0.3364907,-7.144071,1.183849
-2.3569303,-8.852247,4.2628136
-9.994222,-11.653345,12.600006
-18.440586,-12.764214,9.97149
-17.573788,-8.441579,3.3732817
-17.110477,-3.6173496,1.8912272
-12.644572,-1.2053844,2.3353949
-8.050054,-2.2169502,0.73011
-6.210272,-6.9822564,-1.5526428
-8.659326,-17.00639,-2.6659036
-10.644173,-20.017159,-3.4893336
-4.3298125,-12.825231,-4.1847477
2.984149,-7.8813596,-4.5726843
5.428716,-8.159226,-1.3429717
3.0921252,-9.716355,-0.6559325
2.321038,-9.81805,0.44656053
1.8637097,-8.810373,1.1431711
-0.87996054,-8.863015,-0.5267201
-4.005286,-9.675677,-2.4335005
-6.096613,-10.092328,-1.1072787
-6.0164533,-9.639785,0.33529428
-5.3557353,-8.799605,0.770788
-5.006084,-7.609774,0.24885355
-6.061917,-6.5252275,-0.6619146
-7.3510504,-6.023632,-1.4880366
-8.211868,-5.870192,-2.193022
-8.314759,-5.9973106,-2.2337
-5.5136614,-6.6939216,-1.1814562
-4.546363,-7.2996044,-1.049851
-4.254439,-8.026125,-1.4820545
-3.769593,-8.781659,-2.07697
-3.4342988,-9.49143,-2.455036
-3.330211,-9.920045,-2.036292
-3.1280174,-10.105488,-1.1874382
-3.3684962,-10.27179,-0.11485548
-5.0862436,-9.718748,1.0977074
-6.6041903,-8.796016,1.183849
-8.077571,-8.434401,0.31615168
-10.220344,-7.7365937,1.3992031
-13.163815,-7.6947193,5.0886364
-14.631513,-8.002197,5.7026944
-14.214862,-7.0097737,0.17108682
-13.846367,-7.5870423,-1.8649062
-10.619048,-12.139387,-2.6228328
-7.4036922,-16.20928,-3.441477
-5.020441,-17.190935,-3.370889
-4.5284166,-17.091333,-4.2364926
-2.5028925,-15.398711,-4.8003016
-1.4198412,-10.802098,-4.2687955
-2.5220351,-7.620542,-4.0794635
-3.484548,-5.492126,-3.036791
-4.540381,-4.631308,-0.33409786
-5.5591254,-4.827819,2.4705894
-4.368098,-5.602196,1.2053844
-2.5905297,-6.42443,-1.7213368
-0.6044868,-7.0758758,-3.295515
1.2149557,-7.5029945,-3.6846478
2.1332014,-7.679166,-3.35055
4.4135613,-7.298408,0.20338993
6.4845495,-8.400901,4.0734816
4.8912287,-9.602696,4.342973
0.13519448,-10.550853,5.9374905
-12.949657,-12.461222,17.752352
-19.529919,-13.49552,7.8203425
-14.151452,-8.853444,0.75643104
-11.1936245,-3.0619156,3.5479577
-8.021339,-1.5263218,4.4985065
-7.0061846,-2.268396,1.1335998
-7.4922266,-8.653344,-1.2472588
-13.095619,-20.453848,-2.6407788
-12.6421795,-21.002104,-4.845765
-2.7759733,-9.441181,-2.2815564
1.4617156,-5.451448,-0.26799613
2.8800611,-4.4949174,-0.38793638
1.5490535,-4.4147577,-2.3389843
0.15194423,-6.853044,-3.7360935
-0.8353942,-10.133006,-3.7636108
-2.4335005,-12.031411,-4.1931224
-3.694219,-11.575579,-3.8318064
-3.9047875,-9.81805,-3.3062828
-5.7134624,-8.634201,1.5957136
-6.800402,-7.7353973,12.083157
-6.0978093,-7.1476603,6.899704
-5.4550376,-7.065108,1.2029916
-4.398008,-7.396514,-1.5227325
-4.2711883,-7.6624165,-2.862115
-3.8090746,-7.9722867,-3.688237
-3.1076784,-8.29801,-3.586243
-2.9315069,-8.570791,-3.5958142
-3.0535407,-8.892925,-3.313461
-3.667898,-9.553643,-2.8178477
-4.712664,-10.278968,-2.638386
-5.372485,-10.564013,-2.5941188
-5.372485,-10.483853,1.055833
-6.018846,-10.198809,10.116256
-6.6711893,-9.589536,7.1213393
-6.6053867,-8.909675,0.82701933
-6.63769,-8.360223,-1.9175483
-8.210671,-8.3123665,-3.144767
-12.658929,-9.372986,-2.8453653
-15.474384,-7.6923265,0.8560323
-14.580067,-6.053542,5.4646087
-13.052548,-8.042875,0.4441677
-11.01177,-11.804093,-2.8178477
-7.2756763,-15.160625,-3.6173496
-4.135695,-16.478472,-3.531208
-2.3844478,-15.711273,-3.810271
-1.3573287,-13.270595,-4.415954
-0.49800622,-10.452746,-4.1033916
-1.102493,-8.317152,-3.2584262
-2.693421,-7.504191,-2.908775
-4.240082,-7.43121,-2.4681966
-6.035596,-7.3869424,-1.1730813
-7.1021967,-6.8709903,0.09810573
-3.4474592,-6.9942207,-0.85483587
-0.28743783,-7.4718876,-1.4557334
1.9992033,-7.7665043,-1.3345969
3.251248,-7.5329046,-0.90388876
3.7061832,-7.056733,-0.3400799
3.6786656,-6.9822564,0.2428715
2.8202405,-7.4383883,0.87158567
1.6064813,-8.296813,2.585744
-1.2891332,-9.825528,8.220243
-11.402996,-12.25544,14.706886
-18.075382,-12.972389,6.498906
-16.059729,-8.384151,0.16869399
-14.460425,-4.503292,1.1754742
-11.217552,-3.022434,2.7675984
-8.546864,-2.2588246,1.4473586
-7.0025954,-3.1172497,-0.61405814
-7.8909307,-10.270593,-2.1260228
-12.107084,-18.044275,-3.44387
-10.054043,-15.756737,-4.6002016
-3.1962128,-9.44477,-4.301099
0.9661021,-7.3582287,-1.1718849
1.5454643,-6.775277,0.8751749
0.8365906,-7.0555367,1.0749756
1.4521443,-8.396115,0.57457656
3.2392836,-10.356734,1.204188
-0.05503492,-11.839986,-1.1252248
-3.3086755,-10.913365,-0.33050862
-5.3279185,-9.341879,0.8234301
-5.445466,-8.343473,0.67028946
-4.755735,-8.068,-0.40947178
-5.959026,-7.312765,-2.7149563
-8.694022,-6.6101727,-3.4103706
-8.805588,-6.1061845,-2.5450659
-7.8837523,-5.951847,-1.1659029
-6.005686,-6.815955,-0.07178468
-4.6731825,-7.6863446,-0.0047856453
-4.1907296,-8.23819,-0.84017986
-3.4271202,-8.5576315,-1.6567305
-2.6563323,-9.195618,-2.3461626
-2.4239295,-10.167702,-3.1387851
-2.3150558,-10.989038,-3.3230324
-2.6850462,-11.113464,-2.3688943
-3.8270206,-10.573585,-1.1036894
-6.1971116,-9.607482,2.0638096
-9.626625,-7.8909307,6.719046
-8.115856,-7.3809605,3.6005998
-7.9770727,-7.4240313,-0.27996024
-10.383355,-7.813164,-1.3561323
-13.244273,-9.1465645,0.9625129
-13.823635,-7.886145,5.6069818
-11.800504,-8.039286,2.2767708
-10.335199,-10.043275,-2.4311078
-8.477471,-13.586447,-3.2488549
-5.3653064,-16.139889,-2.5941188
-3.0885358,-16.544275,-2.172683
-1.7069799,-15.5545435,-2.1104696
-0.7265208,-12.529418,-2.1966112
-1.0211371,-9.05803,-1.3740784
-2.7819555,-6.954739,-0.79950184
-3.7791643,-6.43759,-1.2520444
-4.8290153,-6.4642105,-1.576571
-5.5423756,-6.5072813,-1.1922239
-4.020839,-6.5048885,-0.974477
-1.5598212,-6.5838513,-1.0235299
0.36520454,-6.792027,-0.99960166
1.7105691,-6.812366,-0.81266236
2.9889345,-6.502496,-0.23928227
3.6233318,-6.3143597,-0.0059820567
3.354139,-6.434001,0.21655045
1.7500507,-7.225427,0.77796644
-1.3669,-9.098708,4.6229334
-11.380264,-12.126227,14.639887
