0.58534425,5.657231,7.469495
0.87278205,5.7804613,7.0375905
0.8775677,5.8283176,6.9894347
0.6152545,5.61416,7.4587274
0.5566304,5.3159547,8.048857
0.58534425,5.5387864,8.566006
0.60687965,5.0766726,8.270493
-0.47168517,4.328616,6.006882
-0.59611195,3.653541,5.435895
0.046660043,3.885645,6.3753767
0.5494519,4.3788652,8.604291
0.42741793,4.375276,10.657333
-0.6559325,3.167499,11.43171
-0.7157531,2.6084757,11.504991
-0.08733802,2.6659036,11.249856
0.42741793,3.0822546,10.556834
-0.22372891,3.0786655,10.738688
-0.49920264,3.1160533,11.473584
-0.53389853,3.1112676,11.054841
0.2862414,3.592225,9.254242
1.4904294,4.281956,5.0419765
1.8373886,4.7676992,7.049555
2.1308086,4.369294,8.636594
1.3645071,4.030411,9.625428
0.2656033,4.020839,9.548858
-0.05742774,4.0651064,8.817552
0.08015956,4.1297126,8.458329
0.40827537,4.365705,8.49781
1.0223335,4.6731825,8.705089
1.3334004,4.581059,8.625827
1.1383854,4.485346,8.236993
0.8102696,4.29392,8.13141
0.689432,4.179962,8.17119
0.927817,4.321438,8.447561
1.5059828,4.476971,8.889337
1.8409779,4.51406,9.350254
1.6746768,4.0974097,9.378967
1.1934203,3.8210387,9.050852
0.15074782,4.503292,9.022138
-1.5287145,6.268896,9.418449
0.6726823,4.936692,9.328718
1.602892,3.8377883,11.051251
1.0091729,3.9011981,11.796915
0.68823564,4.365705,9.378967
0.7612167,4.6600223,7.1751776
1.0749756,4.108177,7.103393
1.0977074,4.124927,8.032107
2.2337,4.133302,9.148957
2.882454,3.9203408,10.464711
1.5753746,3.5060835,9.933205
1.1551352,3.2356944,9.484252
1.631606,3.0343983,10.6561365
1.2161521,2.618047,10.397712
1.5753746,2.565405,8.455936
0.907478,2.864508,8.059625
0.008374879,2.2456641,6.567102
0.28145576,1.5669997,7.8203425
-0.08853444,1.6806588,10.572388
-0.2105684,1.8864416,12.150155
-0.7815557,2.0231316,11.723933
-0.7480562,2.111666,11.05843
-0.86201435,2.6312077,10.908579
-1.0043873,2.9099715,10.356734
-1.1252248,2.675475,8.662915
-1.3226327,3.9107695,8.220243
-1.4210376,5.2836514,8.172386
-0.8365906,5.8677993,9.249456
0.18185452,6.0009003,9.958329
0.7815557,5.988936,8.857033
0.63798636,5.7314086,7.9926257
0.28384858,5.549554,8.8905325
0.33050862,5.955436,8.8905325
0.38554356,6.501299,8.133802
0.2117648,6.77767,6.465407
-0.71455663,7.007381,4.953442
-1.1754742,7.2385874,4.6803613
-1.2340983,7.4826555,4.985745
-0.72412795,7.2122664,5.0192447
0.6164509,6.8662047,5.638088
0.72771716,7.4994054,7.2637124
0.19621146,8.111071,8.343473
0.2656033,7.7126656,8.1891365
0.014356935,7.602596,7.624131
-0.29940194,7.5317082,6.88774
0.05383851,7.778468,6.5754766
0.5159524,8.129017,7.6133633
0.56859446,8.00459,9.496216
-0.09930214,6.7585278,11.558829
-1.6674982,5.654838,12.961621
-2.184647,4.857729,12.477972
-1.6471593,4.4374895,10.978271
-1.1994023,4.2771707,9.072387
-0.95054877,4.112963,7.178767
-1.3824533,3.958626,6.1791654
-1.7572291,3.956233,6.593423
-1.7919251,4.0890346,7.2876406
-1.4605191,4.196712,7.7964144
-0.73489565,4.74736,8.476275
-0.59970117,5.3219366,8.750552
-0.5733801,5.278866,8.812766
-0.78394854,5.311169,8.554042
-0.7468598,5.415556,7.8981094
-0.38913277,5.6871414,7.8023963
-0.36161533,5.8821564,8.280064
-0.46809593,5.9063835,8.45474
-0.4657031,5.8749776,7.744969
0.31615168,6.2007008,6.3191457
1.1431711,6.6448684,5.5651073
1.5299109,6.9906316,5.5076795
1.8314066,7.1895347,5.1795635
1.617249,7.177571,5.2956157
1.4665012,7.0411797,5.441877
2.0518453,7.396514,4.9474597
2.353341,8.096714,4.4207397
2.2576282,8.396115,4.5535417
2.1104696,8.311171,5.514858
1.9498514,8.411669,5.9506507
1.8505492,8.458329,5.9231334
1.393221,8.576774,6.0774703
0.85244304,8.546864,6.7872415
0.36520454,8.595916,7.906484
-0.14117654,8.706285,7.6217384
-0.7540382,8.781659,6.509674
-1.2065809,8.956335,6.358627
-0.81625164,8.973084,7.069894
-0.0741775,7.8335032,7.3343005
0.02871387,6.818348,5.2573304
-0.8703892,6.0882382,3.510869
-1.9199411,5.683552,4.331009
-2.4933212,5.3736815,4.128516
-2.612065,5.4442697,2.4299114
-1.1515459,6.5276203,4.4039903
0.08853444,7.1392856,6.1863437
0.9445667,7.969894,5.089833
6.6687965,14.078471,3.5012977
6.9152575,10.464711,5.4909296
3.5850465,9.02812,2.4670002
2.8573294,8.292027,1.5550356
4.254439,10.489836,1.9800607
5.4179487,8.656933,2.0171494
4.465007,8.017751,3.1627133
2.8345976,7.643274,4.308277
-0.74446696,6.495317,5.262116
-1.1096715,7.2876406,5.6356955
-0.5386842,7.400103,4.1261234
-2.4394827,6.6831536,4.274778
1.2197413,8.347063,5.1879387
2.2671995,7.561619,4.896014
4.706682,8.715857,4.442275
6.2736816,9.34786,3.807878
6.6329045,8.526525,3.3290145
5.508876,6.759724,2.740081
5.482555,6.346663,2.7640092
4.8565326,5.1592245,3.1244283
6.8458657,5.308776,2.551048
12.87548,8.841479,2.9650064
9.437592,6.1791654,4.5272202
8.32792,5.0084767,6.4292154
16.684553,5.441877,9.691231
16.903498,6.4351974,5.799604
9.41127,4.4075794,4.0938206
6.8650084,4.2652063,5.1329036
6.0858455,2.8513472,4.9055853
9.501001,2.3641088,-0.0526421
7.138089,1.2424731,4.7018967
8.032107,1.739283,4.302295
8.618649,2.1870399,4.51406
9.410074,1.7572291,3.6774693
7.19791,1.7213368,3.118446
2.675475,-2.8334012,-0.21535404
4.342973,5.4263234,5.026423
6.079863,3.8234315,1.2424731
8.510971,6.1695943,15.5545435
10.36152,6.356234,9.816854
10.599905,-0.7719844,4.220939
9.108279,-0.6044868,2.9422746
6.79442,-0.031106694,0.91465646
7.495816,-0.3819543,1.9127626
10.17488,1.5358931,5.258527
11.257034,1.2616158,6.521638
8.313563,-0.8895318,5.4753766
7.7665043,0.89312106,4.025625
8.812766,1.9438694,3.0921252
12.008679,2.5172493,2.9004002
9.906884,-0.20697916,3.6655052
8.889337,-1.035494,3.7971103
8.235796,-0.36281174,3.394817
8.867801,-0.2105684,2.5869403
9.268898,-0.66071814,3.8294137
11.154142,-0.015553347,4.0890346
12.733107,0.26081768,4.801498
10.629815,0.0023928226,4.9486566
9.594321,0.5877371,5.2645087
7.5810604,0.9385847,5.8558354
5.596214,1.0725827,5.6787663
6.815955,1.5191432,4.9283175
9.35145,2.4011974,4.072285
9.637392,1.4868401,4.506881
11.694023,1.0043873,4.0555353
11.459228,0.60807604,2.9123642
10.640583,-0.51236314,3.702594
10.867902,-0.6308079,4.2759743
10.113863,-0.44057846,3.97059
9.860224,-0.6906284,3.5168512
11.186446,-0.7540382,2.3940191
8.136495,0.7827521,2.2851455
7.2996044,1.5490535,2.4681966
7.6719875,1.9618155,2.8082764
7.8837523,2.5881367,1.428216
6.0571313,1.6651055,-0.4621139
6.5647087,0.46809593,0.09092726
7.548458,0.9302098,0.35682967
8.422437,1.4473586,0.05742774
9.976275,0.5135596,-0.8811569
10.772188,-0.9768698,-1.3250256
10.928918,-1.0917253,-1.7368901
10.246665,1.1276177,-0.4968098
10.719546,1.6854445,0.49800622
11.700006,2.0889342,0.49800622
12.859926,2.4993033,0.6547361
13.339986,2.7089744,1.5143577
11.496316,4.1033916,1.1036894
11.52174,3.234498,2.7293134
12.699607,0.43938205,4.6432724
9.206385,-0.10289137,4.703093
7.140482,0.35324043,5.0862436
6.1707907,0.44895336,4.034
6.9762745,0.5315057,4.0148573
8.320742,-0.45014977,3.39721
9.408877,-0.10049855,3.2201412
9.190832,0.67387867,3.8497524
8.363812,1.3154542,3.9430726
8.776874,1.1001002,3.6233318
8.575577,0.7253244,3.1998022
9.2075815,0.7791629,2.6862426
9.29163,0.93260264,2.2827528
8.793623,1.0091729,1.8756739
8.880961,0.4441677,1.7380866
8.241778,0.25962126,1.3824533
8.834301,0.30418757,2.457429
10.101899,0.17587246,2.882454
9.350254,-0.36400816,2.268396
10.117453,-0.44775695,2.361716
9.544072,-0.10049855,2.3605196
9.654142,0.3400799,1.9115661
9.687641,0.73489565,1.3238292
10.025329,1.0079765,1.311865
10.060024,0.94337034,0.6798607
10.153345,1.3070793,0.30418757
10.1700945,1.3800604,0.73130643
10.659726,1.0510473,0.9804591
12.068799,0.31016964,0.91465646
12.312867,0.30299118,0.9062816
11.722737,0.6726823,1.2412767
10.808081,1.1072787,1.928316
10.686047,1.6148561,2.567798
10.180862,1.779961,3.49053
9.485448,2.5905297,3.964608
8.115856,3.6583266,4.130909
7.603792,3.9658043,3.7516468
8.646166,4.115356,3.626921
10.849956,3.958626,3.3278182
12.607184,2.9195428,3.5527434
12.177672,1.5622141,2.8956144
10.433604,0.2213361,1.9908284
9.005388,-0.6750751,1.2532408
8.0201435,-0.8330014,0.6116653
7.329515,-0.3400799,0.3484548
6.9702926,0.78394854,0.8751749
5.5543394,1.0295119,1.1324034
7.214659,1.9007984,1.6950158
9.564411,4.2221355,0.84406817
9.297611,5.178367,0.27038896
8.568398,4.087838,1.0797613
8.022536,3.1686954,0.8341978
8.15803,2.862115,0.58534425
8.782856,2.65035,0.30418757
9.040084,2.5414767,-0.2970091
9.160921,2.1463618,-0.98883396
9.78814,1.5945172,-0.9290134
11.068001,1.2771691,-0.11844472
12.272189,1.975275,1.0797613
12.355938,3.167499,0.9816555
12.329617,3.9550366,0.34606197
12.79532,4.6229334,1.3956138
12.266207,4.5523453,2.8130622
12.542578,4.351348,4.5487556
11.432906,3.3780673,5.1640105
8.829515,2.516053,4.56072
7.193124,1.495215,3.6329029
6.664011,0.73011,2.7975087
7.207481,0.5087739,2.5354948
7.710273,0.7540382,2.9398818
8.348259,1.5215361,3.153142
8.442776,2.0865414,3.1399815
8.193922,2.2420747,2.746063
7.9340014,2.1619153,2.5354948
8.119446,1.9920249,2.455036
8.720642,1.6076777,2.5028925
9.219545,1.4234303,2.3282163
9.459127,0.90508515,1.8696918
9.544072,0.47168517,1.7201403
9.353843,0.08015956,1.5873387
9.282058,-0.124426775,1.5610176
9.180064,-0.17228323,1.6962122
9.042477,-0.059820566,1.8768703
8.98146,0.28145576,2.0494525
9.15135,0.7073782,2.115255
9.562018,1.1563315,2.2229323
10.148559,1.5478572,2.3353949
10.554441,1.6603198,2.1379871
10.5436735,1.2939188,2.0267208
10.453943,0.17347965,1.7021942
10.593924,-1.0462617,1.1778669
10.969895,-1.1240284,1.2867404
11.603096,0.35682967,2.4418755
12.278172,1.6914265,3.8425741
12.108281,2.1738794,4.406383
11.278569,2.4598217,5.083851
10.093524,3.1746774,6.2090755
9.116654,3.7660038,6.3346987
8.895318,4.2915273,4.705486
9.025727,4.301099,2.835794
9.044869,3.4725838,1.6710875
8.780462,2.268396,1.2173486
8.272885,1.1060823,1.0067801
8.257332,0.27996024,0.99003035
8.779266,0.11724831,1.0426725
9.225528,0.5243273,1.2891332
9.226724,1.4904294,1.6471593
8.76491,2.5498517,1.8816559
8.195119,3.3230324,1.9307088
7.6863446,3.6834514,1.7560327
7.359425,3.571886,1.4676976
7.363014,3.153142,1.1802598
7.6887374,2.7999015,0.9912268
8.300403,2.630011,0.80907315
8.776874,2.5761726,0.56500524
9.193225,2.4538395,0.31016964
9.600304,2.1332014,0.078963146
9.579965,1.6531414,-0.010767702
10.152148,1.3154542,0.2862414
11.094322,1.4521443,0.82701933
11.04168,1.8637097,1.7608184
11.288141,2.8298118,1.5514464
12.385848,3.7875392,0.6236294
12.103496,4.1021953,0.32333016
11.641381,3.9909291,1.4461622
11.416157,3.5527434,2.3389843
11.268998,3.9825542,4.139284
10.96152,4.1500516,5.8510494
9.01137,3.83061,6.084649
7.606185,3.315854,5.465805
7.0471616,2.6659036,4.2245283
7.187142,1.9307088,3.0738797
7.3642106,1.2819548,2.5052853
7.9770727,1.1682956,2.4442682
8.852247,1.5646069,2.819044
9.092726,2.1343977,3.1998022
8.719446,2.3246272,3.202195
8.642576,2.2408783,3.1746774
8.898908,1.8349959,2.9039893
9.029316,1.1431711,2.3078775
8.915657,0.4728816,1.6363916
8.72782,0.009571291,1.2137593
8.712267,-0.20219351,1.061815
9.041281,-0.24526432,1.1539388
9.345468,-0.2970091,1.3573287
9.4686985,-0.17467605,1.5251254
9.34786,0.11724831,1.6495521
9.322736,0.5913263,1.7404794
9.55125,1.1216356,1.8050855
9.875777,1.5538392,1.9163518
10.292129,1.6866409,2.0075781
10.753046,1.5813566,1.8505492
10.99861,0.9768698,1.3190435
10.914561,0.11246266,0.68464637
10.700404,-0.49920264,0.35563326
10.513763,-0.68345,0.4322036
10.60828,0.20937198,1.1790633
11.046466,1.9390837,2.8381867
10.908579,2.12363,4.733003
10.598709,2.050649,5.523233
9.655338,2.1822543,6.3215384
8.921639,2.874079,6.695118
9.300004,3.7420754,5.7876396
10.007382,4.3633122,4.430311
10.146166,4.0998025,3.281158
9.813265,2.9374888,2.382055
9.357432,1.5323038,1.8290138
9.174082,0.29461628,1.5897316
9.1681,-0.32093734,1.4880366
9.012567,-0.19980069,1.3477573
8.779266,0.71694946,1.4030914
8.18794,1.9824536,1.570589
7.6540413,2.9566314,1.6184454
7.4072814,3.5407794,1.5083755
7.1823564,3.6197424,1.3597214
7.0603223,3.3696926,1.1718849
7.301997,3.05713,0.9421739
7.8550386,2.8800611,0.64277196
8.299206,2.7652056,0.38315073
8.62463,2.5522444,0.13280165
8.915657,2.213361,-0.13758731
9.119047,1.8649062,-0.16630118
10.29811,1.8637097,0.06699903
11.877074,2.0195422,0.40588254
11.450852,2.1212373,1.8852451
10.984252,2.6228328,2.1284158
11.813664,3.4307094,0.69302124
11.643774,3.6511483,-0.101694964
11.319247,3.1914272,1.2005987
12.696018,3.1782668,3.301497
13.859528,4.0531425,6.1301126
11.438889,3.8724844,7.606185
8.528917,3.3816566,7.089036
6.9044895,2.8728826,5.2046885
6.7704916,2.4861426,2.969792
7.025626,2.1188445,1.5873387
7.434799,1.6782659,1.84696
7.9148593,1.5550356,2.7029922
8.295617,1.9055841,3.5264223
8.515757,2.353341,3.9167516
8.700303,2.5725834,3.9035912
8.975478,2.4179473,3.6137605
9.182457,1.8373886,2.9255247
9.048459,0.9086744,1.8924236
8.6294155,0.039481573,1.041476
8.42124,-0.5099703,0.68105716
8.636594,-0.77796644,0.6655038
9.120243,-0.7492526,0.927817
9.565608,-0.48125646,1.2819548
9.655338,-0.08733802,1.6124634
9.469894,0.36759737,1.8613169
9.364611,0.9182457,2.0350957
9.475877,1.5047864,2.271985
9.87817,1.9669002,2.4993033
10.353146,2.1762722,2.4191437
10.31486,1.7201403,2.1272194
10.131809,0.58893347,1.5717853
10.087543,-0.47527438,0.9445667
10.107881,-0.846461,0.7540382
10.316056,0.0035892338,1.3082758
11.096715,1.6974086,2.4933212
11.552847,2.4023938,4.3058844
11.400603,2.65035,5.189135
10.520942,2.9063823,6.0224357
9.860224,3.3960135,6.3370914
10.196416,4.111767,5.2082777
10.780563,4.2161536,3.8114674
10.677672,3.5419757,2.7041886
9.589536,2.2755744,1.928316
8.295617,0.9613165,1.3202399
7.7090764,0.05383851,0.8282157
7.832307,-0.16151553,0.62482584
8.210671,0.37238303,0.7959126
8.600702,1.6818552,1.378864
8.426025,3.1040893,2.0279171
7.9615192,3.9741793,2.3545375
7.6049886,4.2185464,2.321038
7.383353,3.7851462,1.9680966
7.413264,3.0667014,1.4437693
7.8107715,2.5833511,0.9840483
8.335098,2.37368,0.541077
8.7266245,2.3688943,0.16510476
9.190832,2.2648067,-0.09930214
9.753445,1.9402801,-0.22612174
9.958329,1.3992031,-0.20458634
10.776974,1.1970096,0.34486556
11.493923,1.2496517,1.5239289
11.284552,2.0434706,2.4562325
12.019447,3.2356944,1.4126626
11.713166,3.653541,0.2970091
10.483853,3.801896,0.31136605
11.089537,3.5587256,2.0135603
11.891431,3.8006997,3.6846478
11.744272,4.453043,6.329913
9.71157,3.638885,6.9882383
8.338688,3.1519456,6.5647087
7.3869424,2.4933212,5.471787
7.278069,2.1212373,4.041178
7.286444,1.8038892,3.0056844
7.7330046,1.7440686,2.6515465
8.410473,1.9522442,2.7568307
8.582756,2.306681,2.9506495
8.336295,2.469393,3.0583265
8.392527,2.349752,3.0762727
8.453544,1.9007984,2.827419
8.690433,0.90508515,2.1475582
8.9312105,-0.106480606,1.317847
8.946764,-0.7325028,0.9026923
9.071191,-0.9828519,0.9349955
9.237492,-0.99720883,1.2484552
9.370592,-0.7755736,1.5945172
9.425628,-0.33529428,1.9486549
9.387342,0.28863424,2.2528424
9.542876,1.3310076,2.6144578
9.730712,1.9872392,2.7520452
9.982258,2.62044,2.6395824
9.930812,2.7520452,2.489732
9.825528,1.6830516,2.0721843
9.78814,-0.029910283,0.9804591
10.095917,-1.1886346,0.36640096
10.368699,-1.0582259,0.8644072
11.350354,0.750449,2.036292
11.303694,1.5430715,3.5096726
10.945967,1.8182461,4.618148
10.152148,2.248057,5.8067822
9.265308,3.2356944,6.8075805
9.193225,4.4195433,6.376573
9.957133,5.2872405,5.131707
10.593924,5.2633123,4.0088754
10.17847,3.999304,2.798705
9.175279,2.2061825,2.0685952
8.336295,0.60807604,1.4015958
8.199904,-0.35204405,0.94695956
8.36142,-0.61046886,0.6511469
8.142476,-0.19501504,0.5027919
8.048857,1.0175478,1.0127622
7.559226,2.4131618,1.4916258
7.510173,3.4893336,1.84696
7.451549,4.043571,1.9630119
7.3845496,4.0016966,1.8050855
7.475477,3.5443685,1.5442679
7.6085777,3.2237303,1.0402796
7.996215,3.0355947,0.48125646
8.2609215,2.7843482,-0.013160525
8.683254,2.2863421,-0.34606197
9.226724,1.6603198,-0.42981076
9.796515,1.3010973,-0.22851457
11.045269,1.2460624,0.453739
11.574382,1.570589,1.5753746
11.514562,2.5486553,1.5370895
12.172887,3.598207,0.27756742
11.72154,3.9945183,-0.078963146
11.778969,3.9897327,1.3286148
12.28176,4.066303,2.7556343
11.952448,4.3561335,5.0790653
10.37827,4.1907296,6.4558353
8.193922,3.702594,6.4148583
6.5778694,3.0080771,5.1006007
6.154041,2.024328,3.2596226
6.8243303,1.1730813,2.0087745
7.5317082,0.58534425,1.9091734
8.49781,0.6978069,2.5378876
9.073584,1.483251,3.042773
9.080762,2.3186452,3.2823544
8.576774,2.7699914,3.106482
8.120642,2.7999015,2.754438
8.161619,2.4023938,2.4885356
8.235796,1.5861423,1.9920249
8.288439,0.69302124,1.5418751
8.318349,-0.07178468,1.2125629
8.839087,-0.3269194,1.2759727
9.498609,-0.2620141,1.6244274
9.593125,-0.13160525,1.7081763
9.481859,0.069391854,1.6806588
9.241081,0.30179477,1.6854445
9.077172,0.60687965,1.7117655
9.223135,1.1778669,1.8924236
9.499805,1.759622,2.1224337
9.619446,2.1559331,2.0638096
9.904491,2.2456641,1.8948164
9.999007,1.576571,1.5921243
9.854242,0.4872385,0.9182457
10.222736,-0.28743783,0.6343971
10.619048,-0.55782676,0.9457632
11.100305,0.15074782,1.8457636
11.4353,1.3645071,3.094518
11.359925,1.7524434,4.438686
11.004591,2.0422742,4.906782
9.642178,1.9007984,5.2334023
8.409276,2.2528424,5.02403
8.345866,3.2237303,4.0016966
9.183653,4.051946,3.24048
10.086346,3.8497524,2.819044
10.192826,2.728117,2.4418755
9.719945,1.4353945,2.105684
9.138189,0.49202415,1.7691933
8.902496,0.23090738,1.5203397
8.525328,0.58534425,1.3501502
8.024929,1.7572291,1.2819548
7.3139615,2.955435,1.338186
7.048358,3.828217,1.5538392
7.2361946,3.889234,1.7440686
7.5065837,3.4546378,1.8230318
7.7330046,2.8597221,1.6902301
7.9256268,2.4526432,1.3645071
8.414062,2.3162522,1.0654043
8.707481,2.3461626,0.72771716
8.787642,2.248057,0.2644069
8.797213,1.9223338,-0.20338993
9.308379,1.5861423,-0.12801601
10.689636,1.5622141,0.7923234
11.531311,1.6782659,2.0458634
11.19841,2.1080768,2.4729822
11.987144,2.6970103,1.1994023
11.96202,2.9279177,0.5805586
11.746665,2.984149,1.8565313
12.67209,2.856133,3.4797623
12.68525,4.132106,5.553143
10.621441,4.729414,6.719046
7.750951,4.4315076,6.1325054
6.5694947,3.72054,5.2429733
6.4495544,2.6024938,4.153641
7.0351977,1.7428722,3.2919257
7.734201,1.2927225,3.1220353
8.367402,1.4473586,3.3553355
8.817552,1.975275,3.7241294
8.49781,2.5438695,3.6906297
8.266903,2.9207392,3.5347972
8.214261,2.5953152,3.3373895
8.23101,1.8146569,2.9279177
8.459525,0.8282157,2.1858435
8.816355,-0.0047856453,1.7105691
9.150154,-0.5829514,1.5155541
9.221938,-0.73848486,1.4413766
9.332308,-0.7588239,1.407877
9.162118,-0.54466623,1.3250256
9.017352,-0.15792629,1.3417753
8.971889,0.3400799,1.5598212
8.902496,0.86201435,1.8661026
8.845069,1.5311074,2.062613
9.2590275,2.2743778,2.2360928
9.868599,2.6168506,2.396412
10.070792,2.3784657,2.565405
10.038489,1.2927225,2.2576282
9.996614,-0.15792629,1.4042878
10.528121,-1.0007981,0.8967103
11.089537,-0.8919246,1.3154542
11.400603,0.54346985,2.099702
11.202,1.8433708,3.2285159
11.243874,2.4765713,4.4674
11.035698,2.5785656,5.532804
9.760623,2.951846,6.5288167
8.664112,3.5060835,6.3741803
8.524132,4.2568316,4.904389
9.101101,4.5427737,3.694219
9.833903,3.905984,2.888436
9.483055,1.8900307,1.9462621
8.932407,0.6523433,1.5849459
8.852247,-0.04426722,1.5263218
8.868998,0.029910283,1.4760724
8.616255,0.8452646,1.5311074
8.026125,2.1164517,1.7105691
7.5978103,3.075076,1.9091734
7.602596,3.6460636,2.0697916
7.5882387,3.5910287,2.012364
7.481459,3.1459637,1.6722839
7.4479594,2.902793,1.4377873
7.7365937,2.5184457,1.0271192
8.348259,2.3772693,0.6343971
8.7469635,2.3581266,0.1902294
9.013762,2.2779672,-0.16749759
9.35504,1.9426728,-0.34366915
9.779765,1.5119648,-0.041874398
10.688439,1.3812568,0.5721837
11.387443,1.5107684,1.623231
11.155339,2.2348964,2.306681
11.993126,3.3613176,1.3884354
12.247065,3.822235,0.40588254
11.389835,3.7540395,1.0019945
11.5684,3.409174,2.725724
12.559328,4.178766,4.9055853
11.4903345,4.345366,6.800402
8.546864,3.470191,6.6257257
6.775277,2.6886353,5.8630137
6.606583,1.8349959,3.4199417
7.463513,1.4736797,2.5618157
7.7473617,1.3657036,2.4586253
8.160422,1.8158532,2.819044
8.335098,2.347359,3.2069805
8.459525,2.585744,3.5072799
8.653344,2.5271199,3.6448672
8.885747,2.2420747,3.5419757
8.920443,1.6686947,2.9602208
8.898908,0.8751749,2.1571295
8.861818,0.06580263,1.5323038
8.702696,-0.4022933,1.2843475
8.62822,-0.56500524,1.2352947
8.643773,-0.57457656,1.21017
8.979067,-0.43579283,1.3680964
9.425628,-0.18903299,1.5789639
9.5404825,0.16749759,1.7883358
9.284451,0.6439684,1.9366908
9.156136,1.265205,2.0817556
9.755837,2.0338993,2.3832514
10.215558,2.3581266,2.3808584
10.3232355,2.1559331,2.0673988
10.0349,1.2460624,1.7739788
10.00499,-0.16151553,1.3621143
10.3543415,-1.1826526,1.0259227
10.749456,-1.2723835,1.0103694
10.678868,-0.54705906,1.4605191
10.7685995,1.1407782,2.3377876
10.430015,2.2504497,3.9323049
10.373485,2.7735806,4.888836
9.496216,2.6862426,5.4981084
8.700303,3.045166,5.587839
9.4280205,3.909573,4.7282176
10.633405,4.24726,4.1464624
11.076376,3.702594,3.6595232
10.259826,2.4179473,3.0008986
9.380164,1.1060823,2.498107
9.042477,0.29940194,2.0458634
8.348259,0.12323037,1.5011971
7.5604224,0.67387867,1.0713863
7.242177,1.5346966,1.055833
7.196713,2.5184457,1.2747762
7.2062845,3.4630125,1.7213368
7.335497,3.9011981,1.9704895
7.455138,3.700201,1.9474585
7.626524,3.1304102,1.8206389
8.106285,2.673082,1.6603198
8.571988,2.5052853,1.3022938
8.762517,2.516053,0.76600236
8.737391,2.5438695,0.24646074
9.237492,2.3341985,0.11006984
9.759426,1.9247267,0.2632105
10.595119,1.5993029,0.59730834
11.404193,1.3740784,1.2927225
11.374283,1.5514464,2.1714866
11.621042,2.3976083,1.8206389
12.601202,3.4737802,2.2767708
13.2514515,4.135695,3.9897327
13.020246,5.239384,6.09422
10.464711,5.2274203,6.806384
7.3893356,4.314259,5.411967
5.361717,3.2943187,3.8832521
5.0886364,2.0793629,2.754438
6.198308,1.0773684,2.4143581
7.4479594,0.6092725,2.868097
8.430812,0.9385847,3.7767715
8.997013,1.8146569,4.479364
8.970692,2.6096723,4.486542
8.659326,2.8082764,3.9658043
8.423633,2.5052853,3.4857445
8.3530445,2.12363,3.1794631
8.2681,1.3944174,2.5184457
8.349456,0.6343971,2.1906292
8.549256,0.1363909,2.1140587
8.822337,-0.15433706,2.1463618
9.030513,-0.24646074,2.2899313
9.083155,-0.049052864,2.400001
9.162118,0.28265217,2.4454648
9.120243,0.5949155,2.42034
8.961121,0.8246265,2.428715
8.769695,0.9625129,2.333002
8.939586,1.218545,2.3952155
9.6122675,1.5813566,2.6252255
10.262218,1.8481563,2.6671
10.452746,1.4820545,2.219343
10.070792,0.33050862,1.5693926
10.245468,-0.8150552,1.2532408
10.577173,-0.86201435,1.6435701
10.864312,0.56500524,2.6192434
11.306087,2.2205393,3.6149569
11.175678,2.6850462,4.462614
10.599905,2.4861426,4.825426
9.53809,2.43709,5.7349977
8.440383,2.6922245,6.2665033
8.506186,3.2847474,5.415556
9.111869,3.8940198,4.158427
9.809675,3.7636108,3.2991042
9.842278,2.8549366,2.6659036
9.523733,1.657927,2.260021
9.273684,0.6966105,1.9980069
9.020942,0.28145576,1.8601205
9.030513,0.325723,1.7931215
8.915657,0.8668,1.7955143
8.42124,2.0219352,1.8840487
7.7425756,2.9853454,1.9728823
7.5173516,3.5826538,2.0422742
7.450352,3.72054,1.9992033
7.5149584,3.4247274,1.9331015
7.6145597,3.0535407,1.7644076
7.9686975,2.774777,1.5275182
8.317152,2.6276183,1.1742777
8.526525,2.4394827,0.78634137
8.748159,2.097309,0.46809593
9.256635,1.6746768,0.29341987
9.890134,1.2795619,0.37597227
10.930115,1.2711871,1.0989038
11.38505,1.5634105,2.160719
10.767403,2.6826532,2.0925233
11.426925,3.3661032,0.9242278
11.001002,3.4079776,0.2620141
10.979466,3.144767,0.7683952
11.635399,2.4095724,1.8361923
11.762218,2.673082,3.6412778
11.481959,3.551547,5.7984076
9.454341,3.470191,6.619744
7.811968,3.4510484,6.352645
6.8949184,3.022434,4.9749775
6.984649,2.559423,3.4725838
7.2972116,2.120041,2.5196424
7.8957167,1.9522442,2.268396
8.678469,2.0386848,2.5893333
9.107083,2.2851455,3.1387851
9.09153,2.3509483,3.336193
8.915657,2.2695923,3.4390843
8.896515,1.9776679,3.3122647
8.914461,1.3836497,2.798705
8.939586,0.6367899,2.0171494
8.849854,-0.0035892338,1.3513466
8.730213,-0.39032918,1.0737791
8.851051,-0.46809593,1.1240284
9.083155,-0.2440679,1.3298112
9.257831,0.06699903,1.5490535
9.276076,0.41665024,1.6471593
9.220742,0.78753775,1.8074784
9.283255,1.2580265,2.091327
9.377771,1.9944177,2.5319054
9.710373,2.0590239,2.6742785
10.351949,1.8577276,2.5546372
10.580763,1.1563315,2.0434706
10.373485,0.096909314,1.5406786
10.518549,-0.6308079,1.2221341
10.975878,-0.7468598,1.1455638
11.083554,-0.18424734,1.1910275
10.518549,0.63559353,1.5622141
9.885348,1.8553349,2.388037
9.842278,2.5064816,3.4486556
9.742677,2.3162522,4.3728833
9.456735,2.306681,4.7545385
8.585149,2.2648067,5.142475
8.406883,2.740081,5.08744
9.302397,3.301497,4.4985065
10.36152,3.4546378,4.013661
10.840384,3.1866415,3.6511483
10.715957,2.6838498,3.1603205
10.0672035,1.8421743,2.6240292
9.528519,0.96490574,2.1355941
9.086744,0.37836507,1.5957136
8.62822,0.3173481,1.1563315
8.124231,0.93978107,0.9517452
7.8287177,2.0410776,1.189831
7.5173516,2.8334012,1.5203397
7.4419775,3.1579278,1.765604
7.335497,3.1591241,1.718944
7.576275,2.8836503,1.5478572
8.041678,2.7089744,1.4820545
8.356634,2.6132615,1.3010973
8.385348,2.5064816,0.9912268
8.500203,2.2791636,0.7636095
8.9348,2.0602202,0.8488538
9.797711,2.0721843,1.0689936
10.664512,2.0817556,1.3106686
10.747064,2.0961127,2.0338993
10.445568,2.2875385,2.3509483
11.056037,2.8800611,1.3812568
11.880664,3.1543384,0.33409786
11.471191,2.9626136,-0.44895336
10.5018,2.5498517,-0.7791629
10.702797,2.2205393,0.68345
11.6019,2.5498517,2.6252255
12.011072,3.6774693,5.401199
10.106685,3.9885364,7.068697
8.197512,4.151248,7.01097
6.7728844,3.6990047,5.63091
6.3681984,2.8633113,3.8234315
6.6676,1.9031913,2.3976083
7.048358,1.3764713,1.8170497
7.8227353,1.2735798,1.8326031
8.900104,1.5083755,2.4837499
9.239884,1.9824536,3.187838
8.930014,2.400001,3.4965122
8.533703,2.6084757,3.3266218
8.612666,2.4227328,3.0885358
8.883354,1.739283,2.5785656
8.807981,0.7265208,1.7033906
8.631808,-0.15433706,1.0917253
8.830712,-0.5626124,0.99960166
9.201599,-0.6116653,1.1742777
9.308379,-0.39391842,1.2257234
9.15135,0.008374879,1.1718849
9.099904,0.4549354,1.4772689
9.236296,0.8596215,2.0494525
9.319147,1.2999009,2.3916261
9.900902,1.9295124,2.62044
10.264611,2.231307,2.4323041
10.143773,1.7847466,2.4179473
10.257433,0.5626124,2.2767708
10.477871,-0.5458627,1.6842481
10.969895,-0.52193445,1.8708882
11.300105,0.994816,2.7675984
11.133803,2.268396,3.8832521
11.148161,2.618047,4.8182473
10.90499,2.455036,5.837889
9.890134,2.8908288,6.9332037
9.241081,3.2368908,6.9451675
9.158528,3.708576,5.951847
9.300004,4.3322053,3.8605201
9.372986,4.2281175,3.3672996
9.160921,3.3661032,2.5184457
8.406883,1.9992033,1.8326031
8.213064,0.80189466,1.3501502
8.277671,0.18783657,1.2233306
8.402098,0.42382872,1.238884
8.415258,1.590928,1.6088741
8.167601,2.8381867,2.024328
8.054839,3.6364923,2.199004
7.8466635,3.7313077,2.070988
7.5472617,3.2285159,1.6603198
7.4922266,2.6802604,1.2520444
7.7389865,2.477768,0.86081797
8.286046,2.571387,0.53389853
8.912068,2.6431718,0.2862414
9.475877,2.2444677,0.12323037
9.810872,1.5574285,0.2862414
10.723136,1.2759727,0.82941216
11.770594,1.3956138,1.6603198
11.853146,2.1475582,2.5869403
11.688042,3.5324044,2.015953
11.75504,4.5272202,0.6667002
10.959127,4.6468616,0.31136605
10.669297,4.0830526,1.6196418
11.595918,4.112963,3.3960135
12.177672,4.369294,5.768497
10.245468,3.5790644,6.9726853
7.8981094,2.6647072,6.602994
7.105786,2.2779672,6.033203
6.582655,1.5526428,4.362116
7.248159,1.1455638,2.7975087
7.8753777,0.99720883,2.1068804
8.378169,1.183849,2.3030918
8.661719,1.6304095,2.868097
8.325527,1.9920249,3.0475588
8.29801,2.1343977,3.0897322
8.604291,2.1858435,3.0933216
8.787642,1.8541385,2.7915268
8.707481,1.1324034,2.0458634
8.507381,0.325723,1.3860425
8.448758,-0.2727818,1.1144571
8.56481,-0.65353966,1.0881361
8.876176,-0.6870392,1.2221341
9.223135,-0.4621139,1.4389837
9.510572,-0.11964113,1.704587
9.438788,0.20937198,1.9354944
9.2075815,0.58893347,2.111666
9.417253,1.1575279,2.288735
10.183255,1.7129619,2.2408783
10.64178,1.9884356,2.0458634
10.596316,1.9764715,1.9764715
10.192826,1.0223335,1.7285153
9.978668,-0.27517462,1.3106686
10.085149,-0.9098708,1.1120644
10.571192,-0.34247273,1.6674982
11.174481,1.1491531,2.902793
11.252249,1.7560327,4.4255257
10.933704,1.8816559,5.5651073
10.450354,2.0685952,6.2342005
9.797711,2.577369,6.910472
9.327521,3.3601213,6.8542404
9.556036,4.194319,5.6500525
10.054043,4.3788652,4.3274198
10.317253,3.740879,3.2883365
8.429615,-0.19621146,1.2951152
7.876574,1.556232,1.462912
7.426424,2.6431718,1.7069799
7.426424,2.6431718,1.7069799
7.2302127,3.3756745,1.9055841
7.309176,3.5527434,2.003989
7.5699935,3.205784,1.9175483
7.917252,2.6982067,1.6950158
8.324331,2.367698,1.4365909
8.772088,2.2863421,1.0917253
9.162118,2.329413,0.7013961
9.523733,2.2504497,0.38793638
9.928419,2.0255244,0.28983065
10.296914,1.8122641,0.44057846
10.620244,1.6280167,0.87637126
10.926525,1.6639091,1.6710875
11.264213,2.3174486,2.0255244
11.692827,3.3086755,1.448555
11.735898,3.7923248,1.1371889
11.735898,3.7923248,1.1371889
11.817254,3.7660038,2.1619153
12.700804,4.199105,4.115356
11.1732855,4.240082,6.3658056
7.929216,3.4474592,5.238188
5.6787663,2.4323041,3.8641095
5.3653064,1.1730813,2.9590242
6.454639,-0.016749758,2.6623142
7.8646097,-0.57936215,3.0738797
9.02812,-0.17467605,3.8784664
9.722338,0.83778703,4.4339004
9.552447,1.7691933,4.28076
8.843872,2.2959132,3.72054
8.843872,2.2959132,3.72054
8.305188,2.4035904,3.222534
8.259725,2.1044874,2.9255247
8.810373,0.5027919,2.3988047
8.85823,-0.25603202,2.0590239
8.85823,-0.25603202,2.0590239
8.872586,-0.62482584,1.9630119
8.906086,-0.6056832,2.1547368
8.877372,0.13160525,2.4993033
8.927621,0.5315057,2.585744
8.927621,0.5315057,2.585744
9.073584,0.87637126,2.6551359
9.305986,1.1946167,2.7388847
9.703195,1.5275182,2.8226335
10.2107725,1.8984057,2.6766713
10.481461,2.0638096,2.408376
10.380663,1.8002999,2.2671995
10.158131,0.95772725,2.0207388
10.08156,-0.078963146,1.4964114
10.244272,-0.5841478,1.1371889
10.332807,-0.41665024,1.5059828
11.111072,1.4653047,4.2014976
11.352747,1.5921243,5.300401
11.352747,1.5921243,5.300401
10.837991,1.5011971,6.265307
9.7247305,1.8409779,6.576673
9.02812,2.6096723,5.7026944
9.550055,3.030809,4.5822554
10.443175,2.856133,3.8401814
10.505388,2.3509483,3.315854
9.542876,1.7380866,2.8298118
8.379366,1.2951152,2.3509483
7.7330046,1.189831,1.8984057
7.6827555,1.3860425,1.6495521
7.94118,1.8481563,1.6902301
8.072785,2.489732,1.9319052
7.9340014,2.975774,2.2337
7.886145,3.1196425,2.4801607
8.008179,2.9542387,2.4394827
8.008179,2.9542387,2.4394827
8.068,2.6144578,2.0901306
8.008179,2.2959132,1.704587
7.7617183,2.12363,1.2352947
7.8550386,2.4394827,1.407877
7.8550386,2.4394827,1.407877
8.233403,2.949453,1.7428722
8.953942,3.437888,1.975275
10.069596,3.6726837,2.9398818
10.031311,3.6149569,3.167499
10.538888,3.83061,2.3988047
11.633006,3.9191444,1.1970096
12.032608,3.5623147,0.2727818
12.032608,3.5623147,0.2727818
11.381461,3.016452,-0.19142582
10.797313,2.6407788,0.16749759
11.24507,2.8704898,3.5814574
11.570793,3.301497,6.1791654
11.570793,3.301497,6.1791654
10.675279,3.5216367,7.3977103
8.400901,3.437888,6.6149583
6.207879,2.2624137,3.1196425
6.495317,1.3836497,2.085345
6.495317,1.3836497,2.085345
7.266105,1.0079765,2.0279171
8.343473,1.3549358,2.6982067
8.903693,1.9680966,3.531208
8.846265,2.4299114,4.0770707
8.680861,2.7556343,4.23051
8.717052,2.908775,4.0651064
8.860622,2.4969103,3.5264223
8.817552,1.5227325,2.65035
8.616255,0.5051847,1.8194425
8.580363,-0.28265217,1.393221
8.769695,-0.770788,1.3645071
9.075976,-0.8811569,1.5753746
9.346664,-0.6008976,1.8960128
9.463913,-0.050249275,2.2241287
9.576375,0.6798607,2.43709
9.576375,0.6798607,2.43709
9.767801,1.4916258,2.4993033
9.947562,2.2241287,2.4658036
10.373485,2.734099,2.1762722
10.455139,2.0255244,1.9462621
10.462317,0.7540382,1.7691933
10.500603,-0.46929234,1.5753746
10.390533,-1.0295119,1.4174483
10.375877,-0.13160525,1.8098712
10.495817,1.6016957,3.098107
10.447961,2.4059832,4.970192
10.014561,2.5905297,6.485746
9.492626,3.3661032,7.4192457
9.492626,3.3661032,7.4192457
9.837492,4.476971,7.6109705
10.847563,5.0946183,6.7130637
10.689636,3.7133617,3.828217
9.15494,1.934298,2.65035
9.15494,1.934298,2.65035
7.9387875,0.15074782,1.6304095
7.630113,-0.9601201,0.770788
7.967501,-0.6128617,0.28743783
7.9818583,0.8210373,0.94337034
7.9818583,0.8210373,0.94337034
7.838289,2.5929224,1.7356937
7.632506,3.9478583,2.271985
7.469495,4.5224347,2.5450659
7.2206416,4.321438,2.4562325
7.0002027,3.696612,2.0350957
7.187142,3.1004999,1.4509479
7.811968,2.7317061,0.7851449
8.522935,2.4131618,0.2632105
9.174082,1.9103698,0.09571291
9.966704,1.2592229,0.22731815
11.702398,0.6870392,1.1730813
11.764611,1.1300105,2.0255244
11.764611,1.1300105,2.0255244
11.752647,2.1619153,2.0231316
11.508579,3.1244283,0.8883354
10.945967,3.5072799,0.4429713
11.333605,3.8497524,2.1547368
13.55534,5.1209397,5.1400824
13.995918,5.9231334,7.7066836
10.751849,4.99412,8.178369
7.21107,3.8042889,6.799206
5.5591254,2.8585258,4.781159
5.5423756,1.9223338,2.695814
6.3107705,1.2233306,1.7285153
7.2565336,0.933799,2.0925233
8.056036,1.0989038,3.0762727
8.496614,1.6040884,4.074678
8.568398,2.2576282,4.613362
8.568398,2.2576282,4.613362
8.506186,2.7364917,4.658826
8.573184,2.695814,4.429115
8.554042,1.3692927,2.9327033
8.506186,0.6367899,2.2552354
8.506186,0.6367899,2.2552354
8.647362,0.03589234,1.9534405
8.975478,-0.37597227,1.9271195
9.880563,-0.35682967,2.2073789
10.229915,-0.0526421,2.0781665
10.033704,0.34965122,1.9127626
9.535697,0.68225354,1.6304095
8.915657,0.8353942,1.1180464
8.915657,0.8353942,1.1180464
8.451151,0.9385847,0.6511469
8.563613,1.2257234,0.4645067
9.44477,1.4557334,1.3884354
10.124631,1.0797613,2.3030918
10.124631,1.0797613,2.3030918
10.756635,0.5315057,2.8704898
11.202,0.20338993,2.9015965
11.436496,0.90508515,2.9973094
11.333605,1.4581263,3.1100712
11.333605,1.4581263,3.1100712
10.953146,1.1778669,3.4881372
10.51496,0.7636095,4.4051867
9.825528,1.1228321,5.6500525
9.41127,2.3461626,6.3945193
9.4686985,3.7851462,6.14088
9.655338,4.855336,5.219045
9.617053,4.888836,4.0363927
9.140582,3.9622152,2.9398818
8.6090765,2.695814,2.1882362
8.4679,1.5059828,1.6351951
8.642576,0.6439684,1.1754742
8.843872,0.29461628,0.97926265
8.817552,0.6583253,1.2568301
8.549256,1.5538392,1.8194425
8.173583,2.475375,2.2911277
7.819146,3.1387851,2.4418755
7.5723863,3.4354951,2.2217357
7.5053873,3.370889,1.7955143
7.713862,3.153142,1.352543
8.115856,2.9374888,1.0103694
8.451151,2.6671,0.76600236
8.613862,2.248057,0.5315057
8.613862,1.7213368,0.34486556
8.95155,1.3501502,0.325723
10.179666,1.3884354,0.49082774
11.352747,1.6806588,0.907478
11.460424,2.082952,1.6854445
11.053644,2.8034909,2.056631
11.053644,2.8034909,2.056631
11.190035,3.5838501,1.3669
11.347961,3.8042889,0.32333016
11.139786,2.96381,0.9720842
11.798111,2.774777,2.6718855
11.798111,2.774777,2.6718855
12.140584,3.2297122,4.886443
11.302498,3.5694933,6.524031
7.301997,2.746063,5.286044
6.43759,2.3150558,3.6487553
6.43759,2.3150558,3.6487553
6.483353,1.9606191,2.2265215
6.916454,1.625624,1.6686947
7.7569327,1.6878372,2.0231316
8.62822,2.219343,2.8393831
9.064013,2.746063,3.49053
9.071191,2.612065,3.6077783
9.147761,1.975275,3.1555347
9.147761,1.975275,3.1555347
9.059227,1.1730813,2.379662
8.65454,0.39511484,1.5993029
8.396115,-0.4956134,1.1754742
8.750552,-0.4668995,1.4389837
8.750552,-0.4668995,1.4389837
9.097511,-0.21774685,1.7428722
9.279665,0.1698904,1.9438694
9.3155575,0.6415756,2.1188445
9.394521,1.1467602,2.3485553
9.645767,1.6591234,2.571387
9.976275,2.0614166,2.6766713
10.349556,2.2289143,2.6671
10.687243,2.0877378,2.4299114
10.672886,1.4027922,1.9103698
10.409676,0.24885355,1.2903296
10.272985,-0.70378894,0.87158567
10.383355,-0.84765744,1.0510473
10.797313,0.14117654,1.8266209
11.022537,1.4294125,3.1842487
10.94836,2.1092732,4.6612186
10.94836,2.1092732,4.6612186
10.622637,2.4275186,5.8151574
9.746265,2.8776684,6.859026
8.985049,4.2855453,6.1097736
9.3155575,4.496114,4.5942197
9.47827,3.828217,3.289533
9.289237,2.4035904,2.449054
8.980264,0.7468598,1.9031913
8.9826565,-0.38554356,1.570589
9.23151,-0.58654064,1.50359
9.236296,0.076570325,1.6878372
8.781659,1.3764713,2.0614166
8.017751,2.7843482,2.3988047
8.017751,2.7843482,2.3988047
7.3689966,3.7731822,2.5450659
7.0746794,4.1344986,2.4969103
7.254141,3.4833515,2.1260228
7.673184,3.0068808,1.8218354
7.673184,3.0068808,1.8218354
8.144869,2.6407788,1.4413766
8.463115,2.4394827,1.1730813
8.839087,1.9657038,0.64636123
9.329915,1.8768703,0.7683952
9.329915,1.8768703,0.7683952
10.138988,1.8050855,1.0725827
10.809278,1.704587,1.6351951
10.972288,1.8098712,2.111666
11.175678,2.396412,1.7644076
11.66172,3.030809,0.9026923
11.774183,3.2177482,0.7612167
12.07837,3.114857,1.7380866
12.906587,3.167499,3.2943187
13.004692,3.545565,5.183153
11.530115,3.7971103,6.454639
8.88455,3.72054,6.131309
6.4761744,3.301497,4.8696933
5.5926247,2.6024938,3.502494
5.925526,1.8314066,2.5570302
6.7130637,1.3334004,2.3892334
7.8550386,1.4653047,2.9039893
8.853444,2.0757737,3.7636108
9.116654,2.7149563,4.3334017
8.774481,3.030809,4.3334017
8.601898,2.94706,3.9885364
8.769695,2.3724837,3.3756745
8.882157,1.4605191,2.5522444
8.831908,0.54346985,1.7237296
8.71466,-0.19381863,1.1802598
8.776874,-0.50039905,1.1730813
9.035298,-0.49082774,1.5083755
9.301201,-0.39750767,1.7548363
9.341879,-0.17228323,1.8696918
9.341879,-0.17228323,1.8696918
9.150154,0.15553348,1.9704895
8.9348,0.5602196,2.099702
9.629018,1.9199411,2.5378876
10.20838,2.4275186,2.894418
10.20838,2.4275186,2.894418
10.751849,2.7125635,3.004488
10.785349,2.1762722,2.5064816
10.040882,-0.23928227,1.3860425
9.835099,-0.1268196,1.5299109
9.835099,-0.1268196,1.5299109
10.431211,1.0271192,2.5064816
11.185249,1.8266209,3.9957147
11.04168,2.2265215,5.1568317
10.201201,2.8250263,5.8223357
9.277272,3.5623147,6.593423
9.966704,4.45065,5.063512
10.416854,4.196712,3.8258243
10.416854,4.196712,3.8258243
10.270593,3.4809587,2.9063823
9.4686985,2.4035904,2.181058
8.673683,0.45014977,1.0582259
8.733803,0.19860429,0.80189466
8.733803,0.19860429,0.80189466
8.582756,0.5697909,0.8282157
8.307581,1.4724833,1.1874382
7.9052877,2.530709,1.4988043
7.5149584,3.2967114,1.5538392
7.234998,3.6559339,1.462912
7.089036,3.545565,1.2855439
7.2206416,3.1435707,1.055833
7.5699935,2.7652056,0.81625164
7.8717885,2.5232315,0.5626124
8.166405,2.3868406,0.31375888
8.649755,2.2695923,0.124426775
9.392128,2.1164517,0.08853444
10.241879,1.8696918,0.23688944
10.890634,1.5801603,0.68225354
11.135,1.5346966,1.2855439
11.135,1.5346966,1.2855439
11.091929,1.9872392,1.2999009
11.453245,2.693421,0.47886363
12.9185505,3.5120654,0.7325028
13.759029,3.8330028,2.6048865
13.447663,4.328616,4.5559344
11.053644,4.6779685,5.3700924
8.18794,4.76411,4.627719
6.107381,4.321438,3.342175
5.374878,3.3206396,2.0685952
6.1384873,2.044667,1.3549358
7.8000035,0.9625129,1.6471593
9.451948,0.74446696,2.7029922
9.451948,0.74446696,2.7029922
10.469497,1.2329018,3.775575
10.591531,1.7715861,4.084249
9.056833,2.12363,2.5450659
8.386544,1.7572291,1.7763717
8.386544,1.7572291,1.7763717
8.096714,1.1419746,1.378864
8.18794,0.5697909,1.2903296
8.76491,0.06699903,1.5299109
9.126225,0.19621146,1.6974086
9.126225,0.19621146,1.6974086
9.447163,0.4334,1.7907287
9.638589,0.69182485,1.759622
9.7654085,0.87158567,1.6136597
9.815658,0.87637126,1.4389837
9.760623,0.8138588,1.2975081
9.58834,0.79950184,1.2616158
9.439984,0.95772725,1.3286148
9.262916,1.1682956,1.3046865
8.980264,1.015155,1.1970096
9.116654,0.36400816,1.1419746
11.051251,-0.49322057,1.6782659
11.735898,-0.011964113,2.5283163
11.735898,-0.011964113,2.5283163
12.116655,1.1826526,3.1722846
11.917752,2.1738794,3.478566
11.273784,2.3030918,3.6197424
10.646565,2.1595225,4.048357
9.849456,2.3246272,5.142475
9.169296,2.9374888,5.709873
8.819944,3.8258243,4.9199424
8.915657,4.465007,3.5144582
9.3562355,4.23051,2.3940191
9.593125,3.246462,1.8290138
9.322736,2.14038,1.6854445
8.937193,1.4150555,1.6591234
8.817552,1.1994023,1.611267
8.831908,1.4605191,1.6088741
8.640183,2.1619153,1.6950158
8.640183,2.1619153,1.6950158
8.147262,2.949453,1.7907287
7.6540413,3.449852,1.8337995
7.285248,3.2009985,1.5394822
7.390532,2.7173493,1.2065809
7.390532,2.7173493,1.2065809
7.7234335,2.3389843,0.85483587
8.23819,2.1714866,0.54346985
9.255438,2.396412,0.1052842
9.583553,2.2576282,-0.27756742
9.808479,1.7620147,-0.53629136
10.17488,1.1563315,-0.5051847
10.620244,0.7755736,-0.09571291
10.620244,0.7755736,-0.09571291
11.137393,1.0103694,0.77796644
11.628221,1.9776679,1.2927225
11.920145,4.067499,0.45014977
11.891431,4.508078,1.5418751
11.891431,4.508078,1.5418751
12.858729,5.1089754,3.6149569
13.418949,5.5663037,5.628517
8.343473,4.24726,5.8127646
6.1911297,3.3780673,4.28076
6.1911297,3.3780673,4.28076
5.319544,2.2289143,2.6168506
5.9063835,1.1324034,1.6447664
7.19432,0.285045,1.8744774
8.496614,0.18424734,2.8896325
9.542876,0.96729857,3.9741793
9.782158,1.9223338,4.4195433
9.298808,2.4251258,4.1225343
8.82473,2.5208387,3.464209
8.661719,2.2839491,2.8202405
8.733803,1.7333009,2.353341
8.803194,0.9936196,1.989632
8.853444,0.24646074,1.7285153
8.930014,-0.22731815,1.6998014
8.985049,-0.3065804,1.8864416
9.099904,-0.08135597,2.1020947
9.243474,0.36161533,2.193022
9.3155575,0.89312106,2.1834507
9.305986,1.3573287,2.1355941
9.3155575,1.7237296,2.082952
9.459127,2.0183458,2.0733807
9.645767,2.1619153,2.1212373
9.803694,2.1714866,2.0949163
9.827921,1.9199411,1.8409779
9.70798,1.1491531,1.5610176
9.849456,0.08135597,1.3310076
10.359127,-0.59611195,1.0749756
10.940883,-0.45972106,1.0749756
11.161322,0.059820566,1.5275182
11.161322,0.059820566,1.5275182
11.146964,0.72771716,2.3509483
11.249856,1.3549358,3.3900316
10.706386,1.7404794,4.402794
9.58834,1.9534405,4.7715874
9.58834,1.9534405,4.7715874
8.520542,2.3724837,4.848158
8.269296,2.96381,4.148855
10.024133,3.1579278,2.652743
10.534102,2.487339,2.1858435
10.534102,2.487339,2.1858435
10.213165,1.4820545,1.7907287
9.839885,0.49082774,1.4318053
9.779765,-0.050249275,1.0989038
9.633803,0.12921242,0.8572287
9.104691,1.015155,0.84765744
7.5556364,3.112464,1.2472588
7.012167,3.6655052,1.4246268
7.012167,3.6655052,1.4246268
6.8518476,3.7683966,1.4868401
7.136893,3.5048869,1.4102699
8.470293,2.7149563,1.16351
8.874979,2.3605196,0.9768698
8.874979,2.3605196,0.9768698
9.099904,2.003989,0.72771716
9.363414,1.6543378,0.5051847
9.796515,1.3764713,0.40947178
10.253843,1.2544373,0.6343971
10.572388,1.3669,1.3669
10.663315,1.7356937,2.0398812
10.842776,2.3054845,1.6950158
11.376676,2.7675984,0.75643104
11.527722,2.8609185,-0.031106694
10.943574,2.6407788,-0.5769694
10.368699,2.329413,-0.2536392
10.960324,2.501696,0.9696914
11.905788,3.354139,2.9446673
11.326426,4.007679,5.1568317
9.602696,4.1105704,6.25095
9.602696,4.1105704,6.25095
7.8813596,3.7540395,5.846264
6.873383,2.949453,4.508078
7.469495,1.3621143,2.0422742
8.398508,1.2257234,1.8505492
9.126225,1.4700904,2.3509483
9.38495,1.8290138,3.098107
9.363414,2.0542383,3.557529
9.332308,1.9848464,3.5551362
9.3155575,1.582553,3.126821
9.200403,1.0319048,2.4562325
8.968299,0.5602196,1.8146569
8.781659,0.19621146,1.407877
8.781659,0.19621146,1.407877
8.867801,0.0047856453,1.2807583
9.174082,-0.0023928226,1.3190435
9.447163,0.10289137,1.4820545
9.313165,0.11006984,1.4844474
9.313165,0.11006984,1.4844474
9.253045,0.17706887,1.4676976
9.451948,0.37836507,1.5346966
9.803694,0.6655038,1.7141583
9.990633,0.64875406,1.6423737
9.990633,0.64875406,1.6423737
10.112667,0.5315057,1.393221
10.083953,0.37836507,1.1467602
10.079167,0.43818563,1.1515459
10.191629,0.663111,1.2711871
10.292129,0.8282157,1.3453646
10.220344,0.93619186,1.5323038
9.976275,0.9601201,2.111666
10.076775,1.1706885,3.0332017
10.538888,1.4724833,4.24726
10.584352,1.6208383,5.0491548
9.700802,1.7811574,4.9845486
8.680861,2.204986,4.3836513
8.822337,2.9279177,3.4857445
10.060024,3.301497,2.9709885
11.328819,2.9949167,2.923132
11.690434,2.1858435,2.8872397
11.249856,1.1826526,2.6838498
10.660922,0.4214359,2.2337
9.983455,0.20817557,1.6064813
8.999406,0.6343971,1.096511
7.8957167,1.5777674,0.8330014
7.022037,2.6096723,0.7468598
6.586244,3.3684962,0.7085746
6.6771717,3.6631124,0.7396813
7.077072,3.399603,0.8428718
7.620542,2.841776,0.9553344
8.245368,2.32702,1.0582259
8.647362,1.9920249,1.0271192
8.647362,1.9920249,1.0271192
8.760123,1.8553349,0.8258229
8.788837,1.8816559,0.7181459
9.902099,2.7652056,1.2329018
10.3017,2.9422746,1.2735798
10.3017,2.9422746,1.2735798
10.380663,2.638386,1.6328024
10.60828,2.2576282,2.0135603
11.218749,2.2097716,1.1491531
11.594721,2.3102703,1.3286148
11.594721,2.3102703,1.3286148
12.042179,2.5498517,2.3629124
12.437294,3.275176,4.031607
12.154941,4.182355,5.7673006
10.3232355,4.5942197,6.3275204
7.984251,4.2687955,5.590232
6.4977098,2.6312077,3.5479577
7.1560354,2.1092732,3.0690942
7.1560354,2.1092732,3.0690942
8.115856,2.1379871,3.2368908
8.944371,2.475375,3.8234315
9.025727,2.6982067,4.505685
8.644969,2.4705894,4.2975097
8.644969,2.4705894,4.2975097
8.443972,2.1355941,3.926323
8.439186,1.7237296,3.5431721
8.5372925,1.218545,3.181856
8.685647,0.6750751,2.9566314
8.925228,0.36400816,2.96381
9.152547,0.41665024,3.1890345
9.308379,0.73011,3.519244
9.495019,1.1682956,3.7444685
9.633803,1.5873387,3.7995033
9.629018,1.9558334,3.8784664
9.449555,2.2337,4.0555353
9.102298,2.271985,4.1608195
8.769695,1.9944177,4.139284
8.5349,1.3860425,4.045964
8.393723,0.581755,4.0890346
8.393723,0.581755,4.0890346
8.460722,-0.05503492,4.4721856
8.834301,-0.05742774,4.8194437
8.882157,1.9704895,3.8952162
8.558827,3.2799616,3.2536407
8.678469,4.4243293,2.7843482
9.277272,5.0276194,2.6216364
9.794122,4.8122654,3.016452
10.129416,4.2999024,3.6364923
10.241879,3.9358943,3.7588253
10.036097,3.559922,3.2273195
9.495019,3.2536407,2.4658036
8.760123,3.2321053,1.745265
8.760123,3.2321053,1.745265
8.3530445,3.49053,1.1611172
8.056036,3.7109687,0.8138588
8.091928,3.6029928,1.2759727
8.690433,3.461816,1.8385851
8.690433,3.461816,1.8385851
9.183653,3.4689946,2.243271
9.164511,3.559922,2.3724837
8.199904,3.4737802,2.099702
8.015358,3.4331024,2.003989
8.015358,3.4331024,2.003989
8.175976,3.5694933,2.0470598
8.398508,3.8712878,2.2073789
8.546864,4.151248,2.4514468
8.666505,4.316652,2.6647072
8.68804,4.412365,2.7675984
8.621041,4.4195433,2.7245276
8.566006,4.273581,2.542673
8.606684,4.005286,2.3365912
8.762517,3.6990047,2.1308086
8.915657,3.3684962,1.9151554
9.190832,2.8896325,1.5155541
9.389735,2.9566314,1.3429717
9.389735,2.9566314,1.3429717
9.435199,3.19382,1.1587243
9.186047,3.4713874,1.0845468
8.776874,3.72054,1.1419746
8.745767,3.8521454,1.2233306
9.712767,3.6340995,1.6208383
11.240284,3.3469608,3.2679975
12.219547,3.3493536,4.8026943
11.240284,3.1363924,4.5320063
9.08794,2.2839491,3.545565
8.077571,1.1300105,2.815455
8.137691,0.050249275,2.2624137
8.786445,-0.6343971,1.9920249
9.753445,-0.34247273,2.477768
9.98824,0.62482584,3.39721
9.573982,1.4198412,4.148855
9.573982,1.4198412,4.148855
9.202796,1.9800607,4.517649
8.915657,2.3246272,4.4745784
8.67129,1.7213368,3.5479577
8.853444,1.0749756,3.0379875
8.853444,1.0749756,3.0379875
9.178867,0.39511484,2.6359932
9.456735,-0.20817557,2.3724837
9.815658,-0.73011,2.044667
9.81805,-0.42861435,1.9271195
9.698409,0.13878371,1.8385851
9.528519,0.71336025,1.8505492
9.396914,1.1132607,1.989632
9.396914,1.1132607,1.989632
9.370592,1.352543,2.1475582
9.437592,1.4844474,2.243271
9.770194,1.218545,2.2265215
9.875777,0.7755736,2.0542383
9.875777,0.7755736,2.0542383
9.930812,0.31375888,1.8816559
9.954741,-0.023928227,1.7883358
10.040882,-0.26799613,1.9824536
10.397712,-0.24885355,2.231307
10.397712,-0.24885355,2.231307
10.926525,-0.30897322,2.382055
11.22832,-0.5267201,2.4011974
11.094322,-0.8042875,2.193022
10.677672,-0.9529416,1.8433708
10.261022,-0.5985048,1.7237296
10.002597,0.27038896,2.085345
9.772587,1.1659029,2.8992038
9.597911,1.9558334,3.8066816
9.361021,2.6407788,4.5942197
8.894122,3.2536407,5.259723
8.443972,3.9143589,5.4179487
8.513364,4.575077,4.831408
9.274879,4.752146,3.8952162
10.009775,4.0962133,2.94706
10.093524,2.894418,2.0518453
9.837492,1.4270196,1.3357933
9.688838,0.15792629,0.84017986
9.655338,-0.48125646,0.55782676
9.485448,-0.3999005,0.541077
9.080762,0.3400799,0.7157531
8.443972,1.3740784,0.9170493
7.7736826,2.3605196,1.1300105
7.4718876,3.1555347,1.3692927
7.6133633,3.6149569,1.6064813
8.068,3.679862,1.8074784
8.623434,3.449852,1.8337995
9.018549,3.083451,1.59691
9.174082,2.6455646,1.1778669
9.174082,2.6455646,1.1778669
9.169296,2.1188445,0.74207413
9.056833,1.5538392,0.45014977
9.205189,1.0390832,0.36161533
9.87817,1.326222,0.55304116
9.87817,1.326222,0.55304116
10.440783,1.8601205,0.8811569
10.586744,2.4514468,1.1970096
10.895419,3.6487553,0.98883396
11.26182,3.8712878,0.54346985
11.26182,3.8712878,0.54346985
11.666506,3.7133617,0.5626124
12.032608,3.3732817,1.2640085
12.300903,3.1555347,2.6048865
12.099906,3.1698918,4.1201415
10.775778,3.4474592,4.927121
6.567102,3.7540395,3.4977086
5.319544,3.153142,2.4729822
5.319544,3.153142,2.4729822
5.4203415,2.2241287,2.2576282
6.626922,1.2903296,2.7532415
9.447163,1.4270196,4.3669014
9.830314,2.2265215,4.749753
9.830314,2.2265215,4.749753
9.6122675,2.8202405,4.5272202
9.186047,2.96381,3.950251
8.760123,2.748456,3.3900316
8.439186,2.3557339,2.9877381
8.324331,1.8601205,2.719742
8.453544,1.3214363,2.5737798
8.779266,0.90508515,2.559423
9.169296,0.64875406,2.5761726
9.504591,0.45732823,2.5112674
9.667302,0.36640096,2.367698
9.569197,0.40707895,2.1978076
9.341879,0.5315057,2.070988
9.224331,0.70378894,2.0015962
9.334701,0.907478,2.0757737
9.562018,1.1443675,2.3078775
9.562018,1.1443675,2.3078775
9.645767,1.3286148,2.5642085
9.609875,1.3692927,2.7556343
9.887741,1.3453646,2.3868406
9.863813,0.8596215,1.9944177
9.837492,0.19621146,1.9007984
10.076775,-0.0741775,2.1619153
10.682458,0.5027919,2.7939196
11.268998,1.6974086,3.6364923
11.455638,2.6694927,4.316652
11.374283,2.8322048,4.7545385
10.9121685,2.3772693,5.29083
9.784551,2.070988,5.8079786
9.784551,2.070988,5.8079786
8.338688,2.3605196,5.7720866
7.3115687,3.167499,4.9031925
7.5990067,3.6846478,2.516053
8.558827,2.707778,1.9031913
8.558827,2.707778,1.9031913
9.499805,1.5370895,1.759622
10.244272,0.62482584,1.9247267
10.385748,0.8210373,2.2648067
9.590733,1.785943,2.2145574
9.590733,1.785943,2.2145574
8.510971,2.7508488,2.1188445
7.5173516,3.411567,2.085345
6.9595246,3.7588253,2.0757737
6.8925257,3.7995033,2.0135603
7.251748,3.6053855,1.9103698
7.900502,3.2703903,1.8050855
8.52772,2.8585258,1.6447664
8.91805,2.4442682,1.4198412
9.059227,2.0207388,1.1754742
9.114262,1.6016957,0.9553344
9.430413,1.2687942,0.6200402
9.621839,1.4533406,0.6870392
9.621839,1.4533406,0.6870392
9.722338,1.8385851,1.2017952
9.748658,2.3988047,1.9992033
10.0265255,3.0690942,2.2815564
10.96511,3.5814574,1.8409779
11.752647,3.5479577,1.2017952
11.743076,2.992524,0.43818563
11.190035,2.1020947,-0.392722
10.605887,1.2616158,-0.34486556
10.653744,1.0462617,0.69900334
11.240284,2.0255244,2.487339
11.278569,3.4977086,4.9725847
10.103095,4.520042,6.792027
8.087142,4.9103713,6.823134
6.4328046,4.520042,5.6356955
6.059524,3.670291,4.206283
6.059524,3.670291,4.206283
6.593423,2.7675984,2.992524
7.5053873,2.1906292,2.3892334
9.099904,2.1355941,3.1722846
9.284451,2.1690936,3.7875392
9.284451,2.1690936,3.7875392
9.339486,2.0685952,4.0124645
9.361021,1.7907287,3.7396827
8.961121,0.7492526,2.204986
8.724232,0.12203395,1.5753746
8.690433,-0.3065804,1.3094722
8.889337,-0.37357944,1.338186
9.145369,-0.1794617,1.5107684
9.145369,-0.1794617,1.5107684
9.267701,0.124426775,1.6471593
9.253045,0.48364928,1.6806588
9.339486,1.2017952,1.9582262
9.547662,1.4222339,2.1140587
9.547662,1.4222339,2.1140587
9.837492,1.4724833,2.1308086
10.186844,1.3908281,2.0111675
10.112667,0.6942177,1.6615162
9.935597,-0.02632105,1.4126626
9.935597,-0.02632105,1.4126626
9.995419,-0.5721837,1.1084751
10.2107725,-0.45014977,1.0510473
10.244272,0.36400816,1.5777674
10.5125675,1.8696918,2.6766713
10.881062,2.868097,4.1225343
10.9121685,2.7029922,5.3147583
10.469497,2.3174486,6.0379887
9.7247305,2.3318057,6.451947
9.480662,2.844169,6.0140605
9.772587,3.3110683,4.857729
10.074382,3.289533,3.6894333
10.021739,2.6359932,2.7436702
9.655338,1.5777674,2.1475582
9.35145,0.5458627,1.879263
9.18126,-0.047856454,1.6878372
8.989835,-0.021535404,1.5059828
8.707481,0.6966105,1.4916258
8.156834,1.9295124,1.6710875
7.5870423,3.1435707,1.9247267
7.3043904,4.0124645,2.0901306
7.2062845,4.321438,2.1092732
7.1560354,3.9598224,1.9704895
7.278069,3.3206396,1.7356937
7.6492558,2.8345976,1.407877
8.147262,2.5905297,1.0510473
8.652147,2.4993033,0.7372885
9.162118,2.396412,0.4956134
9.70798,2.0925233,0.35204405
9.70798,2.0925233,0.35204405
10.299307,1.6088741,0.27756742
10.775778,1.2664014,0.5697909
11.187642,2.2073789,2.2097716
11.460424,3.3445678,1.4413766
11.460424,3.3445678,1.4413766
11.424532,3.9693937,0.23449662
10.558031,3.92393,0.45254257
12.506686,4.0555353,4.3262234
12.571292,4.158427,6.650851
12.571292,4.158427,6.650851
10.629815,3.399603,7.474281
8.259725,2.5570302,6.5647087
6.792027,1.9199411,5.0108695
6.7058854,1.4003994,3.4139597
7.132107,0.9840483,2.489732
8.1015,1.230509,3.0020952
8.604291,1.7404794,3.5838501
8.604291,1.7404794,3.5838501
8.7673025,2.1714866,3.8760736
8.781659,2.3772693,3.9287157
8.927621,1.759622,3.222534
8.898908,0.92183495,2.3988047
8.898908,0.92183495,2.3988047
8.860622,0.08135597,1.7165512
8.891729,-0.57457656,1.4605191
9.016156,-0.8739785,1.4940187
9.159725,-0.7540382,1.637588
9.245867,-0.35204405,1.8170497
9.229117,0.11724831,1.9510478
9.102298,0.55782676,2.0781665
8.932407,0.9529416,2.2767708
8.965906,1.3166506,2.487339
9.325129,1.6519449,2.5378876
9.657731,1.8242282,2.4586253
9.746265,1.7955143,2.5546372
9.767801,1.4027922,2.6718855
9.806087,0.50039905,2.260021
10.08156,-0.086141616,1.5753746
10.08156,-0.086141616,1.5753746
10.548459,0.20817557,1.3764713
10.581959,0.79471624,1.6926229
10.272985,1.8433708,3.1770704
10.955539,1.7141583,4.153641
10.955539,1.7141583,4.153641
11.688042,1.2855439,4.9031925
11.259427,1.3070793,5.6596236
8.779266,2.5809584,6.023632
8.436793,3.4474592,4.9917274
8.570791,3.8928235,3.8880377
8.891729,3.5168512,3.0284162
9.013762,2.5785656,2.4251258
9.013762,2.5785656,2.4251258
9.030513,1.5610176,2.085345
9.162118,0.8955139,1.9390837
9.21476,1.4916258,1.9390837
8.760123,2.461018,2.082952
8.760123,2.461018,2.082952
8.195119,3.1794631,2.2576282
7.7617183,3.409174,2.2911277
7.3953176,2.9159534,1.7141583
7.630113,2.6455646,1.4222339
7.630113,2.6455646,1.4222339
8.084749,2.4945176,1.2400804
8.525328,2.4227328,1.1180464
8.7577305,2.3030918,0.96729857
8.851051,2.0470598,0.7468598
8.997013,1.6926229,0.49800622
9.270094,1.3549358,0.43100718
10.167702,1.2568301,0.73011
11.15175,1.3692927,1.352543
10.924132,1.6064813,2.0063818
10.6154585,2.164308,1.7715861
11.209178,2.8393831,1.0199406
11.996716,3.2799616,1.407877
12.944871,3.4019957,2.894418
13.816457,3.9047875,4.76411
12.719946,4.5248275,6.303592
9.909277,4.4482574,6.3753767
7.3522468,3.8760736,5.266902
5.745765,2.9303105,3.9478583
5.5256257,1.8768703,2.9159534
6.2844496,0.9936196,2.600101
7.282855,0.6678966,2.9614172
8.252546,1.1300105,3.6607196
9.042477,2.0494525,4.328616
9.408877,2.8106692,4.610969
9.372986,3.1028929,4.4817567
9.138189,2.9422746,4.072285
8.975478,2.3748765,3.3254254
8.822337,1.4318053,2.4442682
8.822337,1.4318053,2.4442682
8.635398,0.39511484,1.8170497
8.635398,-0.34965122,1.5394822
9.209974,-0.72293156,1.730908
9.217153,-0.4429713,1.9103698
9.217153,-0.4429713,1.9103698
9.016156,-0.019142581,2.0374885
8.71466,0.40468612,2.193022
8.819944,1.5538392,2.571387
9.571589,2.2624137,2.801098
9.571589,2.2624137,2.801098
10.220344,2.7053852,2.8609185
10.43839,2.5112674,2.597708
10.325628,1.489233,2.1714866
10.20838,-0.1363909,1.704587
10.2682,-1.6782659,1.2640085
11.273784,-1.8026928,1.3740784
11.845967,-0.69900334,1.89362
11.845967,-0.69900334,1.89362
11.9153595,0.44536412,2.8202405
11.58515,1.7524434,4.2975097
9.650553,3.7301114,6.4977098
8.589934,4.4147577,5.884549
8.589934,4.4147577,5.884549
8.056036,4.982156,4.2568316
8.05125,4.9319067,2.571387
8.427222,4.01725,1.50359
8.805588,2.4801607,1.1180464
9.075976,0.9816555,1.015155
9.523733,0.1268196,0.9768698
10.071989,0.09571291,1.1515459
10.076775,0.77796644,1.5418751
9.320343,1.7333009,1.8649062
8.324331,2.571387,1.9968106
7.5125656,3.1387851,1.8960128
7.0411797,3.3254254,1.6399808
6.9786673,3.1579278,1.4772689
7.309176,2.8872397,1.434198
7.929216,2.7675984,1.3980067
7.929216,2.7675984,1.3980067
8.554042,2.7771697,1.3142579
8.970692,2.748456,1.1108679
9.377771,2.1882362,0.5171488
9.638589,1.7931215,0.25842485
9.909277,1.4605191,0.22013968
10.318449,1.3669,0.5841478
10.7279215,1.7117655,1.244866
10.984252,2.5112674,1.4389837
11.3575325,3.3445678,0.8811569
11.429317,3.7301114,0.4214359
11.369496,3.6487553,0.9936196
12.121441,3.6173496,2.4586253
12.121441,3.6173496,2.4586253
13.30888,3.9813578,4.3501515
12.602399,3.993322,5.9231334
7.5723863,2.798705,5.101797
6.1887364,2.12363,3.6436708
6.1887364,2.12363,3.6436708
6.0954165,1.5107684,2.4586253
6.6101727,1.1371889,2.1188445
8.18794,2.044667,3.2943187
8.889337,2.7173493,4.043571
8.889337,2.7173493,4.043571
9.085547,2.9279177,4.3525443
9.107083,2.76042,4.2855453
9.142975,2.3389843,3.9837506
8.999406,1.5658033,3.382853
8.762517,0.6056832,2.6072793
8.592327,-0.20338993,2.0494525
8.5014,-0.6655038,1.8170497
8.573184,-0.7396813,1.7500507
8.865408,-0.4884349,1.7979071
9.217153,-0.047856454,1.9992033
9.425628,0.93619186,2.6623142
9.380164,1.2879368,2.9015965
9.380164,1.2879368,2.9015965
9.593125,1.6088741,3.0475588
10.107881,1.9510478,2.9446673
10.392926,2.015953,2.5905297
10.162916,1.5921243,2.3078775
9.847063,0.6415756,2.14038
9.794122,-0.6008976,1.8098712
10.0983095,-1.2161521,1.5729818
10.744671,-0.4429713,1.9630119
11.340783,0.9553344,2.908775
11.594721,1.8361923,3.8042889
11.5061865,2.1332014,4.6085763
10.782956,2.3222344,5.7194443
9.533304,2.7532415,6.59103
8.496614,3.502494,6.2868423
7.986644,4.421936,4.912764
7.986644,4.421936,4.912764
8.058429,4.793123,3.4594233
8.56122,4.179962,2.559423
9.171689,1.5227325,1.9657038
9.425628,0.4764708,1.9007984
9.425628,0.4764708,1.9007984
9.562018,0.07178468,1.8146569
9.530911,0.4118646,1.7285153
8.496614,2.2217357,1.8840487
7.75454,2.841776,1.9680966
7.2493553,3.1244283,1.9199411
7.1273212,3.0499516,1.7931215
7.4096746,2.7795627,1.611267
7.4096746,2.7795627,1.611267
8.003393,2.516053,1.3884354
8.525328,2.3102703,1.1228321
9.052048,1.7261224,0.55782676
9.463913,1.352543,0.41904306
9.463913,1.352543,0.41904306
9.894919,1.0031909,0.38793638
10.122238,0.77318084,0.55782676
10.469497,1.6854445,2.382055
10.675279,2.9446673,2.6862426
10.675279,2.9446673,2.6862426
11.254642,4.060321,1.7883358
11.462817,4.465007,0.8234301
11.163714,4.189533,0.392722
11.292927,3.4953158,0.9553344
12.229118,3.1387851,2.4466612
12.810873,3.5001013,4.35733
11.379068,3.8545382,5.870192
8.91805,3.7061832,6.1767726
7.038787,3.1555347,5.2812586
6.181558,2.3581266,3.8330028
6.48096,1.4003994,2.7388847
7.170392,0.63200426,2.353341
7.926823,0.5554339,2.5136602
8.76491,1.1419746,2.923132
9.250652,1.9007984,3.301497
9.19801,2.367698,3.4809587
8.99462,2.4514468,3.461816
8.953942,2.2695923,3.2799616
8.927621,1.8122641,2.882454
8.834301,1.1467602,2.3078775
8.788837,0.45732823,1.8026928
8.819944,-0.038285162,1.582553
8.932407,-0.23688944,1.6136597
9.056833,-0.22492532,1.7141583
9.135797,-0.062213387,1.8002999
9.15494,0.20578274,1.8864416
9.052048,0.52193445,2.0279171
8.965906,0.85483587,2.2528424
8.965906,0.85483587,2.2528424
9.164511,1.2257234,2.5088747
9.633803,1.5897316,2.6742785
10.553246,1.785943,2.3246272
10.787742,1.6040884,1.7572291
10.787742,1.6040884,1.7572291
10.486246,0.86919284,1.1802598
10.04806,-0.21296121,0.9912268
10.7351,-0.81864446,2.1355941
11.920145,0.22731815,3.2440693
11.920145,0.22731815,3.2440693
12.580863,1.4988043,4.1727834
12.061321,2.3772693,4.982156
10.6561365,2.7388847,5.8944197
9.0233345,2.8226335,6.3346987
7.902895,2.9973094,5.7577295
8.178369,3.6631124,3.2153554
8.831908,3.3062828,2.396412
8.831908,3.3062828,2.396412
9.037691,2.3629124,2.1212373
8.958728,1.1754742,2.1499512
9.3155575,0.43818563,2.329413
9.392128,1.230509,2.4658036
9.392128,1.230509,2.4658036
8.896515,2.3844478,2.5354948
8.103892,3.3852458,2.4681966
7.428817,3.9071803,2.2815564
7.0148587,3.777968,2.0231316
6.9212394,3.2201412,1.7572291
7.2086773,2.6312077,1.489233
7.821539,2.2121646,1.2640085
8.494222,2.0183458,1.07019
8.985049,2.0374885,0.86201435
9.35145,2.082952,0.6655038
9.746265,1.8816559,0.5027919
10.071989,1.4916258,0.52193445
10.246665,1.1946167,0.9696914
10.373485,1.3286148,1.9776679
10.565209,2.2360928,2.5378876
10.565209,2.2360928,2.5378876
11.230713,3.4307094,1.8481563
11.807682,4.086642,0.8596215
11.862718,3.6990047,1.7548363
12.437294,3.4666018,3.234498
12.245868,3.5264223,5.101797
10.845169,3.5503507,6.372984
8.738588,3.5072799,6.14088
6.815955,3.0619156,4.963013
5.8390856,2.193022,3.7348971
6.0547385,1.2137593,3.054737
6.923632,0.63200426,2.9446673
8.144869,0.81625164,3.263212
8.144869,0.81625164,3.263212
9.147761,1.5394822,3.7277186
9.365807,2.2360928,3.9885364
8.649755,2.6575286,3.6918263
8.59472,2.353341,3.4259238
8.59472,2.353341,3.4259238
8.740981,1.7285153,3.0116663
8.774481,0.95054877,2.461018
8.738588,-0.2440679,2.0279171
8.85823,-0.32093734,2.085345
8.85823,-0.32093734,2.085345
8.989835,-0.078963146,2.1212373
9.032906,0.31615168,2.0949163
8.989835,0.6655038,2.1044874
8.961121,0.8353942,2.2528424
9.109476,0.91226363,2.4801607
9.514162,1.1395818,2.7364917
10.002597,1.50359,2.9374888
10.412068,1.8601205,2.9877381
10.483853,1.8984057,2.6886353
10.112667,1.2400804,2.1475582
10.186844,-0.6774679,1.4844474
10.593924,-0.7636095,1.462912
10.593924,-0.7636095,1.462912
10.7590275,-0.15553348,1.8409779
10.849956,0.9936196,2.5331018
10.778171,1.9462621,3.3062828
10.7590275,2.082952,4.0698924
10.696815,1.7907287,5.073083
9.849456,1.8577276,6.255736
8.79123,2.6288147,6.7633133
8.266903,3.8114674,6.090631
8.333902,4.840979,4.7715874
8.755338,4.922335,3.545565
9.147761,4.0100718,2.65035
9.224331,2.6312077,2.193022
9.195618,1.3716856,2.085345
9.245867,0.70618176,2.0518453
9.126225,0.7372885,2.044667
9.126225,0.7372885,2.044667
8.738588,1.4174483,2.1690936
8.178369,2.4179473,2.3653052
7.2613196,3.6149569,2.4394827
7.1679993,3.5694933,2.2265215
7.1679993,3.5694933,2.2265215
7.2756763,3.1986058,1.8960128
7.562815,2.7915268,1.5897316
8.453544,2.4825535,1.16351
8.781659,2.542673,0.9553344
8.989835,2.4658036,0.770788
9.270094,2.1690936,0.6750751
9.643374,1.7955143,0.69182485
9.643374,1.7955143,0.69182485
9.976275,1.5514464,1.0271192
10.3017,1.6758732,1.9848464
11.599507,3.7660038,2.0542383
12.310474,4.345366,1.0893325
12.310474,4.345366,1.0893325
11.800504,4.156034,0.6511469
11.49153,3.4546378,1.1563315
12.202797,3.1435707,4.1057844
10.818849,3.5001013,5.5136614
10.818849,3.5001013,5.5136614
9.044869,3.5479577,5.985347
7.6755767,3.1220353,5.4753766
6.6556363,2.329413,4.436293
6.567102,1.4796617,3.5383866
7.0555367,0.8596215,3.0933216
7.7234335,0.9026923,3.1244283
8.510971,1.5753746,3.4283166
8.973084,2.4227328,3.7348971
8.819944,3.0403802,3.8665023
8.499007,3.2727833,3.8330028
8.496614,3.112464,3.670291
8.73141,2.559423,3.2560334
8.930014,1.7763717,2.6192434
9.004191,0.96729857,2.0207388
9.006584,0.32093734,1.6615162
8.973084,-0.016749758,1.5777674
9.037691,-0.050249275,1.5801603
9.190832,0.15074782,1.5610176
9.29163,0.43818563,1.5945172
9.301201,0.67028946,1.7356937
9.24826,0.8596215,1.9247267
9.296415,1.1228321,2.1092732
9.566804,1.5275182,2.260021
9.842278,1.989632,2.3748765
9.926026,2.3581266,2.2815564
9.636196,2.1379871,1.8816559
9.365807,1.0917253,1.556232
9.904491,-0.26081768,1.582553
9.904491,-0.26081768,1.582553
11.065608,-1.1826526,1.7955143
12.030215,-1.2687942,2.0470598
11.927323,0.5913263,2.65035
11.290534,1.3980067,2.8657043
11.290534,1.3980067,2.8657043
10.589137,1.8074784,3.4259238
9.803694,2.1068804,4.6779685
8.324331,3.6317065,6.1911297
7.984251,4.694718,5.5519466
7.984251,4.694718,5.5519466
7.8837523,5.5160546,4.2855453
8.015358,5.4370914,3.153142
8.365009,4.4410787,2.5666013
8.740981,3.1459637,2.329413
9.131011,2.0757737,2.1355941
9.617053,1.3884354,1.8170497
9.396914,1.9390837,1.867299
9.396914,1.9390837,1.867299
8.848659,2.7388847,1.9992033
8.137691,3.354139,2.0662024
7.0196443,3.7061832,1.8649062
6.923632,3.5048869,1.6854445
6.923632,3.5048869,1.6854445
7.096215,3.2679975,1.50359
7.3163543,3.042773,1.311865
7.579864,2.7843482,1.1515459
7.960323,2.5040889,1.055833
8.427222,2.204986,1.0462617
8.9826565,1.9414765,1.0845468
9.679267,1.759622,1.1036894
10.43839,1.6878372,1.2089736
11.005788,1.8074784,1.5394822
11.039288,2.1188445,1.9462621
10.909776,2.5402803,1.9534405
11.149357,2.8776684,1.4003994
11.446067,2.868097,0.72293156
11.570793,2.7149563,0.7516454
12.12862,2.8513472,1.785943
12.12862,2.8513472,1.785943
13.129119,3.5168512,3.5407794
12.389438,4.505685,5.6500525
7.0603223,5.250152,6.0164533
5.59741,4.5535417,4.4195433
5.59741,4.5535417,4.4195433
5.5591254,3.5048869,3.0499516
6.4423757,2.3581266,2.3916261
8.865408,1.556232,3.6053855
9.506984,2.0279171,4.4434714
9.463913,2.4011974,4.6899323
9.243474,2.3102703,4.220939
9.092726,1.7883358,3.4450665
9.092726,1.7883358,3.4450665
8.963513,1.0749756,2.7508488
8.729017,0.45254257,2.181058
8.585149,-0.2632105,1.785943
8.908479,-0.27517462,1.934298
8.908479,-0.27517462,1.934298
9.325129,-0.05742774,2.1834507
9.645767,0.325723,2.3581266
9.619446,1.1324034,2.1308086
9.480662,1.2376875,1.9848464
9.480662,1.2376875,1.9848464
9.528519,1.1611172,1.9558334
9.688838,0.974477,1.9968106
9.830314,0.7923234,2.0901306
9.97149,0.77318084,2.1308086
10.055239,0.8500503,2.111666
10.0265255,0.7755736,2.0422742
9.978668,0.6152545,1.8649062
9.969097,0.78035927,1.8002999
9.820743,1.3501502,2.0925233
9.743873,2.1499512,2.827419
10.191629,2.5184457,3.8066816
10.672886,2.1499512,4.6803613
10.639387,1.9776679,5.3123655
9.832706,2.5232315,5.8630137
8.851051,3.3445678,5.9494543
8.67129,3.8210387,5.111368
9.047262,3.7707894,3.9837506
9.674481,3.3278182,3.1842487
10.2347,2.7149563,2.7388847
10.095917,2.1547368,2.5064816
9.435199,1.7333009,2.2911277
8.831908,1.4868401,1.9390837
8.472686,1.5394822,1.4940187
8.302795,1.9151554,1.2855439
8.216654,2.4969103,1.4581263
8.118249,3.0212376,1.7356937
7.876574,3.2249267,1.9103698
7.5460653,3.1459637,1.9824536
7.5460653,3.1459637,1.9824536
7.3283186,2.9327033,1.8960128
7.4862447,2.7388847,1.6686947
8.396115,2.585744,1.3046865
8.702696,2.4299114,1.3477573
8.702696,2.4299114,1.3477573
8.946764,2.219343,1.5203397
9.068798,2.0135603,1.6447664
10.100702,1.8553349,1.7763717
10.467104,1.8744774,1.8385851
10.467104,1.8744774,1.8385851
10.486246,1.9127626,1.6280167
10.579566,1.9319052,0.9768698
11.003395,1.8696918,0.26799613
11.328819,1.6543378,-0.17228323
11.202,1.3836497,-0.40707895
10.306485,1.3357933,0.4884349
10.940883,2.0494525,2.3772693
10.940883,2.0494525,2.3772693
12.202797,3.4953158,5.034798
12.18844,5.1472607,7.9244304
7.5269227,4.955835,7.1273212
6.0523458,3.6197424,4.493721
6.0523458,3.6197424,4.493721
5.9494543,2.111666,2.4035904
6.7704916,0.9314062,1.5011971
7.888538,0.474078,1.7955143
8.755338,0.86919284,2.7891338
8.956335,1.718944,3.679862
8.772088,2.2743778,3.9335012
8.652147,2.3318057,3.7683966
8.776874,1.9510478,3.49053
9.01137,1.2472588,3.0762727
9.035298,0.56500524,2.5618157
8.889337,0.10289137,2.204986
8.9013,-0.08853444,2.1068804
8.836694,-0.038285162,2.0422742
8.604291,0.29222345,1.8122641
8.834301,1.1156535,1.6280167
8.834301,1.1156535,1.6280167
9.377771,2.181058,1.8984057
9.401699,2.6862426,2.4801607
10.368699,-0.08853444,2.8178477
11.845967,-1.8122641,2.7173493
12.535399,-1.489233,3.7253258
11.869896,0.41665024,4.8768716
10.644173,2.0614166,4.8696933
9.997811,3.114857,4.316652
9.890134,4.0363927,4.1703906
9.87817,4.5152564,4.208975
9.4280205,4.158427,3.7707894
8.7266245,3.3780673,2.9183464
8.7266245,3.3780673,2.9183464
8.295617,2.6551359,2.2576282
8.400901,1.975275,1.9390837
9.001799,1.0797613,1.9247267
8.702696,1.2496517,1.989632
8.702696,1.2496517,1.989632
8.147262,1.8290138,2.0733807
7.5699935,2.477768,2.2552354
7.158428,3.5001013,2.691028
7.400103,3.816253,2.638386
7.400103,3.816253,2.638386
7.6779695,3.868895,2.3557339
7.859824,3.5503507,1.9704895
8.001,2.9685955,1.5586249
8.242975,2.379662,1.2520444
8.815159,1.9127626,1.1180464
9.562018,1.5801603,1.1180464
9.985847,1.489233,1.4126626
10.119845,1.7883358,1.9366908
10.5029955,2.489732,2.044667
11.319247,3.1866415,1.5442679
12.911372,3.0909286,0.70378894
12.679268,2.679064,1.745265
12.679268,2.679064,1.745265
12.705589,2.9446673,4.0268216
13.129119,4.2568316,6.5288167
11.757433,5.192724,7.697112
8.738588,5.0084767,7.325926
6.4232335,4.2329035,6.346663
5.4777694,2.9973094,4.8122654
5.5854464,1.5634105,3.423531
6.2988067,0.38793638,2.9279177
7.062715,0.062213387,3.301497
7.9890366,0.7612167,4.0962133
8.882157,2.0015962,4.848158
9.1669035,3.0355947,5.10419
8.860622,3.370889,4.821837
8.410473,2.951846,4.2329035
8.180761,2.1332014,3.5742788
8.180761,2.1332014,3.5742788
8.195119,1.2831511,2.9781668
8.338688,0.4668995,2.487339
8.582756,-0.37836507,2.3940191
8.652147,-0.17228323,2.679064
8.652147,-0.17228323,2.679064
8.752945,0.2970091,2.896811
8.867801,0.85244304,2.9853454
8.740981,1.5897316,3.0212376
8.585149,1.6950158,3.0212376
8.705089,1.7955143,2.9973094
9.176475,1.9175483,2.9159534
9.820743,1.9366908,2.841776
9.820743,1.9366908,2.841776
10.467104,1.7524434,2.7101707
10.806885,1.189831,2.367698
10.3543415,-0.7492526,1.4318053
10.258629,-1.015155,1.1682956
10.258629,-1.015155,1.1682956
10.2682,-0.3592225,1.2975081
10.246665,1.2664014,2.2504497
10.129416,3.4666018,5.683552
9.585947,3.1986058,6.650851
9.585947,3.1986058,6.650851
8.930014,3.2081769,7.1679993
9.032906,3.5694933,7.170392
10.00499,3.9454653,6.401698
10.739885,3.909573,5.185546
10.526924,3.2799616,3.7947176
9.739087,2.1667008,2.6742785
9.178867,0.933799,2.0231316
8.941978,-0.019142581,1.6304095
8.774481,-0.38315073,1.3190435
8.503793,-0.04546363,1.1682956
8.082356,0.91226363,1.2855439
7.538887,2.070988,1.5370895
7.0316086,3.0092735,1.7165512
6.8015985,3.5503507,1.730908
6.820741,3.5096726,1.5873387
7.069894,3.0619156,1.4102699
7.5556364,2.6359932,1.3022938
8.118249,2.4658036,1.1467602
8.664112,2.4658036,0.8811569
9.2075815,2.3605196,0.6511469
9.731909,1.9680966,0.48364928
10.359127,1.462912,0.36640096
11.003395,1.1994023,0.65353966
11.292927,1.4246268,1.6639091
11.6593275,2.42034,2.1308086
12.140584,3.5838501,1.1180464
11.733505,4.0292144,0.031106694
10.797313,3.7803607,0.3999005
10.797313,3.7803607,0.3999005
11.137393,3.3469608,2.0207388
12.784553,3.7803607,4.625326
10.182058,3.8258243,7.9746795
7.2637124,3.2368908,7.1919274
7.2637124,3.2368908,7.1919274
6.0786667,2.6168506,5.456234
6.279664,2.0231316,3.5264223
7.3642106,1.4653047,2.638386
7.8837523,1.7763717,3.1172497
7.8837523,1.7763717,3.1172497
8.211868,2.2408783,3.545565
8.266903,2.5785656,3.7013974
8.494222,2.7029922,3.8042889
8.992228,2.4466612,3.8808591
9.270094,1.6686947,3.4570305
9.071191,-0.38315073,1.6878372
8.915657,-1.1419746,1.2161521
8.915657,-1.1419746,1.2161521
8.812766,-1.4509479,1.1419746
8.729017,-1.2400804,1.3477573
8.656933,0.047856454,2.0949163
8.7266245,0.7683952,2.571387
8.7266245,0.7683952,2.571387
8.8701935,1.4270196,2.9973094
9.245867,1.9776679,3.289533
10.00499,2.4466612,3.2153554
10.579566,2.6168506,2.7029922
10.548459,2.2097716,2.152344
10.3136635,1.218545,1.7763717
10.150951,-0.076570325,1.4174483
10.194023,-1.015155,1.0893325
10.390533,-1.1826526,1.0103694
10.363914,-0.69182485,1.448555
10.500603,0.7899306,2.516053
10.632208,2.204986,4.2592244
10.40489,2.5259235,5.721837
9.77498,2.3437698,6.296414
8.891729,2.382055,6.4977098
8.891729,2.382055,6.4977098
8.889337,3.1866415,6.17438
10.083953,4.1440697,5.508876
10.893026,3.6029928,3.6559339
9.81805,2.03031,2.6694927
9.066405,0.69182485,1.9582262
8.724232,-0.086141616,1.474876
8.506186,-0.20578274,1.1156535
8.166405,0.35682967,0.98883396
7.744969,1.3477573,1.1682956
7.3689966,2.2552354,1.4820545
7.234998,2.7723842,1.7524434
7.342675,2.949453,1.9199411
7.342675,2.949453,1.9199411
7.606185,2.935096,1.9582262
7.9507513,2.8752756,1.852942
8.183154,2.7364917,1.3405789
8.130213,2.5283163,1.1826526
8.130213,2.5283163,1.1826526
8.341081,2.2791636,1.2544373
9.090333,2.0901306,1.4389837
11.001002,1.6136597,1.5681962
11.367104,1.4605191,1.9558334
11.367104,1.4605191,1.9558334
11.4699955,1.6567305,1.7691933
11.49153,2.0398812,0.77796644
11.58515,2.2456641,-0.34486556
11.304891,2.3054845,-0.70378894
11.249856,2.43709,0.7109674
12.904194,3.3445678,3.5814574
14.194523,5.006084,6.7369924
12.044572,5.671588,8.604291
8.525328,5.1759744,8.314759
6.076274,4.3812585,6.483353
5.6261244,1.8553349,1.7141583
6.617351,0.392722,1.0510473
6.617351,0.392722,1.0510473
7.6109705,-0.37836507,1.5897316
8.625827,-0.19142582,2.734099
9.432806,0.7109674,3.8258243
9.688838,1.7620147,4.388437
9.459127,2.5450659,4.3357944
8.99462,2.8082764,3.8641095
8.673683,2.4993033,3.2488549
8.525328,1.7620147,2.6024938
8.381759,0.8138588,2.0614166
8.207083,0.011964113,1.8457636
8.180761,-0.37357944,1.9510478
8.479864,-0.4118646,2.2025933
8.889337,-0.3065804,2.3772693
9.169296,-0.08853444,2.382055
9.233903,0.2632105,2.2504497
9.233903,0.2632105,2.2504497
9.24826,0.7588239,2.085345
9.375379,1.3645071,2.0494525
10.134202,2.085345,2.1571295
10.651351,1.9390837,2.0925233
10.651351,1.9390837,2.0925233
10.974681,1.4724833,1.989632
11.072786,0.948156,1.9151554
11.070394,0.2656033,1.4988043
10.883454,0.21774685,1.3214363
10.292129,0.58893347,1.9534405
9.664909,1.4796617,3.4139597
9.487841,2.0757737,4.8194437
9.487841,2.0757737,4.8194437
9.705587,1.867299,5.7577295
9.562018,1.5801603,6.4881387
9.008977,3.1866415,6.535995
9.70798,3.9143589,5.638088
9.70798,3.9143589,5.638088
10.277771,3.6870406,4.5942197
10.182058,2.7699914,3.5766716
8.922835,0.62721866,2.1906292
8.68804,-0.023928227,2.0063818
8.68804,-0.023928227,2.0063818
8.606684,-0.023928227,2.0470598
8.4248295,0.79471624,2.1092732
8.041678,1.9968106,2.0877378
7.5029945,2.8704898,2.0111675
7.0818577,3.1076784,1.8864416
6.9212394,2.7245276,1.6734804
7.136893,2.0638096,1.4222339
7.740183,1.5490535,1.1922239
8.589934,1.4270196,1.0893325
9.320343,1.6830516,0.95772725
9.7247305,1.9606191,0.66071814
9.978668,1.8649062,0.29461628
10.071989,1.4964114,0.17467605
10.2347,1.1874382,0.48364928
10.62503,1.0582259,1.0534402
10.833205,1.3908281,1.59691
11.144571,2.4801607,1.5011971
11.604293,3.9191444,1.204188
12.135798,4.857729,2.2839491
13.222738,5.539983,4.438686
13.780564,5.860621,6.5072813
12.02543,4.9486566,7.349854
9.092726,3.6436708,6.492924
6.741778,2.5642085,4.7449675
5.4179487,1.2400804,2.9327033
5.494519,-0.20817557,2.015953
6.3370914,-1.204188,2.2169502
7.4240313,-1.2472588,3.0403802
7.4240313,-1.2472588,3.0403802
8.5372925,-0.35204405,3.9430726
9.147761,1.0199406,4.551149
8.819944,2.6718855,4.2448673
8.784052,2.6766713,3.8042889
8.784052,2.6766713,3.8042889
8.937193,2.300699,3.382853
8.963513,1.5777674,2.8489544
8.73141,0.011964113,1.9534405
8.644969,-0.28265217,1.8816559
8.644969,-0.28265217,1.8816559
8.750552,-0.27756742,1.8625133
8.973084,-0.124426775,1.8242282
9.06162,0.019142581,1.8577276
8.946764,0.11724831,1.9606191
8.784052,0.285045,2.097309
9.392128,1.1659029,2.571387
9.933205,1.7141583,2.7771697
9.933205,1.7141583,2.7771697
10.277771,2.0374885,2.6886353
10.196416,1.5801603,2.3078775
10.328021,-1.0797613,2.044667
11.249856,-1.1132607,2.746063
11.249856,-1.1132607,2.746063
12.458829,0.10289137,3.7564325
12.987942,1.0582259,4.211368
12.5019,1.4581263,4.888836
11.534901,2.1690936,6.629315
10.2825575,3.1004999,8.027322
9.171689,3.9335012,7.8311105
8.513364,4.615755,6.255736
8.058429,4.8122654,4.060321
7.5125656,4.2568316,2.181058
6.9116683,3.0020952,1.0271192
6.765706,1.5873387,0.63200426
7.433603,0.6559325,0.8859426
8.618649,0.49082774,1.5466608
9.657731,1.0725827,2.379662
10.033704,2.0925233,3.1483564
10.033704,2.0925233,3.1483564
9.617053,3.1507492,3.6894333
8.709874,3.964608,3.7420754
6.6221366,4.153641,2.3629124
6.3514485,3.6317065,1.6351951
6.3514485,3.6317065,1.6351951
6.7202425,3.0762727,1.1970096
7.443174,2.612065,1.0127622
8.965906,2.0638096,0.974477
9.439984,1.9055841,0.8955139
9.705587,1.6878372,0.6726823
9.7247305,1.5011971,0.41904306
9.882956,1.5011971,0.392722
9.882956,1.5011971,0.392722
10.244272,1.7620147,0.8955139
10.277771,2.288735,1.7069799
11.592328,3.4809587,1.1395818
12.229118,3.5934215,1.2759727
12.229118,3.5934215,1.2759727
12.911372,3.4977086,2.612065
13.485949,3.545565,4.510471
10.993824,5.089833,6.820741
7.50778,4.833801,6.0212393
7.50778,4.833801,6.0212393
5.432306,4.194319,4.634897
5.1735816,3.3661032,3.0379875
6.104988,2.4921248,2.2624137
7.199106,1.8457636,2.6216364
8.113463,1.7931215,3.4450665
8.788837,2.2121646,4.0651064
9.001799,2.5809584,4.132106
8.980264,2.597708,3.7396827
8.8701935,2.243271,3.263212
8.786445,1.5466608,2.7795627
8.733803,0.73011,2.152344
8.582756,0.0741775,1.5179468
8.549256,-0.3687938,1.1347961
8.762517,-0.58654064,1.1324034
9.0544405,-0.5602196,1.4294125
9.250652,-0.34965122,1.7691933
9.245867,0.011964113,1.9462621
9.107083,0.4860421,2.0231316
8.985049,1.0079765,2.1954148
9.0544405,1.5729818,2.489732
9.382557,2.1858435,2.7915268
9.767801,2.6359932,2.9183464
10.012168,2.4442682,2.8513472
10.201201,1.4054842,2.4921248
10.445568,-0.0047856453,1.7644076
10.766207,-0.8955139,1.2568301
11.068001,-0.63918275,1.5945172
11.395818,0.7827521,2.379662
11.395818,0.7827521,2.379662
11.211571,1.8481563,3.1172497
10.842776,1.5514464,4.0244284
9.981061,2.0111675,6.969096
9.377771,3.3900316,7.493423
9.377771,3.3900316,7.493423
9.241081,4.651647,6.305985
9.219545,5.19751,4.486542
8.961121,2.975774,2.2983062
8.700303,1.2807583,1.852942
8.700303,1.2807583,1.852942
8.729017,0.12203395,1.7500507
8.865408,-0.2536392,1.7261224
8.879765,0.15074782,1.7500507
8.613862,1.2664014,1.9872392
8.060822,2.5666013,2.3030918
7.1751776,3.7947176,2.449054
7.1632137,3.5910287,2.1451654
7.1632137,3.5910287,2.1451654
7.416853,3.1028929,1.7979071
7.8670025,2.6814568,1.5610176
8.807981,2.4155545,1.2257234
8.992228,2.1906292,0.98644114
8.992228,2.1906292,0.98644114
9.221938,1.7237296,0.7253244
9.600304,1.2209377,0.5458627
10.194023,0.9409775,0.5626124
10.773385,0.98883396,0.87158567
11.132607,1.3740784,1.5681962
11.268998,2.2121646,2.099702
11.455638,3.464209,1.7333009
11.493923,4.35733,0.89072824
10.778171,4.369294,0.49322057
10.462317,3.7564325,1.434198
11.726327,3.5144582,3.461816
12.9688,3.9215372,5.846264
11.719148,3.9574296,7.089036
8.760123,3.409174,6.509674
6.619744,2.6072793,5.19751
6.619744,2.6072793,5.19751
6.171987,1.7285153,3.4546378
6.6388865,0.9098708,2.1762722
8.262117,0.9242278,2.6982067
8.76491,1.7691933,3.4809587
8.649755,2.5737798,3.9406798
8.453544,2.9997022,4.041178
8.6090765,2.9327033,3.8832521
9.013762,2.3246272,3.4259238
9.23151,1.3980067,2.679064
9.092726,0.4645067,1.8290138
8.843872,-0.30897322,1.2233306
8.786445,-0.79710907,1.0582259
8.786445,-0.79710907,1.0582259
8.965906,-0.9553344,1.2065809
9.164511,-0.80907315,1.4027922
9.325129,0.124426775,1.6782659
9.245867,0.74207413,1.9295124
9.245867,0.74207413,1.9295124
9.2075815,1.3573287,2.2025933
9.377771,1.8314066,2.3365912
10.474282,2.1164517,2.1595225
10.589137,1.582553,1.7883358
10.589137,1.582553,1.7883358
10.426426,0.60329044,1.5490535
10.397712,-0.38793638,1.4294125
10.546066,-0.91226363,1.3286148
10.778171,-0.7157531,1.448555
11.022537,0.3592225,2.1068804
10.928918,1.5681962,3.4067812
10.651351,2.070988,4.6707897
10.342378,2.1068804,5.5184474
9.64816,2.312663,6.36102
9.164511,2.96381,6.6149583
9.365807,4.1608195,4.402794
9.38495,3.694219,3.2368908
9.38495,3.694219,3.2368908
9.135797,2.6048865,2.43709
8.985049,1.3884354,1.9438694
9.020942,0.36640096,1.704587
9.131011,-0.1363909,1.623231
9.169296,0.13160525,1.6830516
8.961121,1.0869397,1.9247267
8.551649,2.178665,2.2025933
8.0201435,2.9446673,2.2815564
7.574779,3.275176,2.1619153
7.301997,3.2249267,1.9271195
7.325926,2.9829526,1.6447664
7.670791,2.7053852,1.3812568
8.144869,2.4418755,1.1443675
8.566006,2.2384856,0.9170493
8.915657,2.0470598,0.7013961
8.915657,2.0470598,0.7013961
9.327521,1.7644076,0.48364928
9.827921,1.3286148,0.31615168
10.7685995,1.0103694,1.3477573
11.218749,1.6902301,2.530709
11.218749,1.6902301,2.530709
11.510972,2.9015965,2.5905297
11.908181,3.8904305,1.3429717
11.216356,3.8760736,0.5099703
11.845967,3.3852458,1.7883358
12.253047,3.4737802,3.6245282
10.766207,3.777968,5.3389854
8.568398,3.670291,5.9135623
8.568398,3.670291,5.9135623
7.0746794,3.3062828,5.59741
6.7585278,2.7101707,4.551149
7.780861,1.5849459,2.9303105
8.271688,1.7141583,3.0284162
8.271688,1.7141583,3.0284162
8.640183,2.2241287,3.2775688
8.717052,2.6312077,3.330211
8.530113,2.4705894,3.0762727
8.656933,1.8385851,3.0284162
8.656933,1.8385851,3.0284162
8.834301,1.0127622,2.5785656
8.851051,0.23688944,1.934298
8.73141,-0.4334,1.5011971
8.745767,-0.8572287,1.474876
8.872586,-0.86919284,1.7380866
8.958728,-0.5458627,1.9271195
8.987442,-0.076570325,1.8361923
9.073584,0.44775695,1.6351951
9.212367,0.9720842,1.5538392
9.430413,1.4294125,1.6088741
9.875777,1.8505492,1.7380866
10.414461,2.2241287,1.8505492
10.636994,2.271985,1.9199411
10.491032,1.7715861,1.8768703
10.191629,0.72771716,1.5514464
10.0265255,-0.48125646,1.1443675
10.167702,-1.2520444,1.1132607
10.696815,-0.9194421,1.6519449
11.438889,0.23449662,2.626422
11.692827,0.9625129,4.041178
11.252249,1.2496517,5.1903315
10.474282,1.8553349,5.8103714
9.820743,2.691028,6.2676997
9.58834,3.6726837,5.884549
9.516555,4.625326,4.7114677
9.322736,4.781159,3.5479577
8.774481,3.8425741,2.6647072
8.091928,2.4849463,2.1212373
8.091928,2.4849463,2.1212373
7.876574,1.489233,2.1451654
8.134998,0.95054877,2.4849463
8.712267,1.4605191,2.7939196
8.365009,2.341377,2.7699914
8.365009,2.341377,2.7699914
7.778468,3.0332017,2.5570302
7.41446,3.2775688,2.181058
7.574779,2.5040889,1.3621143
8.027322,2.0374885,1.1156535
8.027322,2.0374885,1.1156535
8.606684,1.9055841,0.9696914
9.049655,2.0183458,0.8330014
9.313165,2.0590239,0.6726823
9.727123,1.8385851,0.49800622
10.37827,1.4389837,0.3711866
11.335998,1.378864,1.1300105
11.558829,2.0805593,1.6016957
11.558829,2.0805593,1.6016957
11.345569,3.0667014,1.2927225
11.029716,3.938287,1.1371889
13.301702,5.573482,5.3772707
13.225131,6.093024,7.2972116
13.225131,6.093024,7.2972116
10.117453,4.9773703,7.3953176
7.065108,3.531208,6.1935225
5.918348,2.477768,4.4817567
6.3777695,1.5634105,2.6431718
7.4647093,1.0773684,1.8912272
8.250154,1.0797613,2.3700907
8.532506,1.3022938,3.1746774
8.554042,1.4533406,3.670291
8.384151,1.5107684,3.7253258
8.278867,1.4246268,3.4474592
8.503793,1.1012967,3.0236306
8.760123,0.68464637,2.5881367
8.760123,0.3472584,2.2241287
8.690433,0.16031912,2.0063818
8.736196,0.0741775,1.9438694
8.736196,0.0741775,1.9438694
8.91805,0.021535404,1.9800607
9.123833,0.019142581,2.0207388
9.195618,0.10767702,1.8505492
9.193225,0.22971097,1.7572291
9.23151,0.43579283,1.7069799
9.322736,0.7683952,1.730908
9.626625,1.1204392,1.8601205
10.17488,1.4581263,1.9968106
10.560424,1.5849459,1.8888344
10.407283,1.0677971,1.6998014
9.997811,0.0526421,1.6495521
9.743873,-0.8042875,1.5275182
9.743873,-0.8042875,1.5275182
9.782158,-0.933799,1.5466608
9.98824,-0.040677983,2.2791636
10.474282,3.112464,4.8290153
10.186844,3.1914272,5.846264
10.186844,3.1914272,5.846264
9.770194,3.260819,6.559923
9.576375,3.638885,7.0340014
11.704791,3.9717865,5.4107704
11.917752,3.1316066,4.153641
11.917752,3.1316066,4.153641
10.687243,1.879263,2.9374888
9.21476,0.52193445,2.0063818
8.429615,-0.6367899,1.3142579
8.228618,-1.2807583,0.7851449
8.12782,-1.1204392,0.51236314
7.945966,-0.02871387,0.6583253
7.5846496,1.5299109,1.0989038
7.3307114,2.894418,1.5753746
7.400103,3.7707894,2.0063818
7.54128,3.9957147,2.2959132
7.9220376,3.1627133,1.9582262
8.338688,2.894418,1.4676976
8.338688,2.894418,1.4676976
8.62822,2.76042,0.92662054
8.843872,2.547459,0.44775695
8.9348,2.1284158,0.14596218
9.209974,1.7428722,0.3065804
10.426426,1.59691,0.85483587
11.347961,1.6328024,1.7931215
11.302498,2.056631,2.3772693
11.774183,2.856133,1.6040884
12.286546,3.3182468,0.55064833
12.003894,3.004488,0.79950184
12.119048,2.5184457,2.1499512
13.02862,2.8633113,4.1297126
12.561721,3.411567,5.9973106
10.091131,3.3469608,6.303592
7.6013994,2.8920252,5.494519
7.6013994,2.8920252,5.494519
6.2676997,2.164308,4.429115
6.181558,1.4318053,3.2560334
7.373782,1.0055838,2.5402803
8.266903,1.6663018,3.0523443
8.266903,1.6663018,3.0523443
8.784052,2.43709,3.7277186
8.800801,2.8657043,4.0627136
8.877372,2.5208387,4.041178
8.922835,1.5897316,3.39721
8.867801,0.45972106,2.367698
8.750552,-0.41904306,1.5753746
8.702696,-0.8739785,1.3310076
8.702696,-0.8739785,1.3310076
8.815159,-0.90508515,1.4988043
9.025727,-0.58654064,1.9151554
9.147761,0.67028946,2.5881367
8.970692,1.244866,2.8058836
8.970692,1.244866,2.8058836
8.848659,1.7476579,3.0212376
9.016156,2.1858435,3.2129626
9.909277,2.4107687,3.0499516
10.158131,1.9824536,2.5402803
10.158131,1.9824536,2.5402803
9.952348,0.84017986,1.8361923
9.767801,-0.58893347,1.3884354
10.136595,-1.6591234,1.2496517
10.928918,-1.9776679,1.3190435
11.484352,-1.5203397,1.5011971
11.187642,-0.6559325,1.8146569
10.4718895,0.69182485,2.3748765
9.899706,2.271985,3.3062828
9.636196,3.275176,4.2592244
9.368199,3.411567,4.79073
8.776874,3.0499516,5.309973
8.446364,3.0523443,5.616553
9.030513,3.5551362,5.2692947
10.325628,3.7731822,4.74736
11.405389,3.3254254,4.156034
11.429317,2.4323041,3.342175
10.457532,1.4796617,2.4514468
9.229117,0.8234301,1.6567305
8.336295,0.6750751,1.0295119
7.886145,1.015155,0.7516454
7.630113,1.6471593,0.8883354
7.4790664,2.2839491,1.1850454
7.500602,2.5953152,1.4027922
7.699505,2.5208387,1.50359
7.900502,2.2169502,1.5490535
8.008179,1.9800607,1.407877
8.108678,2.003989,1.082154
8.379366,2.231307,0.75643104
8.379366,2.231307,0.75643104
8.719446,2.477768,0.5075775
9.018549,2.5354948,0.39511484
9.511769,1.9319052,0.392722
9.868599,1.5514464,0.64636123
9.868599,1.5514464,0.64636123
10.876276,1.5370895,1.4027922
11.597114,2.1355941,2.0518453
12.260225,3.926323,0.8428718
12.209976,4.1608195,1.7739788
12.209976,4.1608195,1.7739788
12.698411,4.0124645,3.3900316
13.119548,3.9215372,5.046762
11.78854,4.0244284,6.116952
9.320343,3.8138602,5.4849477
7.792825,2.8992038,4.3788652
7.199106,1.5394822,3.5288153
6.98106,0.43100718,2.8130622
7.050751,-0.038285162,2.4681966
7.4240313,0.2632105,2.5450659
8.161619,0.97926265,3.0667014
8.635398,2.2384856,3.8425741
8.544471,2.4849463,3.7253258
8.544471,2.4849463,3.7253258
8.62822,2.3916261,3.5336008
8.717052,1.9582262,3.222534
8.717052,1.3645071,2.7699914
8.6090765,0.7372885,2.3030918
8.52772,0.24646074,1.9534405
8.618649,0.033499517,1.7955143
8.855837,0.05503492,1.8744774
9.02812,0.14356937,2.085345
9.08794,0.23449662,2.2648067
9.097511,0.37836507,2.3988047
9.176475,0.6726823,2.5522444
9.542876,1.1276177,2.7436702
10.155738,1.5945172,2.9063823
10.751849,1.9390837,2.815455
10.878669,1.7237296,2.4227328
10.878669,1.7237296,2.4227328
10.4718895,0.7253244,2.0255244
10.071989,-0.5243273,1.6663018
10.222736,-1.0366904,1.4270196
10.522139,0.25842485,2.2456641
10.522139,0.25842485,2.2456641
10.778171,1.7691933,3.4953158
10.57478,2.6312077,4.6636114
9.157332,3.4857445,6.363413
9.116654,4.074678,6.818348
9.945169,4.634897,6.5718875
10.845169,4.6875396,5.5926247
10.840384,4.0268216,4.124927
10.840384,4.0268216,4.124927
9.959526,2.8896325,2.7508488
8.755338,1.5610176,1.7979071
7.9555373,-0.1698904,0.6415756
7.926823,-0.09092726,0.47168517
7.926823,-0.09092726,0.47168517
7.9340014,0.55782676,0.7827521
7.9770727,1.625624,1.474876
7.768897,3.4689946,2.6336005
7.701898,3.7013974,2.7173493
7.701898,3.7013974,2.7173493
7.646863,3.4331024,2.4586253
7.6923265,2.9398818,2.0207388
7.9363947,2.5809584,1.5227325
8.319545,2.4155545,1.041476
8.745767,2.3030918,0.69182485
9.238688,2.097309,0.5243273
9.719945,1.7165512,0.44536412
10.086346,1.3357933,0.58654064
10.62503,1.311865,1.1994023
11.158929,1.8002999,1.9968106
11.628221,2.7628129,1.9582262
12.25544,3.7037904,1.0390832
12.054143,4.0555353,0.31615168
11.106286,3.8401814,0.49322057
11.044073,3.3278182,1.7500507
11.9560375,3.3230324,3.7660038
12.032608,3.8665023,5.8920264
10.292129,3.9023945,6.906883
8.152048,3.2943187,6.4642105
6.969096,2.4323041,5.2022953
6.88774,1.5873387,3.670291
7.2900333,1.0773684,2.7053852
7.6013994,1.1180464,2.5689943
8.036893,1.6447664,2.8872397
8.348259,2.2911277,3.2943187
8.341081,2.7723842,3.5551362
8.360223,2.9111679,3.7229328
8.549256,2.5378876,3.7564325
8.549256,2.5378876,3.7564325
8.779266,1.5873387,3.313461
8.932407,0.4214359,2.3844478
9.066405,-1.244866,0.87158567
9.12144,-1.4581263,0.77796644
9.12144,-1.4581263,0.77796644
9.123833,-1.189831,1.0127622
9.102298,-0.58893347,1.3357933
8.946764,0.6200402,2.070988
8.975478,1.0917253,2.5088747
8.975478,1.0917253,2.5088747
9.375379,1.6854445,2.9614172
10.103095,2.2767708,3.3756745
10.787742,2.7317061,3.4331024
10.816456,2.3509483,2.8633113
10.294521,0.8282157,2.0398812
10.2107725,-1.1778669,1.3334004
10.723136,-0.25603202,1.9534405
10.723136,-0.25603202,1.9534405
11.335998,1.4102699,3.112464
11.429317,2.4586253,4.536792
10.0265255,3.3038898,7.038787
9.442377,3.8784664,7.7353973
9.442377,3.8784664,7.7353973
9.404092,4.4339004,6.923632
9.621839,4.692325,5.0754757
9.545269,4.240082,3.3278182
9.037691,2.9949167,2.0614166
8.376973,1.4581263,1.1611172
7.943573,0.3065804,0.68464637
7.850253,-0.18903299,0.63200426
8.175976,-0.050249275,0.9290134
8.637791,0.6870392,1.5490535
8.79123,1.8984057,2.2265215
8.525328,3.0188448,2.6048865
8.053643,3.6750765,2.5785656
7.66122,3.8401814,2.3174486
7.383353,3.519244,1.9704895
7.294819,2.9327033,1.5681962
7.294819,2.9327033,1.5681962
7.50778,2.32702,1.1395818
8.058429,1.9271195,0.78753775
9.372986,1.7835501,0.4621139
9.808479,1.6208383,0.47886363
10.0672035,1.3357933,0.70378894
10.593924,1.2951152,1.4820545
10.897812,1.7955143,2.5953152
11.271391,2.8920252,2.4849463
12.159726,3.7588253,1.2233306
12.269796,3.6487553,0.43100718
11.939288,2.8752756,0.8644072
12.413365,2.288735,2.219343
12.413365,2.288735,2.219343
13.076477,2.6647072,4.0387855
11.951252,3.4019957,5.556732
6.9595246,3.557529,5.2429733
6.0140605,3.083451,4.254439
6.0140605,3.083451,4.254439
6.3753767,2.408376,3.1316066
7.177571,1.6974086,2.6048865
8.656933,1.7811574,3.3732817
8.9826565,2.2025933,3.7995033
8.9826565,2.2025933,3.7995033
8.760123,2.5498517,3.816253
8.5349,2.8058836,3.5910287
8.489435,2.8058836,3.3086755
8.503793,2.353341,2.8800611
8.532506,1.5251254,2.2576282
8.573184,0.5626124,1.6136597
8.7673025,-0.27756742,1.1946167
9.12144,-0.86919284,1.1515459
9.451948,-1.1682956,1.3573287
9.547662,-1.0917253,1.5418751
9.205189,-0.083748795,1.8361923
9.02812,0.5913263,2.0638096
9.02812,0.5913263,2.0638096
9.008977,1.2544373,2.2983062
9.349057,1.8505492,2.4681966
9.942777,2.2408783,2.3868406
10.249058,2.1547368,2.1667008
10.299307,1.5634105,2.1188445
10.491032,0.5913263,2.1355941
10.857134,-0.31375888,1.9992033
11.170893,-0.64636123,1.7500507
11.087144,-0.45972106,1.5897316
10.469497,-0.0526421,1.5203397
9.511769,0.44536412,1.7691933
9.001799,1.5227325,2.3892334
9.147761,2.1020947,3.5647075
9.475877,1.8505492,4.558327
9.518948,1.8050855,4.970192
9.518948,1.8050855,4.970192
9.851849,2.1475582,5.413163
11.106286,2.774777,5.6739807
12.394223,3.2488549,4.840979
10.689636,2.6359932,3.4594233
10.689636,2.6359932,3.4594233
8.810373,1.7787645,2.204986
7.7497544,0.9314062,1.2640085
7.467102,0.40947178,0.33290145
7.8741813,1.1395818,0.68464637
8.048857,2.1044874,1.2664014
8.036893,2.7939196,1.7213368
8.046464,3.054737,1.9199411
8.046464,3.054737,1.9199411
8.044071,2.9279177,1.8122641
8.024929,2.6766713,1.4581263
8.152048,2.5642085,0.6056832
8.274081,2.652743,0.34965122
8.274081,2.652743,0.34965122
8.496614,2.679064,0.2727818
8.839087,2.6336005,0.47168517
11.001002,2.4921248,1.5777674
11.333605,2.300699,2.4634109
11.333605,2.300699,2.4634109
11.417354,2.3653052,2.477768
11.9560375,2.7173493,1.3764713
11.968001,2.7699914,0.37357944
11.202,2.4466612,0.33529428
11.314462,2.2839491,1.6447664
12.55215,3.1722846,4.0531425
12.521043,4.436293,6.4232335
10.079167,4.6396832,7.218249
7.4623165,4.156034,6.5407805
6.222236,3.4737802,5.2310095
6.1193447,2.6431718,3.7540395
6.6460648,1.7787645,2.8298118
7.32114,1.1874382,2.6886353
8.199904,1.1970096,3.1363924
8.836694,1.6519449,3.73729
8.843872,2.2025933,4.072285
8.647362,2.5737798,4.1440697
8.656933,2.5546372,3.9837506
8.750552,1.9630119,3.4019957
8.719446,1.0127622,2.5184457
8.601898,0.1268196,1.6902301
8.589934,-0.45014977,1.218545
8.805588,-0.61764735,1.218545
9.147761,-0.4860421,1.4461622
9.396914,-0.19381863,1.5993029
9.442377,0.11485548,1.6280167
9.298808,0.36400816,1.704587
9.147761,0.5673981,1.9630119
9.147761,0.5673981,1.9630119
9.241081,0.89312106,2.32702
9.719945,1.4964114,2.4969103
10.083953,2.0183458,2.4394827
10.0983095,1.3238292,2.3748765
10.0983095,1.3238292,2.3748765
10.304092,0.016749758,1.8601205
10.6154585,-0.9625129,1.2472588
10.931312,-0.03589234,2.0015962
11.022537,1.3070793,3.1172497
11.022537,1.3070793,3.1172497
11.032109,2.0925233,4.278367
10.914561,2.396412,5.413163
10.162916,2.9590242,6.4594245
9.274879,3.8952162,6.9044895
9.066405,4.6971107,6.291628
9.454341,4.5008993,3.6655052
9.392128,3.313461,2.6048865
9.392128,3.313461,2.6048865
9.047262,1.852942,1.9199411
8.752945,0.5075775,1.5514464
8.7577305,-0.33529428,1.1300105
8.570791,0.39032918,1.2520444
8.570791,0.39032918,1.2520444
8.18794,1.6926229,1.6543378
7.8167534,2.9015965,2.085345
7.5846496,3.626921,2.3437698
3.9478583,1.6663018,13.926527
3.1435707,2.1595225,13.830814
2.542673,2.5064816,12.755838
2.3389843,1.9558334,9.952348
2.6168506,0.8811569,8.001
3.4474592,-0.12921242,8.05125
3.696612,-1.0103694,9.942777
1.9175483,-1.2783655,11.589935
0.2536392,-1.2616158,11.333605
-0.016749758,-1.5466608,11.333605
-0.6726823,-2.0374885,11.951252
-1.218545,-2.7532415,12.413365
-0.6942177,-3.1196425,12.703197
-0.5386842,-3.2321053,12.9592285
-1.4868401,-2.9781668,11.633006
-1.7835501,-2.0781665,9.075976
-1.1491531,-0.88354975,7.1392856
0.031106694,0.6750751,5.9350977
-0.043070808,3.114857,6.9020967
-1.1300105,3.9454653,8.40808
-0.5386842,2.7891338,8.180761
0.62482584,1.9606191,6.954739
0.9816555,1.1467602,5.645267
0.4956134,0.77796644,5.1161537
-0.92662054,1.7931215,5.6356955
-2.1379871,3.141178,6.8925257
-2.1906292,3.5216367,8.094321
-1.6902301,3.8330028,8.73141
-0.5697909,4.223332,8.656933
0.22492532,4.278367,8.228618
-0.34486556,4.019643,8.879765
-0.62961143,3.6173496,9.583553
-0.9816555,3.5934215,9.686445
-1.1300105,3.8473597,9.164511
0.2440679,3.7995033,8.326724
1.2879368,3.653541,9.320343
1.311865,4.132106,10.835598
1.0319048,4.465007,11.1732855
0.9601201,4.019643,10.749456
1.1874382,3.598207,10.265807
1.1467602,3.557529,10.172487
1.1515459,3.6029928,10.14138
1.5442679,3.6245282,9.600304
1.6854445,3.7636108,8.652147
1.2113664,3.9335012,7.8287177
0.42861435,4.0794635,7.740183
-0.0071784677,4.2038903,7.9770727
0.2970091,4.261617,7.8670025
0.7085746,4.465007,7.9100733
0.770788,4.615755,8.556435
0.5913263,4.4985065,9.253045
0.148355,4.4075794,9.61466
-0.21774685,4.4195433,9.74148
-0.17467605,4.4913282,9.7654085
0.07178468,4.6396832,9.705587
0.2656033,4.7979083,9.423235
0.2536392,4.8601217,9.008977
0.023928227,4.8649077,8.729017
-0.18664017,4.9319067,8.563613
-0.086141616,5.037191,8.446364
0.19381863,5.0826545,8.40808
0.1794617,5.0180483,8.748159
-0.20817557,4.9510493,9.282058
-0.62721866,5.0515475,9.368199
-0.58654064,5.0850472,9.001799
-0.16749759,4.8242297,8.896515
0.22013968,4.28076,9.52134
0.31136605,3.571886,10.505388
0.023928227,3.0068808,11.33839
-0.4549354,2.7580273,11.621042
-0.85244304,2.896811,10.93849
-0.72293156,3.3326037,9.593125
-0.15553348,3.7707894,8.362616
0.35204405,4.005286,7.7210402
0.55304116,3.9598224,7.7880397
0.37836507,3.8114674,8.274081
0.15314065,3.6583266,8.85823
0.45254257,3.5479577,8.970692
0.89072824,3.5216367,8.089535
0.5554339,4.043571,7.234998
0.26081768,4.6229334,7.8143606
0.7396813,4.0770707,9.506984
0.95772725,3.437888,10.519746
0.7851449,3.7731822,9.679267
0.7923234,4.2014976,8.644969
0.89312106,4.1368914,8.896515
1.0989038,4.0244284,9.380164
1.4246268,4.112963,9.53809
1.7548363,4.3118663,9.84467
1.8481563,4.4004006,10.325628
1.6328024,4.2855453,10.363914
1.474876,4.1440697,9.902099
1.5394822,4.1632123,9.401699
1.3501502,3.9981074,9.861421
0.77318084,3.586243,10.766207
0.1794617,3.777968,10.194023
0.2105684,4.2281175,8.903693
0.9409775,4.206283,8.422437
1.448555,4.158427,8.525328
1.5658033,4.2520456,8.992228
1.5059828,4.148855,9.859028
1.2257234,3.9693937,10.651351
1.096511,3.8641095,10.986645
1.244866,3.696612,10.861919
1.2855439,3.5766716,10.392926
1.2161521,3.6029928,9.518948
1.2113664,3.7348971,8.453544
1.3022938,3.9311085,7.740183
1.3956138,4.1632123,7.3570323
1.2520444,4.388437,6.9475603
0.8668,4.599005,6.715457
0.4022933,4.7835517,7.036394
0.19142582,4.9510493,7.7497544
0.2632105,4.9845486,8.6090765
