-0.56500524,3.4737802,8.228618
-1.0438689,3.1986058,10.840384
-1.326222,3.0762727,12.468401
-0.038285162,2.9063823,11.580364
1.6351951,2.9446673,10.249058
2.2743778,2.9039893,9.001799
2.4323041,3.0738797,7.574779
1.5275182,3.464209,6.5407805
-2.2097716,4.9319067,6.96431
-5.7146587,6.9595246,8.99462
-2.6575286,5.539983,10.723136
0.77796644,3.5766716,11.149357
0.392722,4.158427,9.945169
0.3807579,4.668397,7.5532436
0.32333016,5.0252266,6.1791654
0.16031912,5.195117,6.1360946
0.27038896,5.1640105,7.1273212
0.18664017,5.0563335,8.580363
0.016749758,5.0850472,9.238688
0.047856454,5.046762,9.140582
-0.04546363,4.7955155,8.946764
0.4214359,4.915157,8.712267
1.0247263,5.5447683,8.5372925
1.218545,5.6261244,8.556435
0.6750751,5.4299126,8.810373
-0.23928227,5.532804,8.963513
0.0,5.3653064,9.068798
0.94337034,5.3075795,8.630612
2.341377,5.7816577,6.559923
2.8202405,5.9039907,5.346164
1.6615162,5.468198,6.2844496
1.0630114,5.4705906,10.253843
1.1156535,5.4059844,14.199308
0.69182485,4.915157,13.342379
-0.08135597,4.1727834,8.9826565
-0.09332009,3.313461,3.816253
1.1443675,3.5910287,3.49053
3.8880377,4.749753,8.240582
4.9031925,4.5320063,12.497114
1.7404794,3.3182468,12.6625185
-1.556232,2.9183464,9.344272
-2.5259235,3.5479577,6.698707
-2.396412,5.499305,5.7553368
-0.8787641,7.7330046,8.192725
1.5586249,7.886145,11.43171
2.6479573,6.3849483,11.185249
2.9781668,5.2573304,8.793623
2.7221348,5.468198,6.049953
1.8290138,6.296414,5.034798
1.448555,6.8518476,5.3796635
2.1690936,5.793622,2.4155545
5.111368,6.370591,1.4796617
7.7162547,8.633005,5.453841
7.510173,8.314759,7.268498
6.9451675,7.457531,6.6460648
6.0116677,6.698707,5.2477593
4.2281175,5.4346986,4.0005
2.7101707,4.57747,2.9135606
2.300699,3.7923248,1.2687942
3.6870406,3.828217,0.43100718
5.1903315,4.6396832,3.4809587
4.5726843,3.6774693,8.115856
5.118547,2.5953152,8.293224
7.493423,2.748456,4.2664027
12.602399,2.8106692,2.1499512
19.435402,7.213463,2.4801607
16.064514,7.9076805,4.5224347
9.418449,3.4737802,5.18076
8.958728,3.2871401,4.108177
9.748658,3.777968,4.929514
8.941978,3.4594233,4.45065
7.8071823,2.4466612,5.1472607
5.0682974,1.462912,9.959526
4.1871405,3.0690942,8.872586
8.491829,4.9989057,3.4546378
5.2980084,-1.4988043,5.309973
14.443676,6.0834527,6.914061
17.065012,13.100405,3.6511483
6.626922,5.63091,0.91226363
7.11775,5.18076,1.7285153
7.1081786,4.953442,5.6333027
7.5942206,4.7306104,7.7665043
4.072285,3.8353956,5.276473
3.4737802,2.6096723,3.315854
13.741981,0.19381863,3.7947176
15.171392,0.11724831,2.7053852
8.520542,2.6623142,2.0805593
8.180761,3.0810583,1.9728823
7.917252,2.2839491,2.4538395
7.21107,1.4222339,2.7245276
7.4790664,1.5753746,1.5323038
7.7330046,1.4796617,1.2664014
7.146464,2.0805593,1.5107684
8.350652,2.801098,2.0685952
10.5029955,1.8170497,1.0366904
10.627422,1.7787645,0.64636123
8.65454,2.6551359,2.1571295
6.99781,3.3038898,2.1906292
9.46152,4.194319,1.6328024
11.43171,4.359723,0.98644114
8.219047,3.275176,-0.09332009
5.8343,3.0092735,0.948156
11.068001,3.478566,3.0909286
17.04587,2.9422746,4.766503
13.840385,2.14038,5.489733
8.060822,2.300699,5.073083
6.9020967,2.0685952,5.374878
8.403294,0.9553344,5.2334023
9.530911,0.33290145,4.8792644
9.562018,0.49800622,5.0276194
9.703195,0.79710907,5.7074804
11.29532,0.5386842,5.982954
12.394223,0.0526421,4.874479
7.785647,1.3166506,3.3732817
4.534399,2.2935205,2.3557339
6.519245,1.189831,1.378864
7.309176,0.2632105,0.8330014
7.845467,-0.7396813,1.2113664
8.661719,-1.5921243,1.7811574
9.361021,-1.3214363,1.8242282
9.734302,-1.0845468,1.5753746
9.904491,-1.4102699,1.582553
9.760623,-1.4294125,1.9414765
9.593125,-1.2352947,2.5354948
9.609875,-0.6583253,2.9949167
9.535697,0.15314065,2.9566314
9.518948,0.35204405,2.65035
10.201201,0.04546363,2.0111675
10.53171,-0.41904306,1.6399808
9.564411,-0.3592225,1.9704895
9.806087,-0.09571291,2.260021
9.739087,1.2017952,3.0499516
10.191629,2.516053,2.908775
13.066905,2.571387,2.2073789
14.54896,2.8465617,3.0092735
13.682159,3.5216367,3.5886357
11.781362,3.926323,3.818646
10.275378,3.696612,3.9215372
8.891729,3.423531,3.4857445
7.5556364,3.4857445,2.691028
7.213463,3.83061,1.759622
7.5556364,3.8042889,1.1108679
8.029715,3.1866415,0.7612167
8.697611,2.219343,0.7013961
9.552447,1.4246268,0.81864446
10.337592,1.3238292,0.811466
10.541281,1.6447664,1.0749756
9.890134,2.1499512,1.4198412
8.867801,2.6814568,1.4174483
7.9651084,2.8992038,1.2759727
7.3235326,2.8633113,0.9409775
7.0196443,2.7005994,0.622433
7.038787,2.5378876,0.4549354
7.4048886,2.4945176,0.38554356
8.032107,2.6048865,0.36400816
8.616255,2.774777,0.39032918
8.879765,2.798705,0.3807579
9.02812,2.5809584,0.21774685
9.516555,2.2743778,-0.031106694
10.577173,1.8649062,0.031106694
11.434103,0.9720842,0.55304116
11.017752,1.7931215,0.77318084
11.099108,4.067499,0.17706887
11.953645,4.7210393,0.12203395
11.996716,4.7114677,1.4772689
12.839587,4.469793,2.9015965
13.979169,4.060321,3.83061
12.995121,4.0387855,4.196712
10.390533,3.8641095,3.8665023
8.403294,3.571886,3.1483564
7.795218,2.992524,2.3892334
7.5460653,1.9630119,1.9510478
7.2732835,0.7396813,1.6304095
7.778468,0.17706887,1.8026928
8.712267,0.16271193,2.3102703
8.906086,0.12203395,2.2839491
8.7984085,0.37357944,2.0638096
8.400901,0.5051847,2.111666
7.9076805,0.30897322,1.9247267
7.7066836,-0.12203395,1.2711871
7.632506,-0.8955139,0.57936215
8.063214,-1.625624,0.44775695
8.649755,-1.9055841,0.7588239
9.02812,-1.6830516,1.0295119
9.564411,-1.07019,1.4988043
10.021739,-0.33050862,2.1714866
10.036097,0.62961143,2.8704898
9.91167,1.8170497,3.5431721
9.947562,2.7149563,3.9741793
10.191629,3.181856,4.045964
10.328021,3.0475588,3.7061832
9.993026,1.9800607,3.112464
9.7654085,0.4334,2.5953152
10.237094,-0.83060855,2.219343
10.747064,-1.5370895,2.0805593
10.94836,-1.3501502,2.3437698
11.300105,-0.0071784677,3.098107
11.630613,1.5346966,3.8712878
11.891431,2.5809584,3.9741793
11.917752,3.315854,4.254439
10.981859,3.696612,4.7425747
9.313165,3.7133617,4.5894337
7.603792,3.2560334,2.9207392
8.889337,2.7125635,2.1882362
8.889337,2.7125635,2.1882362
9.798908,1.759622,1.4054842
9.46152,0.73489565,0.6870392
9.164511,0.09332009,0.43818563
9.255438,-0.038285162,0.3807579
9.032906,0.021535404,0.32333016
8.434401,-0.023928227,0.33050862
7.993822,-0.050249275,0.4429713
7.75454,0.033499517,0.54346985
7.795218,0.5099703,0.7253244
8.190332,1.4365909,1.1036894
8.197512,1.9728823,1.1682956
7.984251,2.015953,1.0342976
8.350652,2.056631,1.1204392
8.944371,2.1020947,1.1276177
9.550055,2.2576282,1.2951152
10.227522,2.542673,1.6304095
10.687243,2.4921248,1.5873387
10.773385,2.0638096,1.3621143
10.682458,1.7931215,1.5203397
10.560424,1.9055841,2.0398812
10.541281,2.3868406,1.9944177
10.986645,2.8728826,1.2065809
11.285748,3.0212376,0.3999005
11.216356,2.9159534,0.18185452
11.817254,2.6407788,1.0127622
12.844373,2.5088747,2.6838498
12.844373,3.0858438,4.9677987
11.099108,4.189533,6.48096
8.422437,4.886443,6.148059
6.241379,4.709075,4.7859445
5.5040903,3.8234315,3.1555347
6.0044894,2.312663,2.0398812
7.120143,0.73489565,1.8481563
8.556435,0.09810573,2.3557339
9.447163,0.59611195,3.2440693
9.301201,1.5753746,4.0220356
8.750552,2.3461626,4.2424746
8.412866,2.7221348,3.9478583
8.491829,2.6455646,3.3517463
8.772088,2.12363,2.7173493
8.985049,1.2927225,2.1954148
9.035298,0.5721837,1.8146569
9.0951185,0.16749759,1.6782659
9.274879,-0.0526421,1.7907287
9.301201,-0.11246266,2.0614166
9.152547,-0.07178468,2.3557339
9.075976,0.11006984,2.5737798
9.178867,0.48364928,2.6718855
9.435199,0.95772725,2.695814
9.918848,1.3956138,2.734099
10.464711,1.611267,2.7293134
10.732707,1.462912,2.5833511
10.6681,0.8787641,2.382055
10.464711,0.0741775,2.1954148
10.246665,-0.47168517,2.0279171
10.014561,-0.3185445,2.181058
9.928419,0.81625164,3.016452
10.134202,2.0087745,4.1057844
10.548459,2.3868406,5.1352963
10.2682,2.8250263,6.171987
9.267701,3.9215372,6.660422
8.784052,5.1592245,6.4160547
9.303594,5.748158,5.7601223
10.103095,5.221438,4.7210393
10.318449,3.6053855,3.4713874
10.0265255,1.4772689,2.3461626
9.559626,-0.047856454,1.5370895
8.76491,-0.45014977,1.1347961
7.9746795,-0.086141616,1.0462617
7.8263245,0.70378894,1.230509
7.9890366,1.7165512,1.6184454
8.027322,2.5402803,1.9728823
7.917252,2.9542387,2.0781665
7.7425756,3.0475588,1.9462621
7.6492558,2.9662027,1.7165512
7.7186475,2.7939196,1.4724833
7.9052877,2.5833511,1.2544373
8.18794,2.3629124,1.0127622
8.503793,1.9944177,0.7013961
8.980264,1.5466608,0.43579283
9.77498,1.2496517,0.34486556
10.6154585,1.0271192,0.541077
10.981859,0.80189466,1.1371889
11.130215,1.0175478,1.7715861
11.46521,1.8218354,1.8242282
11.843575,2.691028,1.4437693
13.663017,3.6245282,4.28076
13.907384,4.520042,6.049953
13.907384,4.520042,6.049953
11.534901,5.1903315,6.6484575
8.142476,5.2046885,5.599803
5.7720866,4.6085763,4.213761
5.0850472,3.3086755,3.1339993
5.9207406,1.852942,2.5450659
7.4623165,0.62721866,2.5450659
8.812766,0.3185445,3.0140593
9.282058,1.1515459,3.696612
9.013762,2.2911277,4.132106
8.470293,2.9590242,4.057928
8.089535,3.0020952,3.5790644
8.147262,2.571387,3.0332017
8.5372925,1.8266209,2.6766713
8.865408,1.0438689,2.4275186
8.889337,0.48364928,2.2576282
8.898908,0.19142582,2.1858435
9.059227,0.0071784677,2.3030918
9.305986,-0.40707895,2.4155545
9.241081,-0.581755,2.379662
8.882157,-0.26081768,2.3389843
8.793623,0.19621146,2.3748765
9.073584,0.86919284,2.501696
9.471091,1.5921243,2.734099
9.935597,2.056631,3.042773
10.469497,2.1451654,3.1220353
10.663315,1.59691,2.856133
10.522139,0.4549354,2.4562325
10.510175,-0.5769694,2.0685952
10.569995,-0.9457632,1.8146569
10.440783,-0.5458627,1.9657038
10.337592,0.51236314,2.7580273
10.3017,1.5945172,3.844967
10.318449,2.2241287,4.644469
9.976275,2.597708,5.341378
9.042477,3.4307094,5.8103714
8.348259,4.7306104,5.7314086
8.558827,5.5782676,5.3557353
9.454341,5.638088,4.718646
10.227522,4.788337,3.9526439
10.351949,3.0667014,3.3038898
9.957133,1.3190435,2.6814568
9.471091,0.42622152,2.0949163
8.867801,0.29461628,1.625624
8.33151,0.5171488,1.2711871
8.120642,1.0390832,1.1706885
7.969894,1.6782659,1.2544373
7.752147,2.0949163,1.2999009
7.6109705,2.2671995,1.3453646
7.6013994,2.329413,1.4027922
7.7497544,2.3748765,1.3070793
8.022536,2.4346972,1.0845468
8.3123665,2.4227328,0.8811569
8.520542,2.2408783,0.689432
8.690433,1.9366908,0.47168517
9.068798,1.6902301,0.30897322
9.87817,1.5658033,0.35443684
10.648958,1.3884354,0.7899306
11.182857,1.4796617,1.730908
11.623435,2.2145574,2.3150558
11.774183,3.1292138,1.989632
11.929716,3.8832521,2.1140587
13.047763,3.926323,3.2153554
13.780564,3.7157545,4.469793
12.499507,3.9957147,5.712266
9.964312,4.371687,5.9781685
7.333104,4.3262234,5.0563335
5.7744794,3.5240295,3.9454653
5.7266226,2.3605196,2.9327033
6.600601,1.2472588,2.341377
7.752147,0.70618176,2.4586253
8.827123,1.1300105,3.167499
9.131011,2.178665,3.897609
8.685647,3.1100712,4.2185464
8.154441,3.399603,4.0818563
8.041678,2.992524,3.6990047
8.362616,2.1188445,3.1842487
8.647362,1.16351,2.600101
8.736196,0.45972106,2.1284158
8.860622,-0.059820566,1.9223338
9.037691,-0.19142582,2.0350957
9.071191,0.014356935,2.219343
8.989835,0.09571291,2.3174486
8.841479,0.17228323,2.396412
8.702696,0.4334,2.5642085
8.800801,0.8596215,2.8657043
9.253045,1.3812568,3.2416766
10.457532,2.271985,3.72054
10.452746,1.89362,3.3780673
10.452746,1.89362,3.3780673
10.11506,0.64875406,2.7819555
10.076775,-0.8210373,2.1044874
10.363914,-1.556232,1.8553349
10.653744,-0.7923234,2.4394827
10.885847,0.8282157,3.571886
11.199606,2.085345,4.805087
11.180464,2.7269206,5.9087763
10.071989,3.4666018,6.7058854
8.566006,4.8194437,6.6771717
7.95793,5.95424,6.1193447
8.422437,6.0547385,5.319544
9.114262,5.137689,4.0220356
9.485448,3.3804603,2.9685955
9.52134,1.3980067,2.477768
9.262916,0.19381863,2.2337
8.874979,-0.040677983,2.0111675
8.40808,0.4022933,1.7500507
8.118249,1.2735798,1.6686947
7.9794655,2.2241287,1.8026928
7.8143606,2.8609185,1.934298
7.6013994,3.0786655,1.9728823
7.3666034,3.0475588,1.9558334
7.309176,2.8872397,1.8337995
7.5942206,2.707778,1.5993029
8.159226,2.5498517,1.338186
9.183653,2.03031,0.85483587
9.715159,1.6567305,0.6415756
9.715159,1.6567305,0.6415756
10.409676,1.3357933,0.6678966
10.977074,1.1802598,0.99601245
11.2139635,1.2640085,1.5849459
11.3575325,1.7715861,2.0279171
11.335998,2.600101,1.7979071
11.103893,3.3589249,1.611267
11.520544,3.5742788,2.6862426
12.87548,3.9167516,4.668397
13.119548,4.35733,6.5288167
10.627422,4.3836513,6.8015985
7.3307114,4.112963,5.5016975
5.563911,3.2129626,4.179962
5.683552,1.934298,3.1746774
6.8781686,0.8353942,2.6431718
8.027322,0.4884349,2.7101707
8.7984085,1.1132607,3.2416766
8.886943,2.2145574,3.789932
8.388937,3.0810583,3.9957147
7.9794655,3.39721,3.993322
8.015358,3.2321053,3.9000018
8.410473,2.6694927,3.6364923
8.752945,1.785943,3.165106
8.836694,0.90508515,2.5905297
8.82473,0.2656033,2.2025933
8.937193,-0.18664017,2.0685952
9.030513,-0.34247273,2.0901306
9.056833,-0.32333016,2.1858435
9.056833,-0.23688944,2.3557339
9.040084,0.2009971,2.547459
9.138189,0.9529416,2.7915268
9.284451,1.6758732,3.1244283
9.633803,2.0590239,3.313461
10.2825575,2.0685952,3.222534
10.6681,1.5490535,2.868097
10.60828,0.48125646,2.4275186
10.651351,-0.4645067,2.097309
10.715957,-0.8066803,2.0279171
10.510175,-0.40947178,2.43709
10.280165,0.64875406,3.289533
10.014561,1.6734804,4.0794635
9.617053,2.3485553,4.6037908
8.920443,2.801098,4.9917274
8.065607,3.4043884,5.0754757
8.036893,4.4243293,5.034798
9.123833,5.2956157,5.2405806
10.459925,5.482555,5.221438
11.233106,4.658826,4.886443
11.146964,3.004488,4.5320063
10.1700945,1.5203397,3.8521454
8.973084,0.8787641,2.923132
8.048857,0.85244304,2.1690936
7.467102,1.2089736,1.6639091
7.213463,1.9007984,1.4174483
7.0818577,2.5809584,1.462912
7.048358,2.9327033,1.6280167
6.957132,2.951846,1.7739788
6.8853474,2.7317061,1.8290138
7.1799636,2.475375,1.8122641
8.417651,2.4705894,1.4437693
9.047262,2.5232315,1.2137593
9.047262,2.5232315,1.2137593
9.755837,2.3748765,1.0845468
10.356734,2.0398812,1.1994023
10.81167,1.6663018,1.5275182
11.225927,1.3142579,1.9319052
11.642578,1.3022938,2.1475582
11.922538,1.9582262,1.9390837
11.922538,2.990131,2.2025933
12.497114,3.8545382,3.5168512
13.488341,4.8194437,5.2310095
12.274582,5.398806,6.279664
9.001799,5.118547,5.5280185
6.2365932,4.223332,4.019643
5.137689,2.8298118,3.1459637
5.819943,1.4413766,2.798705
7.285248,0.46929234,3.016452
8.470293,0.53629136,3.5958142
8.970692,1.6495521,4.132106
8.774481,3.0260234,4.3118663
8.293224,3.9047875,4.1177487
7.9340014,3.9813578,3.7827535
7.8263245,3.3613176,3.461816
8.103892,2.3748765,3.19382
8.6090765,1.4027922,2.9709885
9.080762,0.4334,2.8298118
9.18126,-0.25124636,2.707778
9.202796,-0.38554356,2.2456641
9.15494,-0.3711866,2.0781665
9.15494,-0.3711866,2.0781665
8.989835,-0.17467605,2.111666
8.992228,0.22253251,2.4466612
9.15494,0.7516454,2.9279177
9.449555,1.1850454,3.3038898
9.902099,1.3812568,3.4019957
10.253843,1.2376875,3.1507492
10.196416,0.6583253,2.6671
9.930812,-0.04546363,2.271985
9.839885,-0.37357944,2.193022
9.976275,-0.148355,2.3246272
10.131809,0.53389853,2.7149563
10.016953,1.5993029,3.7468612
10.069596,2.7149563,4.749753
10.342378,3.1627133,5.3533425
10.0672035,2.9398818,5.8223357
9.047262,2.8992038,5.9350977
8.1015,3.4761732,5.539983
8.132606,4.194319,5.073083
8.9013,4.4554358,4.706682
9.64816,3.9981074,4.151248
9.928419,2.8489544,3.653541
9.74148,1.6088741,3.205784
9.349057,0.89312106,2.6886353
9.001799,0.7325028,2.2456641
8.762517,1.0079765,2.0231316
7.969894,2.4634109,2.3916261
7.548458,2.9422746,2.475375
7.548458,2.9422746,2.475375
7.2469625,3.0403802,2.4035904
7.1823564,2.9039893,2.2911277
7.3809605,2.6671,2.1906292
7.7090764,2.4562325,2.0542383
8.175976,2.3365912,1.8553349
8.68804,2.204986,1.6758732
9.128618,1.9728823,1.6016957
9.485448,1.6806588,1.5155541
10.000204,1.5155541,1.489233
10.845169,1.4027922,1.6351951
11.288141,1.082154,1.7835501
11.089537,0.8811569,1.9055841
10.90499,1.230509,1.8505492
11.077573,1.9968106,1.6328024
13.493127,3.2392836,4.098606
14.003098,4.359723,5.8920264
14.003098,4.359723,5.8920264
14.003098,4.359723,5.8920264
14.003098,4.359723,5.8920264
4.575077,3.071487,2.695814
5.0946183,1.7285153,2.3509483
6.5288167,0.6798607,2.5259235
8.26451,0.47168517,3.0885358
9.497412,1.2879368,3.7803607
9.597911,2.5498517,4.237689
8.961121,3.4833515,4.2038903
8.367402,3.610171,3.7683966
8.372188,2.882454,3.19382
8.755338,1.7955143,2.691028
8.894122,0.9170493,2.341377
8.903693,0.39032918,2.1092732
8.860622,0.124426775,2.0398812
8.769695,0.050249275,2.0590239
8.781659,0.0023928226,2.015953
8.9108715,-0.069391854,1.9366908
8.999406,-0.09092726,2.0111675
9.006584,0.08135597,2.2815564
9.107083,0.4956134,2.6192434
9.406485,1.1180464,2.9398818
9.904491,1.852942,3.1698918
10.356734,2.2145574,3.2991042
10.491032,1.7261224,3.2967114
10.505388,0.63200426,3.0810583
10.692029,-0.325723,2.815455
10.7685995,-0.55304116,2.7364917
10.49821,0.325723,3.098107
10.232307,1.7428722,3.761218
10.320843,2.7819555,4.331009
10.373485,3.3110683,4.814658
9.636196,3.7540395,5.1735816
8.470293,4.520042,5.3796635
7.8167534,5.358128,5.3123655
8.005786,5.695516,4.8505507
8.760123,5.2334023,3.9957147
9.301201,3.9406798,3.1890345
9.4280205,2.2624137,2.7723842
9.329915,1.0797613,2.3892334
8.970692,0.7468598,1.9848464
8.5372925,1.015155,1.704587
8.235796,1.6088741,1.570589
8.079964,2.3557339,1.611267
8.0201435,2.8992038,1.6734804
7.9890366,2.9327033,1.5442679
7.878967,2.5064816,1.311865
7.7353973,1.9271195,1.0917253
7.8813596,1.5227325,0.85244304
8.5014,1.3429717,0.5697909
9.238688,1.2329018,0.35443684
9.808479,1.0869397,0.3065804
10.294521,0.9696914,0.4956134
10.646565,1.0654043,0.9984053
10.926525,1.582553,1.7380866
11.424532,2.489732,2.1762722
11.683255,3.3230324,1.7883358
11.273784,3.789932,1.1826526
11.048859,3.8617167,1.8194425
11.95843,3.5838501,3.2368908
12.942478,3.7133617,4.8433723
12.162119,4.240082,6.2772713
9.52134,4.398008,6.1624155
6.77767,3.9478583,5.030012
5.384449,3.1316066,4.0962133
5.341378,2.2552354,3.5383866
6.212665,1.434198,3.2799616
7.493423,1.1347961,3.4402807
8.518149,1.6543378,3.9358943
8.709874,2.559423,4.342973
8.360223,3.071487,4.421936
8.096714,2.9685955,4.2664027
8.276474,2.477768,3.9143589
8.7673025,1.7907287,3.4570305
9.071191,0.9984053,2.9709885
9.071191,0.34965122,2.5498517
9.001799,0.0526421,2.382055
8.949157,0.08853444,2.4514468
8.9108715,0.26081768,2.5666013
8.889337,0.41665024,2.6216364
8.843872,0.5602196,2.6886353
8.836694,0.70618176,2.8728826
9.025727,0.9840483,3.1387851
9.372986,1.4294125,3.3924243
9.837492,1.9031913,3.571886
10.3543415,2.2456641,3.478566
10.383355,1.9414765,3.1052856
9.918848,0.78753775,2.6336005
9.674481,-0.44057846,2.2097716
9.7654085,-0.87637126,2.1595225
9.93799,-0.11964113,2.7412775
10.337592,1.2065809,3.6607196
11.001002,2.2671995,4.331009
11.142179,3.0284162,4.9199424
10.038489,3.8641095,5.580661
8.506186,4.8505507,5.7673006
7.9340014,5.683552,5.3940206
8.503793,5.877371,4.778766
9.44477,5.144868,4.0124645
10.06481,3.6221352,3.394817
9.906884,1.8768703,2.8896325
9.265308,0.84017986,2.231307
8.623434,0.61046886,1.6088741
8.23819,0.77796644,1.2137593
8.221439,1.2640085,1.1659029
8.152048,1.9848464,1.4413766
7.893324,2.6216364,1.6782659
7.603792,2.935096,1.7356937
7.3953176,2.96381,1.6974086
7.373782,2.841776,1.582553
7.615756,2.7053852,1.4198412
8.082356,2.6312077,1.1874382
8.702696,2.5881367,0.9840483
9.188439,2.4849463,0.8596215
9.545269,2.2671995,0.811466
10.127024,2.0231316,0.9457632
10.560424,1.7548363,1.1970096
10.739885,1.5059828,1.4533406
11.048859,1.5801603,1.5418751
11.319247,2.1164517,1.2711871
11.690434,2.8058836,1.3046865
12.707982,3.2201412,2.501696
13.823635,3.8330028,4.3405805
12.944871,4.4721856,5.5830536
9.859028,4.735396,5.2022953
6.782456,4.5894337,3.6846478
5.266902,3.6846478,2.341377
5.384449,2.3581266,1.7907287
6.34427,1.1012967,2.0877378
7.5990067,0.5099703,2.7771697
8.762517,0.9170493,3.5288153
9.329915,1.9462621,4.132106
9.19801,2.7915268,4.1847477
8.841479,2.9446673,3.708576
8.841479,2.9446673,3.708576
8.841479,2.9446673,3.708576
8.841479,2.9446673,3.708576
8.999406,1.1874382,2.5666013
8.906086,0.7372885,2.3509483
8.803194,0.325723,2.178665
8.79123,0.0047856453,2.082952
8.800801,-0.078963146,2.111666
8.846265,-0.021535404,2.2337
9.049655,0.19621146,2.3892334
9.195618,0.77796644,2.6479573
9.5404825,1.4198412,3.0523443
10.182058,1.9295124,3.4211383
10.589137,2.12363,3.4043884
10.591531,1.5945172,2.9327033
10.383355,0.5195416,2.3868406
10.237094,-0.3472584,2.1667008
10.143773,-0.29222345,2.6359932
10.388141,0.70378894,3.7325041
10.940883,1.7141583,4.941478
11.010573,2.2002003,5.8797636
10.052846,2.695814,6.396912
8.542078,3.761218,6.356234
7.5364943,5.1209397,5.709873
7.6492558,5.7314086,4.8290153
8.633005,5.152046,3.938287
9.559626,3.7540395,3.3397822
9.715159,2.1092732,3.1698918
9.279665,1.0007981,3.0236306
8.796016,0.6128617,2.7053852
8.522935,0.622433,2.2767708
8.4248295,1.0055838,1.9558334
8.178369,1.6830516,1.9199411
7.8239317,2.2002003,1.9366908
7.6492558,2.2839491,1.8194425
7.632506,2.1260228,1.6304095
7.713862,1.9127626,1.4150555
8.307581,1.785943,1.1084751
8.788837,1.7691933,0.9194421
8.788837,1.7691933,0.9194421
9.430413,1.6591234,0.8234301
10.100702,1.5203397,0.93619186
10.356734,1.4174483,1.3429717
10.3136635,1.5466608,1.9704895
10.751849,2.1284158,2.1954148
11.539686,2.9662027,1.6615162
12.121441,3.7133617,1.7715861
13.593625,4.1632123,3.571886
15.161821,4.6492543,6.066703
13.557734,5.077869,7.5053873
9.7247305,5.2453666,6.6245294
6.3346987,4.7377887,4.45065
4.6037908,3.3900316,2.7843482
4.8768716,1.9055841,1.9606191
6.1600227,0.53389853,2.032703
7.646863,-0.09332009,2.786741
8.769695,0.4956134,3.8545382
9.008977,1.7380866,4.65404
8.558827,2.7771697,4.706682
8.20469,3.2727833,4.388437
8.216654,3.2584262,3.9741793
8.403294,2.8728826,3.5168512
8.5779705,2.0733807,3.05713
8.692825,1.0941181,2.6718855
8.769695,0.4022933,2.4514468
8.889337,0.043070808,2.4466612
8.992228,-0.18424734,2.5331018
9.004191,-0.37597227,2.542673
8.973084,-0.38793638,2.5570302
8.932407,-0.11485548,2.6479573
8.985049,0.45254257,2.7891338
9.29163,1.1682956,2.9662027
9.84467,1.8816559,3.0332017
10.246665,2.2456641,2.896811
10.215558,1.8888344,2.6024938
9.976275,0.8452646,2.2648067
9.830314,-0.285045,1.9319052
9.851849,-0.58893347,1.7979071
10.134202,0.27756742,2.32702
10.569995,1.3453646,3.330211
11.096715,1.907977,4.151248
11.297712,2.4155545,5.259723
10.462317,3.3110683,6.5288167
9.183653,4.5008993,6.8805614
8.580363,5.4586267,6.2461643
8.700303,5.72423,5.118547
8.99462,5.0515475,3.9071803
9.164511,3.478566,2.9781668
9.23151,1.6280167,2.396412
9.150154,0.48125646,1.9271195
8.908479,0.29461628,1.7261224
8.678469,0.8042875,1.745265
8.513364,1.7907287,1.9247267
8.23819,2.798705,2.2097716
7.9052877,3.3661032,2.3054845
7.591828,3.3565319,2.1834507
7.3522468,2.9255247,1.9175483
7.359425,2.3988047,1.6088741
7.5604224,1.9872392,1.3334004
7.8957167,1.7691933,1.055833
8.305188,1.623231,0.83060855
8.659326,1.4413766,0.7253244
9.097511,1.4700904,0.9409775
10.160523,1.7691933,1.3716856
11.15175,1.8984057,1.7787645
11.161322,1.89362,2.2839491
10.837991,2.1906292,2.530709
11.048859,2.7771697,2.0925233
11.654542,3.1794631,1.4605191
12.688839,2.9374888,1.8864416
13.8356,2.7723842,3.1316066
13.615161,3.5838501,4.7401814
11.099108,4.465007,5.705087
7.7353973,4.7162533,4.9486566
5.5040903,4.273581,3.557529
4.881657,3.1842487,2.5088747
5.6333027,1.8481563,2.3198416
7.1632137,0.8210373,2.935096
8.750552,0.8282157,3.8425741
9.447163,1.8122641,4.4482574
9.15494,2.9949167,4.436293
8.549256,3.5886357,3.9287157
8.250154,3.3684962,3.3780673
8.482257,2.7053852,3.0020952
8.803194,2.0015962,2.7364917
8.82473,1.3812568,2.4921248
8.748159,0.92662054,2.231307
8.721839,0.61046886,2.1355941
8.82473,0.2416751,2.085345
8.8701935,0.014356935,2.0063818
8.7673025,0.050249275,1.989632
8.853444,0.18424734,2.1379871
9.102298,0.5027919,2.489732
9.346664,1.0055838,2.8920252
9.696016,1.5346966,3.1866415
10.203594,1.8984057,3.1339993
10.51496,1.6280167,2.8537402
10.493424,0.56500524,2.461018
10.510175,-0.55782676,2.0733807
10.742278,-0.91465646,2.097309
11.056037,-0.11964113,2.7891338
11.161322,1.041476,3.7540395
11.135,1.9704895,4.5296135
10.699207,2.8034909,5.4059844
9.490233,3.7803607,6.0714884
8.293224,5.0491548,6.1121664
7.996215,6.090631,5.6356955
8.448758,6.265307,4.7401814
8.973084,5.331807,3.670291
9.370592,3.5910287,2.9805596
9.631411,1.7787645,2.8034909
9.511769,0.6966105,2.6096723
9.12144,0.38554356,2.2217357
8.692825,0.34486556,1.637588
8.134998,1.2735798,1.2759727
7.8143606,2.0638096,1.4126626
7.8143606,2.0638096,1.4126626
7.5723863,2.5761726,1.50359
7.4718876,2.827419,1.5873387
7.450352,2.882454,1.6064813
7.606185,2.8250263,1.4509479
7.9818583,2.7053852,1.1587243
8.381759,2.5232315,0.79471624
8.690433,2.1667008,0.4956134
9.080762,1.6710875,0.3807579
9.760623,1.3094722,0.42382872
10.548459,1.1180464,0.8811569
10.955539,1.2281163,1.9558334
11.137393,1.8768703,2.7005994
11.573186,2.76042,2.341377
12.008679,3.4761732,1.7117655
12.74866,3.7444685,2.4131618
13.744373,3.7564325,3.8832521
13.342379,4.167998,5.3653064
10.897812,4.6971107,6.2198434
7.9052877,4.8673005,5.6117673
5.7816577,4.4817567,4.402794
5.0826545,3.5120654,3.2177482
5.72423,2.3246272,2.4801607
6.971489,1.3836497,2.489732
8.250154,1.3142579,3.0595229
8.977871,2.0685952,3.775575
8.489435,3.1579278,4.158427
8.276474,2.9398818,3.7277186
8.276474,2.9398818,3.7277186
8.4655075,2.4705894,3.263212
8.817552,1.7644076,2.8322048
8.956335,0.9290134,2.449054
8.898908,0.25124636,2.1475582
8.831908,-0.07178468,2.082952
8.906086,-0.25603202,2.2002003
8.999406,-0.2727818,2.3102703
8.946764,0.040677983,2.4634109
8.946764,0.474078,2.6814568
9.035298,1.0749756,2.9877381
9.21476,1.8218354,3.3493536
9.593125,2.5040889,3.5694933
9.842278,2.8058836,3.4570305
9.674481,2.1906292,3.0762727
9.590733,0.77318084,2.5761726
10.074382,-0.56500524,2.164308
10.797313,-0.90029955,2.2863421
11.309676,0.062213387,3.0332017
11.405389,1.2424731,3.7803607
11.489138,1.9103698,4.2568316
11.278569,2.4681966,5.061119
9.909277,3.3613176,5.9638114
8.202297,4.5631127,6.1360946
7.4216385,5.547161,5.4777694
7.7162547,5.791229,4.436293
8.489435,5.137689,3.3038898
9.037691,3.7636108,2.4801607
9.178867,2.1762722,2.2576282
9.119047,1.204188,2.3030918
8.95155,1.0893325,2.3653052
8.772088,1.5275182,2.3653052
8.668898,2.2145574,2.382055
8.4248295,2.8633113,2.3509483
7.912466,3.1722846,2.1451654
7.3570323,3.0957143,1.8457636
7.038787,2.8130622,1.6543378
7.1129646,2.4658036,1.5490535
7.534101,2.1571295,1.4389837
8.216654,2.0398812,1.2903296
8.953942,2.1068804,1.0845468
9.451948,2.0685952,0.8787641
9.751051,1.7811574,0.72053874
10.079167,1.4413766,0.7013961
10.481461,1.2137593,0.95772725
10.933704,1.3166506,1.6519449
11.347961,1.9414765,2.3772693
11.654542,2.8393831,2.3389843
11.874681,3.708576,2.0063818
12.147762,4.1727834,2.7795627
12.700804,4.362116,4.05075
12.650555,4.6612186,5.266902
10.744671,4.718646,5.8271213
7.9340014,4.4554358,5.0108695
5.9805613,3.7516468,3.9358943
5.451448,2.5737798,3.2081769
6.183951,1.3573287,2.9327033
7.481459,0.55064833,3.1196425
8.642576,0.63200426,3.6460636
8.819944,2.5881367,4.2424746
8.300403,3.2129626,3.9981074
8.300403,3.2129626,3.9981074
8.046464,3.275176,3.7444685
8.084749,2.9398818,3.531208
8.360223,2.3557339,3.2416766
8.652147,1.623231,2.9111679
8.812766,0.92662054,2.5450659
8.944371,0.44775695,2.3365912
9.126225,0.078963146,2.3150558
9.123833,-0.08135597,2.231307
8.906086,0.050249275,2.0614166
8.82473,0.18664017,2.0614166
8.831908,0.42382872,2.3341985
8.882157,0.91226363,2.7532415
9.169296,1.4724833,3.1483564
9.777372,1.9992033,3.3589249
10.464711,2.341377,3.2392836
10.505388,1.6998014,2.8250263
10.270593,0.27038896,2.3581266
10.546066,-0.6583253,2.12363
11.012966,-0.4429713,2.4059832
11.352747,0.57936215,3.0619156
11.297712,1.3453646,3.6487553
10.974681,1.6782659,4.0651064
10.433604,2.0781665,4.821837
9.337093,2.8848467,5.6500525
8.259725,3.9861434,5.9231334
8.195119,5.2812586,4.723432
8.82473,4.848158,3.6245282
8.82473,4.848158,3.6245282
9.346664,3.5886357,2.8369904
9.629018,2.2002003,2.487339
9.751051,1.4003994,2.2456641
9.6122675,1.1874382,1.934298
9.219545,1.3046865,1.6639091
8.601898,1.6663018,1.5753746
7.9220376,2.14038,1.5394822
7.4862447,2.4418755,1.4437693
7.292426,2.4849463,1.311865
7.2397842,2.3892334,1.1994023
7.3307114,2.2456641,1.0749756
7.6755767,2.111666,0.8353942
8.161619,2.0063818,0.5841478
8.522935,1.8888344,0.45014977
8.664112,1.6830516,0.44775695
8.841479,1.4027922,0.58654064
9.490233,1.3716856,0.8210373
10.526924,1.625624,1.2735798
11.158929,1.9510478,1.9800607
11.199606,2.3461626,2.3437698
11.436496,2.856133,2.0207388
11.697613,3.1986058,1.3884354
11.709577,3.205784,1.2137593
12.487543,2.76042,2.12363
13.021441,2.9973094,3.464209
9.3562355,5.111368,5.9973106
6.8015985,5.219045,5.441877
6.8015985,5.219045,5.441877
5.8008003,4.6803613,4.6085763
5.942276,3.4211383,3.8066816
6.7011,2.1212373,3.301497
7.764111,1.50359,3.2440693
8.7673025,1.7069799,3.6364923
9.159725,2.3700907,4.05075
8.937193,3.004488,4.091428
8.5779705,3.2440693,3.8258243
8.262117,2.9997022,3.4929228
8.278867,2.367698,3.1483564
8.5779705,1.5586249,2.7173493
8.743374,0.81625164,2.1978076
8.752945,0.19381863,1.8242282
8.879765,-0.4645067,1.6351951
9.150154,-0.8500503,1.5323038
9.226724,-0.72293156,1.4940187
9.15494,-0.35443684,1.5993029
9.071191,0.29461628,1.9558334
9.0233345,1.1060823,2.4729822
9.236296,1.8074784,3.114857
9.815658,2.3868406,3.5623147
10.146166,2.341377,3.557529
9.935597,1.2113664,3.2368908
10.086346,-0.2009971,2.748456
10.680065,-0.9242278,2.4442682
11.106286,1.3549358,3.3732817
11.154142,2.2145574,3.8425741
11.154142,2.2145574,3.8425741
11.225927,2.5666013,4.5248275
10.325628,3.3397822,5.494519
8.269296,5.9973106,5.9327044
8.779266,6.358627,5.439484
8.779266,6.358627,5.439484
9.459127,5.5591254,4.3334017
9.6122675,3.83061,3.083451
9.35145,1.8409779,2.341377
9.032906,0.6415756,1.8505492
8.573184,0.42622152,1.4389837
8.1687975,0.69900334,1.1850454
8.115856,1.2376875,1.1515459
8.180761,2.0518453,1.378864
8.024929,2.7675984,1.6591234
7.6947193,3.1244283,1.8026928
7.3689966,3.1986058,1.8481563
7.2302127,3.0667014,1.7141583
7.361818,2.8848467,1.4294125
7.809575,2.7771697,1.082154
8.393723,2.6766713,0.7755736
8.9013,2.4538395,0.6726823
9.404092,2.1619153,0.7181459
9.959526,1.8074784,0.8572287
10.558031,1.474876,1.2664014
11.22832,1.582553,2.0662024
12.068799,2.9135606,1.7476579
11.446067,3.0643084,0.5626124
11.446067,3.0643084,0.5626124
10.792527,2.7795627,0.124426775
11.340783,2.5232315,1.311865
12.339189,4.28076,5.697909
9.226724,4.965406,6.859026
9.226724,4.965406,6.859026
6.5072813,5.077869,6.389734
5.3940206,4.5966125,5.1089754
5.5112686,3.382853,3.6053855
6.5168524,2.14038,2.7508488
7.8550386,1.6064813,2.8585258
8.834301,1.9175483,3.531208
9.016156,2.4825535,4.179962
8.705089,2.7580273,4.5008993
8.592327,2.6288147,4.386044
8.71466,2.0638096,3.8665023
8.879765,1.3429717,3.1842487
8.961121,0.7588239,2.4825535
8.843872,0.26799613,1.8744774
8.748159,-0.11006984,1.5107684
8.841479,-0.28743783,1.5394822
9.157332,-0.38554356,1.8242282
9.344272,-0.17228323,2.0805593
9.313165,0.4334,2.2767708
9.3562355,1.0390832,2.5088747
9.365807,1.5849459,2.786741
9.471091,2.056631,2.9709885
9.851849,2.2528424,2.9805596
10.229915,2.0733807,2.6862426
10.332807,1.4940187,2.0949163
10.2347,0.7109674,1.5299109
9.861421,0.63200426,2.2121646
9.770194,1.7979071,3.7133617
9.770194,1.7979071,3.7133617
10.091131,2.3916261,5.3342
10.275378,2.1906292,6.396912
9.81805,2.4107687,6.669993
9.0233345,3.3062828,6.241379
8.719446,4.2975097,5.4370914
9.262916,4.601398,4.6612186
9.997811,3.9861434,3.8473597
10.194023,2.6024938,3.3589249
9.890134,1.1467602,3.153142
9.267701,0.4118646,2.9255247
8.695218,0.38554356,2.5953152
8.491829,0.74446696,2.1882362
8.458329,1.5610176,2.0518453
8.130213,2.5785656,2.1355941
7.591828,3.1196425,2.1188445
7.132107,3.0957143,1.9728823
6.928418,2.801098,1.8409779
7.103393,2.5283163,1.7668004
7.663613,2.4586253,1.6519449
8.242975,2.5112674,1.5155541
8.712267,2.4394827,1.393221
9.188439,2.1140587,1.311865
9.585947,1.9175483,1.3597214
10.256236,2.0590239,1.5011971
10.684851,2.0422742,1.745265
10.335199,1.9968106,1.8170497
10.0672035,2.2289143,1.4844474
10.428819,2.5905297,1.1850454
11.740684,3.0643084,2.3150558
13.794922,3.6412778,4.7306104
14.306986,4.723432,7.0025954
11.402996,5.5950174,7.5942206
4.9486566,4.912764,4.0363927
4.718646,3.1004999,2.6312077
4.718646,3.1004999,2.6312077
5.8677993,1.2376875,2.1164517
7.5293155,0.5243273,2.3174486
8.913264,1.1084751,3.1004999
9.442377,2.300699,3.9622152
9.12144,3.313461,4.4004006
8.434401,3.7588253,4.362116
8.005786,3.6197424,3.9861434
8.075178,2.8106692,3.3756745
8.329117,1.6567305,2.6551359
8.415258,0.6559325,2.0781665
8.487042,-0.05742774,1.8002999
8.721839,-0.4860421,1.8409779
9.018549,-0.6942177,2.0590239
9.286844,-0.6750751,2.312663
9.377771,-0.28743783,2.461018
9.209974,0.47168517,2.477768
9.097511,1.2855439,2.4921248
9.44477,1.8122641,2.5570302
10.177273,1.9271195,2.585744
10.711171,1.5945172,2.3772693
10.694422,0.9601201,2.0231316
10.431211,0.3281158,1.8720846
10.182058,0.0023928226,2.0279171
9.68166,0.4334,2.6623142
9.037691,1.9271195,4.0651064
9.016156,3.6559339,6.1600227
8.953942,4.2592244,5.9470615
8.953942,4.2592244,5.9470615
9.102298,4.8673005,5.604589
10.165309,5.0491548,5.3342
11.573186,4.5415773,5.3964133
12.2482605,3.3397822,5.2310095
11.597114,1.7763717,4.5224347
10.131809,0.4429713,3.4689946
8.585149,-0.3376871,2.2791636
7.481459,-0.6367899,1.2903296
7.2062845,-0.54346985,0.79710907
7.5029945,0.2440679,0.92183495
7.6947193,1.4700904,1.4413766
7.6181493,2.3078775,1.9872392
7.4048886,2.5737798,2.4179473
7.144071,2.597708,2.612065
7.254141,2.5953152,2.571387
7.7593255,2.4394827,2.4442682
8.2094755,2.070988,2.2384856
8.40808,1.7668004,1.9319052
8.551649,1.7739788,1.7141583
9.099904,1.867299,1.7021942
10.14138,1.7620147,1.8505492
11.032109,1.7021942,2.477768
11.407782,2.2624137,3.1076784
11.690434,3.3493536,2.841776
11.862718,4.091428,1.9848464
11.235498,3.6607196,2.204986
11.860325,3.0858438,4.098606
11.860325,3.0858438,4.098606
12.121441,2.9614172,6.1241302
10.732707,3.3637104,7.254141
5.8654065,3.7827535,4.9917274
4.955835,2.5570302,4.1033916
4.955835,2.5570302,4.1033916
5.927919,1.07019,3.9550366
7.11775,0.16031912,4.108177
7.8287177,0.5386842,4.3405805
8.164012,1.8409779,4.584648
8.099107,3.2033913,4.814658
7.7976108,4.048357,4.7835517
7.510173,4.1608195,4.651647
7.562815,3.557529,4.4554358
7.9555373,2.4227328,4.01725
8.443972,1.1682956,3.4354951
8.819944,0.1794617,2.8992038
9.006584,-0.31615168,2.6168506
9.032906,-0.2970091,2.638386
8.941978,0.0,2.801098
8.894122,0.37597227,2.9063823
8.925228,0.8210373,2.9949167
8.980264,1.3142579,3.2105699
9.200403,1.8194425,3.5431721
9.624231,2.2504497,3.7995033
10.04806,2.341377,3.7636108
10.055239,0.3807579,2.9614172
10.083953,-0.9768698,2.4059832
10.083953,-0.9768698,2.4059832
10.342378,-1.4509479,2.1020947
10.586744,-0.4429713,2.6096723
11.472388,2.0255244,4.8696933
11.467603,2.5402803,5.9303117
11.467603,2.5402803,5.9303117
10.036097,3.4737802,6.6771717
8.345866,4.761717,6.5072813
7.9076805,5.72423,5.8893347
8.635398,5.6524453,5.137689
9.46152,4.493721,4.0268216
9.7654085,2.6551359,3.0690942
9.499805,0.9984053,2.3916261
8.886943,0.27996024,1.8625133
8.242975,0.3687938,1.4916258
7.8000035,0.84017986,1.2496517
7.6947193,1.5346966,1.2951152
7.752147,2.3772693,1.6064813
7.819146,3.054737,1.9728823
7.819146,3.3804603,2.219343
7.689934,3.2727833,2.2360928
7.603792,2.8585258,1.9630119
7.7186475,2.461018,1.4700904
7.996215,2.1212373,0.91226363
8.475079,1.7668004,0.541077
9.006584,1.4102699,0.48364928
10.4718895,1.1491531,0.974477
11.328819,1.1611172,1.6016957
11.328819,1.1611172,1.6016957
11.625828,1.3980067,2.243271
11.635399,2.1092732,2.3772693
11.46521,3.7468612,1.7979071
12.22194,4.019643,2.96381
12.22194,4.019643,2.96381
12.810873,4.388437,4.4985065
11.75504,4.936692,6.1504517
8.9826565,4.9438705,6.710671
6.4471617,4.778766,5.7170515
5.439484,4.1727834,4.249653
5.805586,2.992524,2.9159534
6.9044895,1.8122641,2.300699
8.1015,1.2257234,2.5929224
9.049655,1.4964114,3.3732817
9.109476,2.2073789,3.9670007
8.422437,2.7221348,4.139284
7.9340014,2.9303105,3.9550366
8.060822,2.8202405,3.5838501
8.489435,2.3844478,3.2273195
8.73141,1.8146569,2.9063823
8.676076,1.2903296,2.5378876
8.664112,0.8210373,2.288735
9.049655,0.18903299,2.219343
9.406485,-0.46929234,2.1212373
9.44477,-0.76600236,1.9728823
9.404092,-0.4334,2.0805593
9.341879,0.148355,2.3222344
9.341879,0.148355,2.3222344
9.528519,0.7755736,2.6312077
10.043275,1.2807583,2.8322048
10.60828,0.86919284,2.3581266
10.553246,0.23449662,1.8720846
10.553246,0.23449662,1.8720846
10.328021,-0.014356935,1.8337995
10.028918,0.6056832,2.5929224
10.713564,1.9776679,4.781159
10.670493,2.379662,5.671588
10.670493,2.379662,5.671588
9.969097,3.1100712,6.3011994
9.320343,4.199105,6.3849483
9.205189,5.0850472,5.9709897
9.413663,5.1257253,5.0994043
9.619446,4.3405805,3.9454653
9.578768,2.9015965,3.1387851
9.332308,1.3405789,2.7173493
9.056833,0.40707895,2.3485553
8.719446,0.17467605,1.9848464
8.434401,0.474078,1.7237296
8.367402,1.3190435,1.7500507
8.293224,2.4227328,1.9534405
7.943573,3.246462,2.044667
7.469495,3.5264223,1.9776679
7.0746794,3.246462,1.8122641
6.9595246,2.7101707,1.5729818
7.268498,2.2959132,1.2999009
7.8813596,2.1092732,1.0199406
8.472686,2.015953,0.77318084
8.970692,1.7955143,0.5985048
10.780563,1.4003994,0.7899306
11.616257,1.5083755,1.5897316
11.616257,1.5083755,1.5897316
11.829218,1.9223338,2.4681966
11.67847,2.7101707,2.5450659
11.22832,4.0651064,1.378864
11.474781,4.045964,2.501696
11.474781,4.045964,2.501696
12.198011,4.261617,4.2014976
11.912967,4.7859445,5.8630137
9.712767,4.6875396,6.4642105
7.1105714,4.278367,5.6524453
5.901598,3.598207,4.558327
6.1767726,2.5064816,3.3684962
7.19432,1.3956138,2.5331018
8.032107,0.8979067,2.3772693
8.546864,1.3166506,2.8393831
8.5779705,2.1547368,3.370889
8.149654,2.8513472,3.6221352
7.9052877,3.3182468,3.670291
8.089535,3.4929228,3.6340995
8.530113,2.9255247,3.4402807
8.886943,1.8385851,2.9614172
8.9013,0.8282157,2.3246272
8.85823,0.0,1.7931215
9.0233345,-0.5841478,1.5681962
9.24826,-0.86919284,1.6447664
9.394521,-0.8282157,1.8720846
9.073584,0.10767702,2.382055
9.052048,1.0055838,2.652743
9.052048,1.0055838,2.652743
9.557233,1.9657038,2.8106692
10.00499,2.4059832,2.8298118
10.093524,0.4118646,2.382055
10.560424,-0.6870392,2.3102703
10.560424,-0.6870392,2.3102703
11.063215,-0.37836507,2.935096
11.32164,1.1419746,3.8401814
10.878669,2.1499512,5.111368
9.815658,2.6240292,5.5710893
9.815658,2.6240292,5.5710893
8.448758,3.950251,5.468198
8.120642,5.360521,4.9486566
9.229117,5.8008003,4.546363
10.598709,5.1209397,3.9861434
11.020144,3.545565,3.399603
10.392926,1.6734804,3.0092735
9.418449,0.55064833,2.5737798
8.587542,0.39032918,2.1140587
7.943573,0.6726823,1.7548363
7.5580297,1.1706885,1.6040884
7.3953176,1.89362,1.6519449
7.2972116,2.5498517,1.7117655
7.2708907,2.7771697,1.6686947
7.3785677,2.5809584,1.4988043
7.6013994,2.219343,1.2592229
8.568398,1.89362,1.0582259
9.150154,2.056631,1.1515459
9.150154,2.056631,1.1515459
9.602696,2.3078775,1.3669
9.983455,2.4275186,1.6399808
10.455139,3.054737,2.7915268
10.524531,3.9215372,3.49053
10.524531,3.9215372,3.49053
10.613066,4.881657,3.4426737
10.711171,5.5112686,2.5809584
11.137393,4.872086,2.6551359
11.544472,4.290331,3.8760736
11.544472,4.290331,3.8760736
10.837991,3.6317065,5.1640105
9.013762,3.1579278,5.5519466
7.2158556,2.9374888,5.037191
6.2844496,2.542673,4.278367
6.509674,1.8960128,3.5623147
7.4718876,1.1659029,3.153142
8.539685,0.85244304,3.1244283
9.471091,1.2281163,3.3637104
9.643374,1.8122641,3.4953158
9.013762,2.1260228,3.354139
8.386544,2.2121646,3.1363924
8.175976,2.219343,2.9662027
8.293224,2.0638096,2.8513472
8.510971,1.6639091,2.6766713
8.656933,1.1276177,2.4466612
9.085547,0.18903299,2.0949163
9.401699,-0.09810573,2.1068804
9.401699,-0.09810573,2.1068804
9.550055,-0.23688944,2.2002003
9.430413,-0.16510476,2.2935205
9.221938,0.6200402,2.4705894
9.329915,1.1012967,2.7388847
9.329915,1.1012967,2.7388847
9.557233,1.4605191,3.0885358
10.012168,1.6615162,3.2440693
10.560424,0.17467605,2.4418755
10.558031,-1.1204392,1.8816559
10.558031,-1.1204392,1.8816559
10.5436735,-1.8122641,1.5610176
10.395319,-1.2879368,2.0662024
10.363914,0.18903299,3.382853
10.435997,1.4581263,4.6564326
10.091131,2.271985,5.5830536
9.372986,3.3038898,6.171987
9.052048,4.613362,6.212665
9.303594,5.657231,5.9039907
9.791729,5.7553368,5.3219366
10.08156,4.781159,4.599005
9.91167,3.1986058,3.9000018
9.341879,1.5753746,3.1076784
8.549256,0.48125646,2.4442682
7.835896,0.08135597,2.0422742
7.455138,0.19381863,1.8601205
7.713862,2.0685952,2.5450659
7.84786,3.1292138,2.8776684
7.84786,3.1292138,2.8776684
7.711469,3.5671003,2.96381
7.4718876,3.4881372,2.8489544
7.50778,2.786741,2.2671995
7.764111,2.5689943,1.8385851
7.764111,2.5689943,1.8385851
8.137691,2.571387,1.6399808
8.721839,2.9135606,1.6998014
10.143773,3.0643084,2.0662024
10.265807,2.9255247,2.8345976
10.265807,2.9255247,2.8345976
10.433604,3.3852458,2.9829526
11.611471,4.2568316,2.2528424
12.763017,4.558327,1.9175483
13.339986,4.045964,3.354139
13.339986,4.045964,3.354139
13.356736,3.7061832,5.382056
11.484352,3.5910287,6.727421
8.673683,3.7133617,6.2437716
6.116952,3.5742788,4.6731825
4.625326,2.748456,3.0188448
4.8792644,1.474876,1.9968106
6.049953,0.11246266,2.0279171
7.6085777,-0.45732823,2.8633113
9.044869,0.30418757,4.019643
9.459127,1.8409779,4.9007998
8.360223,3.6655052,4.6372905
7.996215,3.7875392,4.1057844
7.996215,3.7875392,4.1057844
8.046464,3.4522448,3.5168512
8.319545,2.597708,2.9207392
8.5779705,0.45014977,2.0638096
8.774481,-0.2321038,1.9704895
8.774481,-0.2321038,1.9704895
9.102298,-0.57457656,2.0781665
9.353843,-0.65353966,2.260021
9.29163,-0.2440679,2.5570302
9.188439,0.39750767,2.6479573
9.188439,0.39750767,2.6479573
9.4280205,1.3310076,2.7029922
9.823135,2.1690936,2.6718855
9.813265,2.03031,2.6336005
9.727123,0.8282157,2.4035904
9.727123,0.8282157,2.4035904
10.060024,-0.069391854,2.2552354
10.412068,0.36161533,2.6766713
10.6154585,1.9992033,3.5886357
10.897812,2.8465617,4.5655055
11.010573,2.5546372,5.35095
10.20838,2.8752756,5.985347
8.599505,4.034,6.018846
8.029715,5.211867,5.4203415
9.116654,5.721837,4.77398
10.347163,5.329115,4.2161536
10.488639,3.9478583,3.8114674
9.928419,2.2528424,3.4163525
9.18126,1.1682956,2.8609185
8.475079,0.6726823,2.097309
7.929216,0.49082774,1.3740784
7.689934,1.1826526,1.1371889
7.9316087,1.9366908,1.4437693
7.9316087,1.9366908,1.4437693
7.9220376,2.4562325,1.6471593
7.7186475,2.693421,1.6567305
7.8143606,2.6168506,1.3980067
8.616255,2.638386,1.2568301
8.616255,2.638386,1.2568301
9.361021,2.461018,1.1491531
9.873384,1.8433708,1.1611172
10.837991,1.1970096,2.3916261
12.116655,1.9295124,3.1292138
12.116655,1.9295124,3.1292138
12.908979,3.3110683,3.7133617
12.664911,4.6731825,4.060321
10.589137,5.037191,3.5096726
7.711469,4.955835,2.6096723
6.3083777,5.0539403,2.1571295
6.4088764,4.668397,2.2337
7.2086773,3.3756745,3.2321053
8.118249,1.7404794,4.5008993
9.150154,0.8330014,5.72423
10.229915,0.98644114,6.6556363
10.672886,1.7763717,6.2007008
10.024133,2.4538395,4.634897
8.616255,2.312663,3.4426737
7.2708907,1.6782659,3.2703903
6.502496,1.6974086,3.6221352
6.0284176,3.0355947,3.4929228
6.1384873,2.547459,2.6240292
6.1384873,2.547459,2.6240292
6.631708,2.786741,2.408376
7.9244304,3.6053855,2.9997022
12.777374,2.0183458,3.1579278
13.639089,0.83778703,2.7699914
13.639089,0.83778703,2.7699914
12.384652,0.62721866,2.6551359
10.64178,1.1970096,2.6862426
8.7673025,1.6280167,2.1020947
8.319545,1.3477573,1.096511
8.319545,1.3477573,1.096511
8.199904,1.0510473,-0.023928227
8.740981,0.94337034,-0.8258229
10.332807,0.9936196,-0.4334
10.34477,1.2329018,0.17467605
10.34477,1.2329018,0.17467605
10.095917,1.8314066,0.6750751
10.241879,2.7819555,1.0869397
10.8714905,3.7827535,1.218545
11.312069,4.2951164,1.1611172
11.1732855,4.2352962,2.3892334
11.944074,4.5272202,4.699504
12.727124,4.9917274,7.1392856
10.684851,4.5678983,8.094321
7.6851482,3.7803607,6.387341
6.2461643,2.801098,4.2038903
7.132107,-0.5482555,2.2791636
7.893324,-1.338186,2.9063823
7.893324,-1.338186,2.9063823
8.427222,-0.74446696,3.976572
8.740981,0.5673981,4.706682
7.6181493,2.3222344,4.462614
7.268498,2.597708,4.124927
7.268498,2.597708,4.124927
7.455138,2.5905297,3.761218
8.001,2.14038,3.411567
9.078369,0.69182485,2.7915268
9.236296,0.5913263,2.7293134
9.236296,0.5913263,2.7293134
9.253045,0.83060855,2.7891338
9.0544405,0.9768698,2.8178477
8.180761,0.64636123,3.19382
8.2094755,0.7157531,3.6655052
8.2094755,0.7157531,3.6655052
8.810373,1.2616158,4.1105704
9.684052,2.0207388,4.3405805
10.555638,2.4681966,4.139284
10.914561,1.8505492,3.612564
10.974681,0.25603202,3.2536407
11.467603,-1.1012967,3.1986058
11.700006,-1.1587243,3.7851462
11.532508,0.031106694,4.9462633
11.290534,1.3286148,5.9327044
10.675279,2.2528424,6.291628
8.412866,3.72054,6.207879
7.3307114,4.682754,5.8390856
7.3307114,4.682754,5.8390856
7.053144,5.331807,5.2477593
7.7162547,5.331807,4.4339004
9.159725,3.7420754,2.8465617
9.080762,2.4562325,2.6599214
9.080762,2.4562325,2.6599214
8.606684,1.5179468,2.6647072
8.384151,1.041476,2.6551359
8.336295,1.3094722,2.5354948
8.125427,1.8314066,2.4681966
8.125427,1.8314066,2.4681966
7.75454,2.243271,2.2504497
7.4240313,2.3509483,1.8170497
7.309176,2.1020947,1.0941181
7.5197444,2.1308086,0.9385847
7.5197444,2.1308086,0.9385847
7.943573,2.1499512,0.77318084
8.618649,2.0087745,0.72771716
9.408877,1.9055841,0.8955139
10.122238,1.907977,1.2520444
10.622637,1.9438694,1.8385851
10.584352,2.1164517,2.43709
10.787742,2.6671,2.461018
11.563615,3.2560334,1.8840487
11.795718,3.4187453,1.2640085
11.987144,3.2368908,1.7955143
13.442878,3.0762727,5.6644096
11.297712,4.4195433,7.086643
11.297712,4.4195433,7.086643
8.056036,5.259723,6.808777
5.805586,5.1400824,5.5447683
5.4179487,2.43709,3.3373895
6.6149583,1.5849459,3.05713
6.6149583,1.5849459,3.05713
7.9340014,1.7333009,3.4594233
8.692825,2.4825535,4.0148573
8.2812605,3.4211383,4.148855
8.044071,3.2823544,4.041178
8.044071,3.2823544,4.041178
7.998608,2.6407788,3.7396827
8.140083,1.7117655,3.1076784
8.532506,-0.021535404,1.9848464
8.867801,-0.622433,1.8505492
8.867801,-0.622433,1.8505492
9.12144,-0.72053874,1.9127626
9.274879,-0.5769694,2.0470598
9.399306,-0.28743783,2.2265215
9.35145,0.4118646,2.501696
9.284451,1.4126626,3.0116663
9.552447,2.4801607,3.4354951
10.031311,3.0595229,3.4689946
10.186844,2.3222344,3.0762727
10.191629,0.689432,2.3916261
10.337592,-0.5697909,1.9414765
10.447961,0.80189466,3.246462
10.703993,1.7668004,4.386044
10.703993,1.7668004,4.386044
10.677672,2.3437698,5.1329036
9.859028,3.5479577,5.762515
8.37458,6.34427,5.736194
9.327521,6.7872415,5.408377
9.327521,6.7872415,5.408377
10.569995,5.911169,4.759324
10.866705,3.789932,3.950251
8.985049,0.42382872,2.178665
7.8670025,0.0023928226,1.3046865
7.8670025,0.0023928226,1.3046865
7.1488566,-0.02871387,0.663111
6.8949184,0.33050862,0.5075775
7.0196443,2.12363,0.8787641
7.089036,2.691028,1.0845468
7.089036,2.691028,1.0845468
7.1345,2.9709885,1.2281163
7.3546395,3.0786655,1.2113664
7.929216,3.0738797,1.0534402
8.7673025,2.8704898,0.7325028
9.638589,2.4658036,0.43100718
10.4718895,1.9582262,0.39750767
11.166107,1.4772689,0.7540382
11.484352,1.16351,1.5346966
11.697613,1.1515459,2.152344
12.05175,1.6950158,2.015953
12.303296,2.7939196,1.7213368
13.217953,3.6197424,2.9398818
14.024632,4.2161536,4.706682
12.571292,5.2166524,6.107381
9.341879,5.6237316,6.5431733
4.9462633,4.6229334,4.158427
5.1496534,3.4761732,3.222534
5.1496534,3.4761732,3.222534
6.3681984,2.3772693,2.8226335
7.7258263,1.6806588,3.071487
9.176475,2.0733807,4.153641
8.95155,2.3485553,4.060321
8.95155,2.3485553,4.060321
8.513364,2.1619153,3.5934215
8.259725,1.7739788,3.045166
8.463115,0.58654064,2.0350957
8.637791,0.19860429,1.8481563
8.637791,0.19860429,1.8481563
8.743374,-0.047856454,1.9247267
8.743374,-0.09571291,2.0757737
8.939586,0.09810573,2.5136602
8.896515,0.33050862,2.6455646
8.896515,0.33050862,2.6455646
8.774481,0.8234301,2.8202405
8.877372,1.4318053,3.0595229
9.425628,2.0015962,3.0933216
10.229915,2.1906292,3.0020952
10.711171,1.5011971,2.8034909
10.773385,0.19621146,2.4251258
10.782956,-0.90508515,2.1547368
10.6154585,-1.1443675,2.3724837
10.541281,0.033499517,3.222534
10.931312,1.3740784,4.072285
10.933704,2.585744,5.7003016
9.791729,4.1225343,6.5742803
9.791729,4.1225343,6.5742803
8.891729,5.7553368,6.6364937
8.865408,6.6532435,6.183951
9.41127,4.924728,3.9047875
8.944371,2.9685955,2.841776
8.944371,2.9685955,2.841776
8.39133,1.3046865,2.1547368
8.010572,0.32093734,1.637588
7.902895,0.2970091,1.1204392
7.9507513,1.3046865,1.4940187
7.9507513,1.3046865,1.4940187
7.876574,2.4394827,2.0638096
7.6013994,3.126821,2.3724837
7.120143,3.1555347,2.032703
7.19432,2.8465617,1.6734804
7.19432,2.8465617,1.6734804
7.622935,2.6048865,1.326222
8.247761,2.4131618,0.97926265
8.944371,2.2073789,0.7612167
9.679267,2.003989,0.73489565
10.555638,1.8146569,0.97926265
11.266605,1.5801603,1.4772689
11.438889,1.5251254,2.1068804
11.647364,2.0614166,2.312663
11.924931,2.8872397,1.6686947
11.702398,3.5264223,1.2065809
12.573685,4.074678,4.5559344
11.917752,4.8529434,6.4351974
11.917752,4.8529434,6.4351974
9.629018,5.0826545,7.1129646
7.2613196,4.7955155,6.114559
5.9135623,2.7005994,3.3804603
6.8709903,1.5370895,2.4945176
6.8709903,1.5370895,2.4945176
7.9555373,1.0271192,2.3748765
8.776874,1.3501502,2.8178477
8.623434,2.5546372,3.6846478
8.12782,2.6742785,3.6005998
8.12782,2.6742785,3.6005998
7.888538,2.626422,3.3062828
8.240582,2.003989,2.894418
9.071191,0.3376871,1.9728823
9.013762,-0.11724831,1.7763717
9.013762,-0.11724831,1.7763717
8.975478,-0.27517462,1.8385851
9.140582,-0.31615168,2.0279171
9.119047,-0.09332009,2.2456641
8.9108715,0.37836507,2.3485553
8.9108715,0.37836507,2.3485553
8.891729,1.0199406,2.5136602
9.480662,1.704587,2.691028
10.335199,2.0063818,2.7580273
10.636994,1.5490535,2.5064816
10.548459,0.6678966,2.1667008
10.744671,0.086141616,2.7245276
10.806885,1.1467602,3.6412778
10.806885,1.1467602,3.6412778
10.696815,2.0685952,4.5487556
10.220344,2.271985,5.063512
8.613862,3.246462,4.896014
8.649755,4.01725,4.402794
8.649755,4.01725,4.402794
9.4686985,4.290331,4.074678
10.392926,3.9143589,3.7516468
10.584352,1.5993029,2.9829526
9.933205,0.7612167,2.4969103
9.933205,0.7612167,2.4969103
9.085547,0.53629136,2.0207388
8.355437,0.79471624,1.623231
7.582257,2.3198416,1.5418751
7.19432,2.9111679,1.7021942
7.19432,2.9111679,1.7021942
6.849455,3.1387851,1.7476579
6.6101727,3.141178,1.6208383
7.089036,3.1842487,1.1946167
7.7904325,3.2799616,1.0079765
7.7904325,3.2799616,1.0079765
8.59472,3.1555347,0.9098708
9.404092,2.8704898,0.8644072
10.299307,2.4945176,0.91226363
11.089537,1.9872392,1.1371889
11.44846,1.5753746,1.6040884
12.336796,2.3629124,1.759622
12.202797,2.9614172,0.8138588
12.202797,2.9614172,0.8138588
11.829218,3.205784,0.94337034
11.72154,2.9973094,2.4299114
10.732707,4.074678,5.709873
9.337093,4.057928,5.7984076
9.337093,4.057928,5.7984076
7.704291,3.423531,4.7042894
6.8303123,2.271985,3.4761732
7.510173,0.38554356,2.2576282
8.477471,0.7851449,2.5929224
8.477471,0.7851449,2.5929224
8.920443,1.7500507,3.1698918
8.554042,2.5088747,3.5503507
7.7497544,3.0020952,3.5742788
7.8143606,2.7915268,3.449852
7.8143606,2.7915268,3.449852
8.12782,2.097309,3.153142
8.448758,1.2017952,2.7005994
8.700303,-0.0023928226,2.1212373
8.913264,-0.30418757,2.1834507
8.913264,-0.30418757,2.1834507
9.188439,-0.53389853,2.3724837
9.454341,-0.53389853,2.5833511
9.657731,-0.050249275,2.7532415
9.859028,0.96490574,2.9446673
10.04806,2.0518453,3.1627133
10.462317,2.7436702,3.0284162
10.000204,1.7333009,2.4729822
10.000204,1.7333009,2.4729822
9.439984,0.325723,2.032703
9.322736,-0.3472584,2.0949163
10.129416,1.3669,4.5272202
11.068001,2.152344,5.7840505
11.068001,2.152344,5.7840505
11.24507,3.6460636,6.727421
10.450354,5.3629136,7.1010003
9.4280205,6.509674,5.6356955
9.633803,5.4107704,4.398008
9.633803,5.4107704,4.398008
9.619446,3.39721,3.3780673
9.284451,1.2687942,2.559423
8.058429,-1.0055838,0.85483587
7.7425756,-1.1515459,0.36161533
7.7425756,-1.1515459,0.36161533
7.8071823,-0.35443684,0.44057846
7.9627156,1.2496517,1.0175478
7.687541,3.8545382,2.164308
7.495816,4.1847477,2.4586253
7.495816,4.1847477,2.4586253
7.266105,3.801896,2.3150558
7.3235326,3.0786655,1.879263
8.33151,2.0063818,0.9457632
8.848659,1.5490535,0.64636123
8.848659,1.5490535,0.64636123
9.344272,1.1611172,0.5386842
10.189237,1.0773684,0.907478
11.32164,1.1132607,1.7141583
11.896217,1.2759727,2.6455646
11.889038,1.8912272,2.9207392
11.599507,3.153142,1.5179468
11.637792,3.0619156,1.8768703
11.637792,3.0619156,1.8768703
12.080763,2.7388847,3.016452
11.702398,3.4019957,4.158427
7.9555373,4.7282176,5.779265
6.4423757,4.5272202,5.2477593
6.4423757,4.5272202,5.2477593
6.0571313,3.7013974,4.615755
6.602994,2.7293134,3.7947176
8.283653,2.4538395,3.2416766
8.616255,2.856133,3.531208
8.616255,2.856133,3.531208
8.372188,3.0957143,3.6607196
7.95793,2.9685955,3.6655052
8.336295,1.393221,3.246462
8.685647,0.4956134,2.6336005
8.685647,0.4956134,2.6336005
8.745767,-0.0741775,2.0925233
8.697611,-0.43818563,1.7644076
9.329915,-0.7516454,1.6663018
9.329915,-0.42861435,1.7811574
9.329915,-0.42861435,1.7811574
9.073584,0.09571291,2.0183458
8.85823,0.74446696,2.42034
9.02812,1.5346966,2.9662027
9.633803,2.2959132,3.370889
10.131809,2.612065,3.5383866
10.6154585,0.5315057,2.9997022
11.120644,-0.5195416,2.4275186
11.120644,-0.5195416,2.4275186
11.223535,-0.43818563,2.2935205
11.1732855,1.0199406,2.8082764
10.687243,2.734099,4.453043
10.088738,2.96381,5.0395837
10.088738,2.96381,5.0395837
8.961121,3.7683966,5.492126
8.096714,4.955835,5.360521
9.044869,5.669195,4.5224347
9.696016,4.7449675,3.7396827
9.696016,4.7449675,3.7396827
9.743873,3.0236306,3.004488
9.3155575,1.4916258,2.4323041
7.893324,0.74207413,1.4676976
7.6396847,1.0271192,1.1778669
7.6396847,1.0271192,1.1778669
7.6396847,1.6328024,1.1874382
7.6277204,2.4131618,1.4027922
7.6277204,3.0619156,1.5801603
7.620542,2.951846,1.4605191
7.620542,2.951846,1.4605191
7.7066836,2.7652056,1.1946167
8.017751,2.559423,0.76600236
8.403294,2.3389843,0.3065804
8.958728,2.1427727,0.0047856453
9.696016,1.9007984,-0.02632105
11.335998,1.326222,1.1300105
12.157333,1.4102699,1.9151554
12.157333,1.4102699,1.9151554
12.798909,2.152344,1.8266209
12.707982,3.167499,1.3860425
13.727624,5.020441,4.6037908
13.069298,5.7601223,6.7011
13.069298,5.7601223,6.7011
9.502198,5.705087,7.2756763
5.942276,5.386842,5.738587
4.788337,3.4067812,2.2384856
6.133702,2.1882362,1.5777674
6.133702,2.1882362,1.5777674
7.620542,1.623231,2.0087745
8.554042,1.8744774,3.0523443
8.23101,3.2249267,4.371687
8.156834,3.114857,4.167998
8.156834,3.114857,4.167998
8.436793,2.475375,3.6990047
8.724232,1.6351951,3.1172497
8.848659,0.27517462,1.8026928
8.872586,-0.15314065,1.5251254
8.872586,-0.15314065,1.5251254
9.044869,-0.4549354,1.556232
9.31795,-0.58893347,1.7715861
9.277272,0.26081768,2.2169502
9.090333,1.1922239,2.4107687
9.193225,2.1978076,2.6623142
9.495019,2.691028,2.9111679
9.676874,2.0183458,3.054737
9.676874,2.0183458,3.054737
9.921241,0.7683952,3.016452
10.696815,0.87158567,3.0957143
12.592828,2.193022,4.345366
13.057334,2.8178477,6.2581286
13.057334,2.8178477,6.2581286
11.838789,4.2257247,8.024929
9.6529455,5.638088,8.065607
7.457531,6.471389,5.118547
7.309176,5.52084,3.1962128
7.309176,5.52084,3.1962128
7.278069,3.7875392,1.6998014
7.21107,1.8864416,1.1204392
8.0345,0.38793638,1.6136597
8.235796,0.8979067,2.1858435
8.235796,0.8979067,2.1858435
8.324331,1.9223338,2.6048865
8.257332,2.935096,2.7508488
7.7066836,3.5072799,2.0374885
7.481459,3.1363924,1.3597214
7.481459,3.1363924,1.3597214
7.347461,2.748456,0.79710907
7.5604224,2.5522444,0.40468612
8.961121,2.2384856,0.09810573
9.995419,2.0805593,0.39750767
11.017752,1.9800607,1.0223335
11.493923,1.9558334,1.8122641
11.187642,1.9558334,2.1044874
11.187642,1.9558334,2.1044874
11.027323,1.9680966,1.623231
11.692827,2.516053,1.5921243
15.444474,5.061119,6.372984
13.907384,6.0403814,7.926823
13.907384,6.0403814,7.926823
9.114262,6.1935225,7.8335032
5.492126,5.9733825,5.982954
4.6971107,3.3804603,2.6072793
5.927919,2.2145574,2.2241287
5.927919,2.2145574,2.2241287
7.184749,1.9007984,2.9183464
8.022536,2.2911277,3.9813578
7.8311105,3.5886357,5.0132627
7.7736826,3.5264223,4.718646
7.7736826,3.5264223,4.718646
8.130213,2.908775,4.084249
8.436793,2.0279171,3.3206396
8.930014,0.46929234,2.1188445
9.186047,-0.02632105,1.8888344
9.186047,-0.02632105,1.8888344
9.31795,-0.19381863,1.9127626
9.542876,-0.42861435,2.0231316
9.523733,-0.53389853,1.9055841
9.221938,0.08135597,1.9319052
9.145369,0.96729857,2.152344
9.435199,1.7787645,2.408376
9.899706,1.975275,2.6312077
9.899706,1.975275,2.6312077
10.3543415,1.3956138,2.6048865
10.773385,0.70618176,2.3629124
10.936097,1.8409779,3.0260234
10.780563,3.0786655,3.8784664
10.780563,3.0786655,3.8784664
10.782956,3.114857,4.9438705
10.522139,2.9685955,6.3083777
8.29801,5.077869,6.7609205
8.142476,5.8797636,5.915955
8.142476,5.8797636,5.915955
8.487042,5.786443,4.7210393
8.644969,4.735396,3.437888
8.786445,1.0845468,2.1020947
8.977871,0.03589234,1.8649062
8.977871,0.03589234,1.8649062
8.913264,-0.19860429,1.704587
8.685647,0.10767702,1.7333009
8.4679,2.0949163,2.2360928
8.12782,2.9063823,2.1092732
8.12782,2.9063823,2.1092732
7.785647,3.1890345,1.7763717
7.385746,3.045166,1.4437693
7.129714,2.341377,0.5985048
7.6253276,2.2217357,0.15074782
8.477471,2.164308,-0.124426775
9.480662,1.7979071,-0.12921242
10.428819,1.1539388,-0.033499517
11.29532,0.63918275,0.3472584
12.226726,0.70618176,1.3908281
13.095619,1.6399808,2.43709
13.119548,2.856133,2.1762722
12.066406,3.6053855,1.1659029
12.066406,3.6053855,1.1659029
11.170893,4.05075,1.785943
11.745469,4.4339004,3.5742788
10.232307,5.5112686,6.6101727
7.105786,5.309973,6.526424
7.105786,5.309973,6.526424
5.5950174,4.970192,5.61416
5.638088,4.0387855,4.4195433
7.2637124,2.4299114,2.746063
7.917252,2.3365912,3.0140593
7.917252,2.3365912,3.0140593
8.441579,2.5570302,3.5694933
8.367402,2.841776,3.9023945
7.9363947,2.6982067,3.818646
8.005786,2.0949163,3.461816
8.005786,2.0949163,3.461816
8.156834,1.3094722,2.935096
8.499007,0.6152545,2.4323041
9.267701,-0.4429713,2.0733807
9.439984,-0.63918275,2.0470598
9.439984,-0.63918275,2.0470598
9.341879,-0.55304116,1.989632
9.294023,-0.34965122,1.9920249
9.044869,1.0223335,2.3844478
8.999406,1.9055841,2.7269206
9.353843,2.626422,3.0188448
9.696016,2.501696,3.1842487
9.837492,1.338186,2.8776684
9.837492,1.338186,2.8776684
10.191629,0.10289137,2.2863421
10.562817,-0.4764708,2.12363
10.586744,1.3860425,3.6029928
11.039288,1.989632,4.699504
11.039288,1.989632,4.699504
11.185249,2.2624137,5.5136614
10.28495,3.315854,6.0308104
8.956335,6.0140605,5.556732
9.810872,5.9877396,5.0922256
9.810872,5.9877396,5.0922256
10.34477,4.912764,4.2687955
9.993026,2.9997022,3.3924243
8.656933,0.08135597,2.1499512
8.046464,-0.059820566,1.7261224
8.046464,-0.059820566,1.7261224
7.6348987,0.2536392,1.3884354
7.4359956,1.0749756,1.2927225
7.2158556,2.9255247,1.7404794
7.1129646,3.1770704,1.7428722
7.1129646,3.1770704,1.7428722
6.9595246,3.0475588,1.5945172
7.004988,2.734099,1.3214363
8.305188,2.2624137,0.6415756
9.1669035,1.8577276,0.3807579
9.854242,1.2137593,0.25124636
10.507782,0.49322057,0.392722
11.264213,0.1268196,1.0510473
11.264213,0.1268196,1.0510473
11.977572,0.53629136,1.9462621
12.499507,1.6064813,2.1762722
11.886645,3.330211,1.0007981
12.07837,3.6918263,2.6072793
12.07837,3.6918263,2.6072793
13.387843,4.6636114,4.9845486
12.710375,5.6069818,7.1081786
6.3418775,4.922335,6.1887364
5.0754757,4.0962133,4.955835
5.0754757,4.0962133,4.955835
5.331807,3.1172497,3.7851462
6.485746,2.0925233,3.0188448
8.479864,1.4581263,3.6293137
8.925228,1.8122641,4.208975
8.925228,1.8122641,4.208975
8.5779705,2.0374885,4.314259
8.300403,1.9223338,4.074678
8.506186,1.0103694,3.2321053
8.822337,0.45972106,2.6838498
8.822337,0.45972106,2.6838498
9.042477,0.11006984,2.3222344
8.977871,-0.12203395,2.2959132
8.683254,-0.011964113,2.6718855
8.487042,0.33050862,2.798705
8.48465,0.6583253,2.8633113
8.633005,1.0725827,2.9542387
8.9826565,1.5179468,3.1627133
8.9826565,1.5179468,3.1627133
9.497412,1.9824536,3.411567
10.062417,2.367698,3.3924243
10.287343,1.4964114,2.477768
9.904491,0.11006984,1.9486549
9.904491,0.11006984,1.9486549
9.767801,-0.8330014,1.8290138
9.990633,-0.474078,2.6216364
11.5157585,1.1132607,5.18076
10.955539,2.14038,5.7744794
10.955539,2.14038,5.7744794
9.485448,3.5838501,6.006882
8.333902,4.9725847,5.63091
9.305986,5.829514,4.558327
10.074382,4.57747,3.7420754
10.074382,4.57747,3.7420754
10.129416,2.5498517,3.1028929
9.786943,0.8979067,2.626422
8.427222,0.09332009,1.9462621
7.8574314,0.5602196,1.6974086
7.8574314,0.5602196,1.6974086
7.534101,1.4318053,1.582553
7.2493553,2.3485553,1.5538392
7.1249285,3.0068808,1.3597214
7.1081786,2.7652056,1.244866
7.3402824,2.3700907,1.0845468
7.912466,2.0231316,0.87637126
8.582756,1.8290138,0.7013961
9.226724,1.7739788,0.5985048
9.894919,1.6950158,0.541077
10.660922,1.4988043,0.74207413
11.508579,1.3956138,1.393221
12.14537,1.7883358,2.32702
12.14537,1.7883358,2.32702
12.3607235,2.5953152,2.7843482
11.948859,3.4426737,2.4514468
12.576077,4.8026943,4.955835
12.226726,5.523233,6.3777695
12.226726,5.523233,6.3777695
9.815658,5.4610195,6.4088764
7.225427,4.761717,5.235795
6.14088,2.4729822,3.4570305
7.004988,1.3070793,3.165106
7.004988,1.3070793,3.165106
7.7258263,0.87637126,3.2297122
8.154441,1.2424731,3.5072799
8.546864,2.3892334,3.5623147
8.441579,2.4227328,3.39721
8.441579,2.4227328,3.39721
8.556435,2.2145574,3.260819
8.745767,1.8457636,3.112464
8.961121,0.54346985,2.3150558
8.939586,0.014356935,1.975275
8.882157,-0.27038896,1.9223338
8.827123,-0.40947178,2.1427727
8.676076,-0.35443684,2.4634109
8.429615,-0.11485548,2.7364917
8.295617,0.4334,2.990131
8.573184,1.3980067,3.2823544
9.142975,2.4035904,3.502494
9.767801,2.9446673,3.5072799
9.767801,2.9446673,3.5072799
10.162916,2.547459,3.222534
10.263414,1.1539388,2.65035
10.388141,-1.0725827,1.8385851
10.335199,-0.4118646,2.382055
10.335199,-0.4118646,2.382055
10.636994,0.8066803,3.3732817
11.216356,1.5993029,4.4745784
10.076775,4.167998,6.576673
9.159725,5.8893347,6.6771717
9.159725,5.8893347,6.6771717
9.212367,6.7968125,6.0116677
9.952348,6.265307,4.936692
9.887741,2.0925233,2.746063
9.162118,0.20817557,2.0183458
9.162118,0.20817557,2.0183458
8.556435,-0.69182485,1.3860425
8.113463,-0.8428718,0.974477
7.5460653,0.60329044,1.1754742
7.392925,1.8361923,1.5203397
7.294819,2.707778,1.7165512
7.342675,3.1220353,1.8074784
7.49103,3.098107,1.7500507
7.7569327,2.7795627,1.5203397
8.140083,2.5088747,1.2137593
8.62822,2.408376,0.8644072
9.190832,2.329413,0.5099703
9.719945,2.0422742,0.20578274
9.719945,2.0422742,0.20578274
10.191629,1.448555,0.16031912
10.885847,1.0390832,0.62721866
12.25544,2.3988047,1.8720846
12.14537,3.4857445,1.3190435
12.14537,3.4857445,1.3190435
11.012966,4.1703906,0.41904306
10.272985,4.261617,1.1156535
12.760624,4.1368914,5.745765
11.43171,4.189533,7.093822
11.43171,4.189533,7.093822
8.305188,3.6750765,6.4977098
6.3370914,3.0909286,5.2238307
6.8279195,1.1443675,2.7795627
7.7162547,0.77318084,2.4825535
7.7162547,0.77318084,2.4825535
8.59472,1.096511,2.908775
8.848659,1.6734804,3.4953158
7.9890366,2.1738794,3.6774693
8.180761,2.1714866,3.4833515
8.482257,1.9199411,3.1363924
8.709874,1.2879368,2.5785656
8.822337,0.49322057,2.0470598
8.79123,-0.11964113,1.8026928
8.800801,-0.37357944,1.9199411
8.939586,-0.4022933,2.288735
9.035298,-0.36400816,2.6718855
9.0951185,-0.14596218,2.8657043
9.255438,0.4764708,2.9733813
9.571589,1.434198,3.2321053
10.024133,2.3892334,3.5144582
10.517353,2.9446673,3.411567
10.424033,2.243271,2.908775
10.424033,2.243271,2.908775
10.002597,0.4884349,2.4681966
10.146166,-0.7827521,2.3916261
11.402996,0.43579283,3.6894333
11.884253,1.4102699,4.5918264
11.884253,1.4102699,4.5918264
11.592328,2.2671995,5.5950174
10.36152,3.4163525,6.3179493
7.9316087,6.035596,5.7170515
7.984251,6.1863437,4.429115
7.984251,6.1863437,4.429115
8.611469,5.1759744,3.141178
9.107083,3.5144582,2.3557339
8.908479,0.5913263,1.5514464
8.570791,0.07178468,1.16351
8.570791,0.07178468,1.16351
8.341081,0.05503492,1.0941181
8.29801,0.57936215,1.407877
8.111071,2.379662,2.1499512
7.878967,2.9039893,2.1164517
7.5942206,3.0595229,1.867299
7.3642106,2.8896325,1.50359
7.4048886,2.6168506,1.1228321
7.768897,2.367698,0.77796644
8.266903,2.1451654,0.48364928
8.803194,1.8840487,0.29222345
9.459127,1.556232,0.19142582
10.222736,1.1994023,0.2632105
10.222736,1.1994023,0.2632105
10.890634,0.9409775,0.7899306
11.436496,1.1324034,1.8026928
12.226726,2.6455646,1.89362
12.013465,3.2392836,1.1874382
12.013465,3.2392836,1.1874382
12.420544,3.6221352,2.0638096
13.459627,3.9526439,3.7636108
9.847063,5.0826545,5.6261244
7.1656065,4.953442,4.886443
7.1656065,4.953442,4.886443
5.8079786,4.167998,3.9335012
5.831907,2.8657043,3.030809
7.9220376,0.99601245,2.3150558
8.7984085,1.0989038,2.7436702
8.7984085,1.0989038,2.7436702
9.138189,1.6328024,3.2201412
8.891729,2.1020947,3.3924243
8.556435,2.3078775,3.016452
8.539685,1.9728823,2.6886353
8.623434,1.2568301,2.2671995
8.678469,0.4022933,1.8912272
8.680861,-0.30418757,1.7069799
8.68804,-0.74207413,1.7356937
8.740981,-0.8859426,1.8888344
8.860622,-0.74207413,2.0925233
8.968299,-0.32093734,2.3246272
8.95155,0.4142574,2.6192434
8.95155,0.4142574,2.6192434
8.958728,1.4676976,2.8752756
9.361021,2.6168506,2.9446673
9.868599,2.7436702,2.7269206
9.84467,0.948156,2.4011974
9.84467,0.948156,2.4011974
10.316056,-0.6511469,2.0925233
11.027323,-0.6798607,2.3198416
11.819647,0.78753775,4.1440697
11.508579,0.9457632,4.833801
11.508579,0.9457632,4.833801
10.412068,2.0350957,5.3123655
9.212367,3.749254,5.580661
9.880563,6.401698,5.219045
10.464711,6.1289163,4.520042
10.464711,6.1289163,4.520042
10.356734,4.5678983,3.6487553
9.691231,2.4705894,2.9135606
8.223832,0.033499517,1.5179468
7.6803627,-0.27996024,0.87637126
7.361818,-0.27038896,0.5482555
7.325926,0.2970091,0.62961143
7.3570323,1.1946167,0.9553344
7.440781,1.8912272,1.2233306
7.50778,2.3054845,1.3621143
7.5269227,2.4849463,1.3812568
7.8071823,2.475375,1.2999009
8.458329,2.4179473,1.1539388
9.24826,2.2863421,0.96729857
9.827921,1.9295124,0.72293156
10.0983095,1.4605191,0.6966105
10.412068,1.2903296,1.2281163
11.084751,1.6710875,1.9534405
11.084751,1.6710875,1.9534405
12.1764765,2.4825535,2.1595225
12.437294,3.167499,1.6399808
12.09512,3.8880377,1.6663018
13.27538,4.057928,3.4354951
13.27538,4.057928,3.4354951
13.8356,4.4721856,5.499305
11.561222,4.6372905,6.7848487
5.549554,3.856931,4.3501515
4.965406,2.7388847,3.0909286
4.965406,2.7388847,3.0909286
5.8630137,1.096511,2.4227328
7.4599237,-0.37836507,2.489732
9.193225,0.29222345,3.7851462
8.874979,1.5011971,3.9813578
8.420044,2.3365912,3.72054
8.099107,2.7675984,3.3182468
7.9148593,2.8704898,2.9111679
8.053643,2.5064816,2.5402803
8.455936,1.759622,2.2791636
8.784052,0.974477,2.1044874
8.9348,0.34965122,2.0183458
9.08794,-0.09810573,2.0805593
9.19801,-0.38315073,2.260021
9.075976,-0.4214359,2.3892334
8.769695,-0.15792629,2.4323041
8.740981,0.38315073,2.461018
9.272487,1.1443675,2.5208387
9.272487,1.1443675,2.5208387
10.110274,1.7500507,2.5570302
10.79492,1.6519449,2.4705894
10.833205,-1.0079765,2.1140587
10.878669,-1.7261224,2.2504497
10.878669,-1.7261224,2.2504497
11.221142,-1.0175478,2.7556343
11.67847,-0.050249275,3.263212
11.52533,1.8409779,5.309973
9.978668,3.6149569,6.5407805
9.978668,3.6149569,6.5407805
8.748159,5.587839,6.8422766
8.477471,7.0172515,6.451947
8.76491,5.7673006,3.9287157
8.633005,3.7109687,2.827419
8.290832,1.7668004,2.2576282
8.029715,0.67028946,1.8266209
7.859824,0.39750767,1.5011971
7.8000035,0.68225354,1.4270196
7.859824,1.2568301,1.6471593
7.926823,1.8649062,1.9199411
7.926823,2.231307,1.9920249
7.845467,2.2695923,1.7787645
7.687541,2.082952,1.4102699
7.66122,1.8840487,1.0486546
7.9100733,1.8888344,0.7755736
8.556435,2.1140587,0.58893347
9.401699,2.3365912,0.40468612
9.401699,2.3365912,0.40468612
10.079167,2.1834507,0.35204405
10.507782,1.6447664,0.6511469
11.22832,1.5011971,1.5873387
12.119048,2.3988047,1.434198
12.119048,2.3988047,1.434198
12.1764765,3.4689946,0.87637126
11.4699955,4.4004006,0.94337034
11.908181,4.699504,5.0180483
11.594721,4.9007998,6.8398833
11.594721,4.9007998,6.8398833
9.660124,4.752146,6.9451675
7.3642106,4.091428,5.712266
6.799206,1.393221,3.4067812
7.673184,0.31375888,2.9590242
8.40808,0.35204405,3.1292138
8.872586,1.2017952,3.5551362
8.673683,2.1499512,3.7348971
8.048857,2.5378876,3.5527434
7.64447,2.475375,3.2656047
7.6588273,2.3246272,3.016452
8.089535,1.785943,2.7029922
8.644969,0.97926265,2.3389843
8.9826565,0.285045,2.0685952
9.071191,-0.083748795,2.0374885
9.068798,-0.07178468,2.219343
9.064013,0.05742774,2.4705894
8.9348,0.04546363,2.6024938
8.76491,-0.0741775,2.6431718
8.815159,-0.0526421,2.6814568
9.126225,0.25603202,2.9063823
9.566804,0.66071814,3.301497
10.091131,0.8859426,3.4019957
10.091131,0.8859426,3.4019957
10.560424,0.68464637,2.8609185
10.517353,-0.11485548,2.1284158
9.947562,-1.3094722,1.6686947
9.736694,-0.98644114,2.4275186
9.736694,-0.98644114,2.4275186
9.265308,0.15553348,4.412365
9.485448,1.9558334,6.2940207
10.347163,4.409972,5.384449
10.596316,4.4674,4.725825
11.369496,4.0794635,4.510471
12.305689,3.598207,4.733003
12.446865,2.94706,4.5415773
11.285748,2.0757737,3.72054
9.535697,1.1802598,2.894418
8.1015,0.581755,2.1954148
7.3570323,0.50039905,1.6399808
7.004988,1.0127622,1.3812568
6.942775,1.9920249,1.4557334
6.9786673,2.894418,1.7691933
6.916454,3.2081769,2.015953
6.8422766,3.0475588,2.03031
6.9595246,2.8513472,1.907977
7.4096746,2.748456,1.6806588
7.960323,2.5546372,1.4246268
8.518149,2.4251258,1.3094722
9.19801,2.571387,1.489233
10.435997,2.600101,1.7524434
10.435997,2.600101,1.7524434
11.2139635,2.1978076,1.975275
10.782956,1.5610176,2.0805593
11.1685,1.3597214,0.7085746
11.640184,1.2879368,-0.22971097
11.640184,1.2879368,-0.22971097
11.566008,0.8979067,-0.35443684
12.116655,0.9984053,1.3070793
12.521043,4.091428,6.358627
9.808479,4.9917274,6.8398833
7.455138,4.7377887,5.8103714
6.4594245,3.7875392,4.409972
6.5742803,2.4969103,3.0212376
7.2637124,1.4365909,2.2241287
8.072785,1.1252248,2.2983062
8.506186,1.5658033,2.8250263
8.379366,2.271985,3.2201412
7.993822,2.815455,3.3661032
7.728219,3.0236306,3.3613176
7.728219,2.7628129,3.1603205
8.154441,1.9175483,2.707778
8.848659,0.8330014,2.152344
9.23151,-0.09810573,1.6950158
9.202796,-0.6966105,1.5107684
9.171689,-0.91226363,1.6950158
9.274879,-0.83060855,2.03031
9.353843,-0.51236314,2.4035904
9.344272,0.11724831,2.7699914
9.344272,0.11724831,2.7699914
9.236296,1.0582259,3.098107
9.298808,2.1475582,3.3086755
9.789336,3.0885358,3.0403802
9.827921,1.9199411,2.8393831
9.827921,1.9199411,2.8393831
10.205987,0.34965122,2.7173493
10.651351,-0.53629136,2.8609185
11.077573,1.3214363,4.034
11.082358,2.1571295,4.409972
11.082358,2.1571295,4.409972
10.692029,2.801098,4.613362
9.380164,3.7803607,4.805087
8.010572,6.2844496,4.1464624
9.257831,6.116952,3.92393
10.479068,4.80748,3.5838501
10.617851,2.94706,3.0762727
9.923634,1.1994023,2.4035904
8.839087,0.22013968,1.6663018
7.8000035,0.040677983,0.99601245
7.1656065,0.2970091,0.65353966
7.0986075,0.84017986,0.75643104
7.426424,1.6328024,1.0677971
7.7210402,2.2863421,1.3477573
7.8693953,2.5354948,1.4820545
7.893324,2.4969103,1.4246268
7.95793,2.3892334,1.2065809
8.286046,2.3868406,0.84017986
8.898908,2.4179473,0.42861435
9.643374,2.2863421,0.11006984
10.332807,1.9127626,-0.078963146
10.823634,1.4054842,-0.0071784677
11.237891,1.2759727,0.73489565
11.237891,1.2759727,0.73489565
12.032608,2.056631,1.7237296
12.719946,3.2560334,1.7811574
12.61197,4.7282176,2.2265215
13.543376,5.0252266,4.3262234
13.543376,5.0252266,4.3262234
13.512269,5.006084,6.255736
10.584352,4.534399,6.100202
5.262116,3.004488,2.6647072
5.0754757,1.6136597,1.8720846
6.0403814,0.41904306,2.003989
7.4647093,0.009571291,2.6312077
8.779266,0.622433,3.4331024
9.308379,1.7763717,4.0794635
8.939586,2.6312077,4.108177
8.518149,2.8657043,3.7109687
8.551649,2.6814568,3.3469608
8.750552,2.204986,3.098107
8.73141,1.3860425,2.7532415
8.568398,0.3999005,2.288735
8.436793,-0.37597227,1.9247267
8.372188,-0.7851449,1.867299
8.455936,-0.8353942,2.1379871
8.573184,-0.5937191,2.4562325
8.635398,-0.14117654,2.6862426
8.721839,0.45254257,2.9422746
8.961121,1.1300105,3.181856
9.52134,1.9414765,3.2871401
9.52134,1.9414765,3.2871401
10.189237,2.5833511,3.1914272
10.49821,2.5402803,2.949453
10.337592,-0.04546363,2.501696
10.3543415,-1.4413766,2.14038
10.3543415,-1.4413766,2.14038
10.558031,-1.6160526,2.0590239
10.804492,-0.34965122,2.6096723
11.302498,2.2097716,4.7401814
10.644173,3.2153554,5.6907306
9.38495,4.536792,6.0451674
8.522935,5.846264,5.688338
8.652147,6.3801622,5.032405
9.344272,5.779265,4.2281175
9.669696,4.139284,3.3038898
9.523733,1.9534405,2.5809584
9.303594,0.3065804,2.0207388
8.944371,-0.43100718,1.4700904
8.436793,-0.52193445,1.055833
8.029715,0.016749758,0.9553344
7.7473617,1.0797613,1.1228321
7.538887,2.0614166,1.3022938
7.4383883,2.5136602,1.2831511
7.4216385,2.5331018,1.0725827
7.5269227,2.3724837,0.78753775
7.8646097,2.2863421,0.5243273
8.417651,2.2408783,0.2536392
9.119047,2.0877378,0.09332009
9.119047,2.0877378,0.09332009
9.93799,1.8625133,0.11724831
10.699207,1.6471593,0.392722
11.453245,1.5801603,1.745265
12.006287,1.9103698,1.7333009
12.006287,1.9103698,1.7333009
12.317653,2.6024938,1.1371889
12.40858,3.4307094,1.6160526
13.210773,4.5822554,5.439484
11.115857,5.111368,6.526424
8.087142,4.833801,5.951847
6.2318077,4.196712,4.6971107
5.786443,2.9685955,3.4809587
6.279664,1.7404794,2.7053852
7.199106,1.0941181,2.449054
8.252546,1.1826526,2.774777
8.939586,1.7931215,3.3062828
8.82473,2.43709,3.6245282
8.455936,2.7149563,3.6511483
8.324331,2.6479573,3.4450665
8.3219385,2.2767708,3.1028929
8.343473,1.5490535,2.6048865
8.384151,0.6678966,2.1044874
8.451151,-0.0526421,1.8098712
8.56122,-0.50039905,1.8218354
8.776874,-0.689432,2.099702
9.073584,-0.6367899,2.4634109
9.301201,-0.28265217,2.6982067
9.346664,0.45014977,2.8226335
9.377771,1.4916258,3.004488
9.518948,2.5378876,3.1435707
9.569197,3.071487,3.1172497
9.53809,2.5283163,2.856133
9.53809,2.5283163,2.856133
9.700802,1.0319048,2.4825535
10.062417,-0.28265217,2.2624137
10.584352,0.90029955,3.1172497
10.9121685,1.7668004,3.8401814
11.063215,1.9848464,4.4195433
10.452746,2.8250263,4.99412
9.253045,4.287938,5.1903315
8.82473,5.563911,4.970192
9.573982,5.968597,4.6612186
10.486246,5.3243294,4.189533
10.620244,3.868895,3.519244
10.158131,2.1954148,2.9039893
9.451948,0.98644114,2.2983062
8.661719,0.3711866,1.5323038
8.118249,0.17467605,0.8353942
7.9316087,0.32333016,0.45972106
7.8837523,0.8739785,0.4668995
7.75454,1.6280167,0.72053874
7.606185,2.181058,0.97926265
7.469495,2.4131618,1.1036894
7.426424,2.4346972,1.1300105
7.589435,2.3557339,1.0773684
8.0201435,2.219343,0.85483587
8.695218,1.9776679,0.5673981
9.475877,1.7261224,0.49322057
10.287343,1.59691,0.79710907
11.156535,1.6399808,1.4294125
11.156535,1.6399808,1.4294125
12.068799,2.0087745,2.1714866
12.4014015,2.6623142,2.1212373
11.335998,3.3086755,0.3807579
11.604293,3.2919257,1.3669
12.686446,3.4139597,3.394817
12.576077,3.9143589,5.346164
10.04806,4.290331,5.911169
7.0172515,4.1775694,4.982156
5.688338,3.6077783,3.816253
5.9350977,2.5905297,3.030809
6.8255267,1.4389837,2.7221348
7.8646097,0.8330014,2.856133
8.76491,1.0223335,3.3349965
8.9348,1.5418751,3.7636108
8.613862,1.8266209,3.789932
8.566006,1.7787645,3.49053
8.841479,1.6136597,3.1316066
9.102298,1.4270196,2.7652056
9.083155,1.1108679,2.3054845
8.807981,0.6008976,1.8481563
8.496614,0.13160525,1.5490535
8.276474,-0.14117654,1.4724833
8.175976,-0.33529428,1.6328024
8.159226,-0.45254257,2.0207388
8.274081,-0.30418757,2.542673
8.724232,0.32333016,3.0284162
9.456735,1.4003994,3.5336008
9.456735,1.4003994,3.5336008
10.246665,2.691028,3.9047875
10.7016,3.4809587,3.7588253
10.019346,0.81625164,2.7293134
10.42164,-0.8859426,2.4394827
10.991431,-1.2544373,2.8465617
11.472388,-0.47168517,3.7229328
11.857932,0.49082774,4.2568316
11.9153595,1.5011971,4.685147
11.036895,2.8322048,5.42752
9.329915,4.338187,5.884549
7.9746795,5.8797636,5.671588
7.9052877,6.7178497,5.0970116
8.810373,6.093024,4.240082
9.46152,4.3118663,3.301497
9.657731,2.1308086,2.6144578
9.394521,0.4668995,2.0111675
8.56122,-0.10049855,1.4198412
7.819146,0.24885355,1.0725827
7.483852,1.1132607,1.1395818
7.234998,2.1738794,1.434198
7.048358,3.0667014,1.6902301
7.045965,3.5120654,1.8050855
7.1225357,3.4402807,1.7572291
7.22782,3.0092735,1.5275182
7.455138,2.6024938,1.2520444
7.8813596,2.4729822,0.9816555
8.630612,2.4945176,0.78035927
9.784551,2.4155545,0.7109674
11.044073,2.0279171,0.80907315
11.752647,1.3764713,1.3669
12.011072,1.1778669,2.4442682
12.324831,1.9944177,3.0092735
12.05175,3.0909286,2.312663
11.240284,3.7037904,1.5227325
10.890634,3.9813578,2.487339
11.740684,4.6492543,4.5631127
11.891431,5.2405806,6.6077795
9.418449,5.0922256,7.4623165
6.708278,4.778766,6.593423
5.5543394,4.1751766,5.413163
5.745765,3.275176,4.3405805
6.6460648,2.4945176,3.5766716
7.54128,1.9944177,3.3469608
8.317152,1.745265,3.4570305
8.678469,1.6184454,3.5479577
8.525328,1.5179468,3.4809587
8.384151,1.3094722,3.3732817
8.33151,0.9457632,3.246462
8.305188,0.53389853,3.0236306
8.422437,0.1794617,2.7915268
8.599505,-0.033499517,2.695814
8.717052,-0.023928227,2.7388847
8.690433,0.0526421,2.7819555
8.56122,0.22253251,2.7939196
8.451151,0.5386842,2.9135606
8.499007,0.8668,3.2009985
8.695218,1.1994023,3.49053
9.19801,1.5753746,3.7588253
9.945169,1.8984057,3.8832521
10.275378,1.6423737,3.7731822
10.275378,1.6423737,3.7731822
10.091131,0.4334,3.4450665
10.158131,-1.0917253,3.054737
10.529317,-1.6758732,2.9063823
9.933205,-0.13160525,3.73729
9.691231,1.8002999,4.7715874
9.928419,2.8848467,5.266902
9.81805,3.4307094,5.300401
9.308379,4.2038903,5.183153
9.018549,5.1400824,5.061119
9.542876,5.398806,5.154439
10.577173,4.8122654,5.3147583
10.962717,3.5790644,4.9845486
10.239487,1.9848464,4.031607
8.865408,0.81864446,2.8465617
7.5723863,0.38554356,1.7931215
6.8279195,0.3687938,1.0390832
6.6819572,0.7013961,0.78035927
6.8853474,1.4988043,1.0797613
7.19432,2.3150558,1.6830516
7.416853,2.626422,2.1188445
7.4862447,2.4538395,2.1571295
7.565208,2.1332014,1.8768703
7.8263245,1.9680966,1.4557334
8.360223,1.9438694,1.0510473
9.06162,1.9031913,0.7899306
9.696016,1.8481563,0.9768698
10.160523,1.9414765,1.7931215
10.160523,1.9414765,1.7931215
10.581959,2.3437698,2.5522444
11.46521,2.8058836,2.600101
11.941681,3.7253258,3.1579278
13.524234,5.142475,6.7178497
14.144274,6.4328046,9.631411
10.217951,6.171987,8.005786
5.4753766,5.3964133,4.4913282
3.3182468,4.2161536,2.3772693
3.993322,2.0183458,1.4174483
7.6133633,0.51475596,2.3892334
11.807682,0.050249275,4.939085
13.318451,0.28983065,6.7298136
11.702398,1.1730813,6.710671
9.52134,2.2959132,5.3243294
8.183154,2.96381,3.5814574
7.6588273,2.8082764,2.6359932
7.893324,2.0255244,2.4634109
8.005786,1.1204392,2.487339
7.795218,0.6678966,2.4586253
7.4048886,0.7516454,2.4993033
6.8709903,1.0797613,2.4681966
6.387341,1.3740784,2.2839491
6.1241302,1.5801603,2.2169502
5.9374905,1.8960128,2.2839491
5.796015,2.1619153,2.3054845
5.575875,2.1044874,2.0207388
5.089833,1.7117655,1.1730813
5.0252266,1.1228321,-0.047856454
6.093024,0.4118646,-0.8644072
8.39133,-0.72771716,-0.7085746
10.677672,-2.085345,0.5626124
11.280962,-2.542673,2.1762722
10.198809,-1.6064813,3.4713874
9.21476,0.6750751,3.8258243
9.650553,3.222534,3.8880377
11.649756,5.441877,4.5128636
14.247165,6.8398833,5.2692947
14.824135,7.579864,6.315556
12.940085,8.33151,6.859026
11.599507,7.804789,6.439983
12.044572,5.9039907,5.4107704
11.654542,2.908775,2.6982067
10.122238,0.29222345,0.031106694
9.128618,-0.40947178,-0.5027919
8.700303,-0.38554356,-0.21296121
8.573184,-0.2321038,0.20578274
8.420044,0.19381863,0.51236314
8.144869,0.58893347,0.4884349
7.5125656,0.80907315,0.078963146
6.8039913,0.9385847,-0.6200402
6.6053867,1.0486546,-1.4222339
6.9930243,1.1706885,-2.0470598
7.8000035,1.5658033,-2.42034
8.441579,2.3605196,-2.1906292
8.539685,3.3469608,-1.1850454
8.063214,4.371687,-0.04546363
7.84786,5.2645087,0.66071814
8.635398,5.360521,1.4222339
8.872586,5.4107704,3.5551362
8.350652,6.59103,6.167201
10.148559,7.9794655,13.359129
12.63859,4.462614,16.694126
11.649756,1.3453646,11.759826
11.745469,3.2297122,8.159226
14.391033,4.139284,5.523233
14.417355,3.9550366,4.3932223
12.604792,2.3581266,4.6971107
11.22832,0.89072824,5.6739807
9.786943,0.83060855,5.9973106
8.851051,0.4668995,4.6468616
8.841479,0.16031912,3.0284162
9.19801,0.23688944,1.9558334
9.241081,0.34247273,1.637588
8.460722,0.4645067,2.0063818
7.6420774,0.62482584,2.2911277
7.0435724,0.53629136,2.2959132
6.3251276,0.15314065,2.0063818
5.685945,-0.14117654,1.5466608
5.5447683,0.0741775,1.2951152
5.7194443,0.63918275,1.3669
6.0882382,0.8668,1.6160526
6.7872415,0.325723,1.4653047
8.190332,-0.69182485,1.1491531
10.380663,-1.1419746,1.5179468
11.621042,-0.11964113,2.96381
12.147762,2.786741,4.5487556
13.684553,3.5934215,5.3629136
13.459627,1.9055841,5.549554
11.307283,3.2871401,5.7194443
10.3232355,7.347461,6.6149583
11.340783,10.191629,7.591828
12.961621,9.827921,6.897311
13.124333,6.8542404,4.429115
12.097513,3.6317065,2.5881367
10.730314,1.9920249,2.243271
9.52134,1.6136597,2.4251258
8.549256,1.3740784,2.477768
7.6181493,1.0175478,2.0757737
6.629315,0.7540382,1.3860425
5.8654065,0.7372885,0.7899306
5.4107704,0.97926265,0.3711866
5.113761,1.2329018,0.014356935
5.2238307,1.3597214,-0.31375888
5.7696934,1.4054842,-0.6056832
6.579066,1.4772689,-0.74446696
7.6109705,1.4318053,-0.62961143
8.611469,1.1682956,-0.2970091
9.377771,1.1252248,0.39511484
10.172487,1.989632,1.7285153
11.558829,3.7683966,2.6838498
13.289737,4.896014,2.3198416
13.181761,4.7162533,1.07019
11.656935,4.5655055,1.015155
11.740684,4.5678983,3.5551362
12.590434,4.833801,6.370591
10.790134,5.4634123,7.383353
7.0268226,5.899205,6.7441707
5.5854464,5.5447683,4.941478
7.457531,3.9215372,3.6846478
9.763016,2.4011974,3.9430726
10.950753,1.8481563,4.8912287
11.005788,1.9390837,5.901598
10.412068,2.5785656,6.1456656
9.55484,3.301497,5.293223
8.293224,3.6559339,4.0268216
7.1751776,3.4929228,3.2177482
6.411269,2.8034909,2.8848467
5.968597,1.8720846,2.691028
5.843871,1.0295119,2.5136602
5.8103714,0.49800622,2.2695923
5.870192,0.3592225,2.1547368
6.102595,0.148355,2.3509483
6.8518476,-0.14596218,2.5881367
8.147262,-0.10289137,2.7675984
9.557233,0.10289137,2.9709885
10.854741,0.35682967,3.1459637
11.628221,0.5985048,3.0068808
11.7311125,0.6200402,2.3868406
11.592328,0.43818563,1.59691
11.599507,0.06699903,1.0319048
11.570793,-0.45732823,0.8739785
11.285748,-0.7181459,1.0917253
10.644173,-0.19860429,1.8098712
9.767801,1.5658033,3.4163525
9.162118,3.7109687,5.382056
8.968299,4.4434714,6.7034926
8.927621,4.1775694,6.9906316
9.056833,4.3262234,6.686743
9.487841,4.685147,6.207879
10.318449,4.465007,5.6907306
11.017752,3.5336008,5.171189
11.053644,2.2073789,4.278367
10.275378,0.81625164,3.1770704
8.930014,-0.16271193,2.097309
7.7162547,-0.49322057,1.2089736
7.0411797,-0.285045,0.70618176
6.957132,0.5099703,0.6367899
7.0148587,1.7787645,0.9553344
6.9116683,2.798705,1.2927225
6.8542404,3.1866415,1.4413766
6.9786673,3.2416766,1.4653047
7.285248,3.141178,1.3501502
7.64447,2.9662027,1.0534402
8.173583,2.6216364,0.74207413
8.874979,2.0422742,0.63200426
9.674481,1.5681962,0.8955139
10.500603,1.5777674,1.6734804
10.962717,1.9055841,2.2911277
11.493923,2.1475582,2.0207388
11.872289,2.3605196,1.2329018
11.501102,2.827419,0.74446696
11.6186495,3.0595229,2.1188445
13.58884,4.9103713,7.5317082
9.650553,5.9805613,7.637292
9.650553,5.9805613,7.637292
5.2812586,6.023632,5.709873
3.9574296,5.4179487,3.7109687
6.0044894,3.679862,2.3748765
9.301201,1.89362,2.5498517
11.386247,0.7923234,3.9478583
11.561222,0.86919284,5.413163
10.464711,1.7763717,5.81755
9.131011,2.3557339,4.9031925
7.993822,2.4131618,3.5072799
7.3043904,2.1355941,2.4275186
7.0411797,1.5801603,1.7811574
6.8374906,0.9696914,1.4581263
6.7226353,0.43100718,1.3621143
6.8015985,0.11485548,1.5323038
7.0316086,-0.09810573,2.0111675
7.663613,-0.4142574,2.5208387
8.566006,-0.5602196,2.8298118
9.449555,-0.31375888,2.8992038
10.124631,0.1794617,2.8298118
10.40489,0.95054877,2.7532415
10.632208,1.8481563,2.6144578
10.766207,2.2217357,2.5064816
10.699207,1.5083755,2.3365912
10.869098,0.09332009,2.0733807
11.197213,-1.0223335,2.044667
11.158929,0.18664017,3.3038898
10.8714905,1.2400804,3.938287
10.8714905,1.2400804,3.938287
10.596316,1.7093726,4.508078
9.957133,2.6048865,5.3342
8.819944,4.0698924,5.982954
8.257332,5.6356955,5.9901323
8.697611,6.550352,5.496912
9.597911,6.296414,4.6899323
9.976275,4.874479,3.7468612
9.617053,2.7675984,2.9327033
8.877372,1.0438689,2.1882362
8.140083,0.29940194,1.6184454
7.7258263,0.3185445,1.3190435
7.5676007,0.84017986,1.2472588
7.582257,1.7404794,1.434198
7.6013994,2.6575286,1.6926229
7.5723863,3.1555347,1.852942
7.550851,3.1842487,1.8337995
7.534101,2.9303105,1.6304095
7.711469,2.6694927,1.2855439
8.223832,2.4323041,0.83060855
8.855837,2.0422742,0.40707895
9.416057,1.5921243,0.0526421
10.06481,1.1850454,0.0526421
10.979466,0.9720842,0.7492526
11.872289,1.2089736,1.759622
12.432508,1.867299,2.1164517
12.20519,2.7053852,1.6351951
11.15175,3.4857445,0.93619186
10.653744,3.6894333,1.5370895
12.2171545,3.5120654,3.6583266
13.8356,4.3070807,6.1695943
7.1345,4.9917274,6.600601
5.0276194,4.5320063,5.1329036
5.0276194,4.5320063,5.1329036
5.226224,3.4283166,3.6583266
6.634101,2.1284158,2.5833511
8.103892,1.3860425,2.3461626
9.102298,1.4198412,2.882454
9.083155,1.8266209,3.4354951
8.4679,2.1499512,3.5647075
8.130213,2.1188445,3.5383866
8.1230345,1.9127626,3.423531
8.058429,1.5179468,3.1196425
8.087142,0.81625164,2.5761726
8.372188,0.086141616,2.0207388
8.554042,-0.34486556,1.6854445
8.702696,-0.5769694,1.637588
8.989835,-0.7253244,1.7548363
9.298808,-0.66071814,1.9486549
9.492626,-0.3592225,2.271985
9.533304,0.15074782,2.6096723
9.6529455,0.91226363,2.7508488
10.055239,1.7285153,2.7412775
10.579566,2.1188445,2.746063
10.816456,1.4700904,2.5929224
10.802098,-0.15792629,2.1595225
10.821241,-1.5945172,1.7548363
10.780563,-1.59691,1.9920249
10.842776,-0.285045,2.9614172
10.950753,2.0087745,5.101797
10.160523,3.1770704,5.966204
10.160523,3.1770704,5.966204
9.35145,4.6325045,6.3011994
9.260523,5.9614186,6.102595
9.827921,6.372984,5.599803
10.462317,5.6093745,4.6636114
10.165309,3.9478583,3.557529
9.176475,2.0614166,2.5881367
8.247761,0.84017986,1.8601205
7.6779695,0.39750767,1.3357933
7.4096746,0.38315073,1.0438689
7.385746,0.60807604,1.0582259
7.5173516,1.1802598,1.2831511
7.5317082,1.8888344,1.5442679
7.5029945,2.3318057,1.7404794
7.495816,2.5666013,1.8050855
7.49103,2.7293134,1.718944
7.6779695,2.8800611,1.5418751
8.166405,2.992524,1.2520444
8.630612,2.9063823,0.9720842
8.91805,2.4969103,0.8234301
9.375379,1.7955143,0.84765744
10.146166,1.1180464,1.082154
11.273784,0.770788,1.4964114
12.44208,0.89312106,1.9199411
12.944871,1.6639091,1.8098712
12.561721,2.6862426,1.0654043
10.885847,3.2416766,1.6902301
12.123834,3.6436708,3.696612
12.123834,3.6436708,3.696612
12.602399,4.9486566,5.8893347
10.306485,5.154439,6.9906316
7.213463,4.3932223,6.1360946
5.5782676,3.5216367,4.9510493
5.7433724,2.3748765,3.7851462
7.012167,1.07019,3.030809
8.341081,0.26799613,2.951846
8.987442,0.4621139,3.3062828
8.784052,1.2735798,3.682255
8.257332,2.1020947,3.7564325
7.917252,2.5785656,3.694219
7.778468,2.7771697,3.6197424
7.8311105,2.6838498,3.4307094
8.20469,2.1308086,3.0403802
8.692825,1.2592229,2.5402803
9.078369,0.27756742,2.044667
9.267701,-0.36161533,1.7668004
9.365807,-0.5267201,1.785943
9.449555,-0.6152545,1.9055841
9.260523,-0.6415756,2.0183458
8.9013,-0.47168517,2.1355941
8.709874,0.047856454,2.3868406
8.927621,0.9601201,2.7029922
9.825528,2.0925233,2.9805596
10.739885,2.8202405,3.098107
10.526924,0.57457656,2.786741
10.790134,-0.8596215,2.5088747
10.790134,-0.8596215,2.5088747
10.928918,-1.2807583,2.4825535
10.725529,-0.46929234,2.94706
10.428819,0.7516454,3.6918263
10.287343,1.556232,4.26401
9.9140625,2.2959132,4.4745784
9.020942,3.3110683,4.7018967
8.393723,4.5678983,4.9749775
9.075976,5.721837,5.1496534
10.598709,6.1528444,5.2549376
11.252249,5.3219366,4.915157
10.6154585,3.409174,4.074678
9.169296,1.5514464,3.071487
7.8263245,0.5697909,2.1020947
7.1512494,0.3185445,1.2400804
6.9619174,0.49082774,0.73011
7.093822,1.041476,0.66071814
7.242177,1.7572291,0.8330014
7.3235326,2.2552354,1.0103694
7.4886374,2.4299114,1.1132607
7.7976108,2.4514468,1.1491531
8.228618,2.4801607,1.0845468
8.750552,2.4011974,0.8452646
9.349057,2.178665,0.5937191
10.076775,2.0255244,0.63200426
10.907383,2.044667,1.1228321
10.940883,2.4394827,2.4131618
11.333605,2.856133,2.1092732
11.333605,2.856133,2.1092732
11.520544,3.19382,1.434198
11.288141,3.3732817,1.718944
13.567305,3.6005998,5.4873405
11.05843,4.3908296,6.782456
11.05843,4.3908296,6.782456
7.622935,4.5152564,7.036394
6.15763,4.2927237,6.358627
5.9781685,3.7181473,5.6500525
6.4881387,3.2440693,4.5487556
7.129714,2.8896325,3.5910287
7.6396847,2.691028,3.263212
7.996215,2.4921248,3.4713874
8.23101,2.3102703,3.7468612
8.4655075,2.085345,3.9047875
8.551649,1.7524434,3.9670007
8.429615,1.3046865,3.667898
8.551649,0.6200402,2.856133
9.049655,-0.076570325,2.0255244
9.526126,-0.63918275,1.5514464
9.595518,-0.8859426,1.3669
9.066405,-0.75643104,1.2783655
8.503793,-0.6559325,1.2711871
8.324331,-0.53389853,1.4700904
8.295617,-0.11485548,1.8960128
8.369795,0.62721866,2.4586253
9.786943,2.4442682,3.263212
10.36152,2.6862426,3.313461
10.36152,2.6862426,3.313461
10.486246,1.9223338,3.1316066
10.835598,0.5841478,2.841776
11.434103,-0.61046886,2.8369904
11.347961,0.2416751,3.3110683
11.347961,0.2416751,3.3110683
11.051251,1.0366904,3.6607196
10.622637,1.2161521,3.7827535
9.942777,1.582553,4.2759743
8.79123,2.5570302,5.037191
8.022536,3.9406798,5.3653064
8.405686,5.0587263,5.441877
9.571589,5.5280185,5.142475
10.455139,5.003691,4.273581
10.519746,3.4450665,3.2991042
9.743873,1.7668004,2.4658036
8.738588,0.8428718,1.7955143
8.077571,0.57457656,1.3357933
7.711469,0.63200426,1.1156535
7.6181493,1.0606186,1.2233306
7.615756,1.7093726,1.5275182
7.4886374,2.1427727,1.7476579
7.359425,2.2983062,1.8026928
7.3043904,2.3581266,1.6734804
7.383353,2.4011974,1.378864
7.744969,2.4323041,1.082154
8.843872,2.4035904,0.7540382
9.47827,2.2743778,0.8066803
9.47827,2.2743778,0.8066803
10.2107725,2.1499512,1.1132607
10.924132,1.9728823,1.7356937
12.068799,2.2552354,2.0757737
12.365509,2.8298118,1.2711871
12.365509,2.8298118,1.2711871
12.133406,3.2177482,1.1730813
12.590434,3.1555347,2.7843482
12.509079,4.6468616,6.5982084
8.915657,4.618148,6.6460648
8.915657,4.618148,6.6460648
6.2365932,4.1105704,5.42752
5.4586267,3.0786655,4.223332
6.1384873,2.0398812,3.0957143
7.294819,1.5346966,2.5905297
8.302795,1.7117655,2.7939196
8.786445,2.111666,3.3397822
8.489435,2.530709,3.7157545
7.9507513,2.8202405,3.9023945
7.697112,2.734099,4.0794635
7.7210402,2.3318057,4.034
7.84786,1.6519449,3.5096726
8.077571,0.7923234,2.7221348
8.470293,0.05503492,2.097309
8.980264,-0.53629136,1.8050855
9.552447,-0.90029955,1.7356937
9.830314,-0.663111,1.8744774
9.447163,-0.19381863,2.0805593
9.447163,-0.19381863,2.0805593
2.003989,1.3956138,9.981061
2.559423,1.3022938,12.961621
4.1057844,0.1698904,14.448462
4.019643,-0.55064833,14.316856
3.4737802,-0.44057846,12.446865
3.0116663,0.5386842,9.0233345
2.1427727,1.3980067,6.009275
1.8505492,1.2281163,5.6333027
1.5586249,0.15792629,9.605089
1.3310076,0.09571291,9.969097
1.6782659,-0.21296121,8.240582
2.3748765,-0.17228323,6.358627
2.7795627,0.07178468,5.5686965
2.2815564,-0.38793638,6.2461643
1.393221,-1.015155,8.717052
0.6415756,-1.570589,11.32164
0.6200402,-1.8218354,12.430116
2.111666,-1.5945172,13.042977
2.5232315,-1.1754742,12.537792
1.2592229,-0.7588239,10.373485
0.38793638,-0.24885355,8.398508
0.7253244,0.83060855,6.8805614
2.003989,2.0877378,7.0025954
2.3389843,3.818646,9.633803
1.6351951,4.9055853,11.513365
1.5179468,3.978965,10.854741
1.6639091,1.9776679,8.867801
1.474876,0.016749758,6.928418
1.0342976,-0.30418757,6.1384873
-0.7157531,2.3461626,7.2732835
-0.87158567,4.112963,9.135797
0.325723,3.83061,10.038489
0.059820566,3.9885364,9.798908
-0.5099703,4.273581,9.245867
-0.52911294,4.2831526,8.592327
-0.5051847,4.3118663,7.84786
-0.91465646,4.3262234,8.520542
-0.0526421,4.002893,9.509377
1.4844474,3.6245282,9.803694
1.5849459,3.0957143,11.1732855
0.76600236,2.8800611,12.645768
0.7325028,2.9446673,11.97518
1.1467602,3.2967114,9.523733
1.3142579,3.844967,6.765706
1.16351,4.0292144,5.432306
0.9194421,3.7229328,6.5407805
0.68464637,3.3062828,8.729017
0.39750767,3.05713,10.205987
0.20817557,3.0020952,10.505388
0.31136605,3.1052856,9.832706
0.38793638,3.3613176,8.750552
0.22253251,3.8425741,7.8741813
0.16031912,4.2664027,7.630113
0.47168517,4.2592244,8.156834
0.63918275,4.1225343,8.956335
0.4549354,4.1703906,9.152547
0.42382872,4.2711883,8.750552
0.51236314,4.331009,8.48465
0.60329044,4.3645086,8.587542
0.78035927,4.479364,8.865408
0.9720842,4.625326,9.104691
0.8811569,4.706682,9.171689
0.5171488,4.7210393,8.946764
0.25603202,4.6971107,8.568398
0.36640096,4.735396,8.448758
0.73011,4.845765,8.717052
0.95054877,4.8242297,9.265308
0.7612167,4.6468616,9.897313
0.39750767,4.534399,10.086346
0.27756742,4.6636114,9.504591
0.38554356,4.831408,8.67129
0.41665024,4.833801,8.453544
0.285045,4.642076,8.82473
0.11724831,4.1871405,9.274879
0.15074782,3.694219,9.274879
0.15074782,3.3780673,9.025727
-0.5171488,3.461816,9.499805
-1.2831511,3.2775688,9.808479
-1.3980067,2.8345976,8.748159
-0.9768698,3.222534,6.9882383
-0.45732823,3.8545382,5.4179487
-0.61764735,4.0100718,5.101797
-1.1443675,3.844967,6.863812
-0.80189466,3.4953158,9.734302
0.22971097,3.1722846,11.783754
0.61046886,3.1292138,12.231511
0.059820566,3.263212,11.283355
-0.44536412,3.5503507,8.939586
-0.7253244,3.8736808,7.318747
-0.6774679,3.789932,7.919645
-0.48364928,3.8401814,9.15494
-0.43579283,4.005286,10.304092
-0.31615168,3.8353956,10.486246
-0.57457656,4.0268216,9.44477
-0.67028946,4.3812585,8.489435
-0.24646074,4.493721,8.515757
0.038285162,4.5320063,9.523733
0.10289137,4.45065,10.577173
-0.050249275,4.3405805,10.7685995
-0.34965122,4.331009,10.143773
-0.34965122,4.4051867,9.459127
0.043070808,4.4004006,9.313165
0.39032918,4.3070807,9.691231
0.5267201,4.273581,9.947562
0.6128617,4.191926,9.772587
0.5243273,4.0938206,9.523733
0.41904306,4.0651064,9.38495
0.59611195,3.926323,9.195618
0.89072824,3.696612,8.91805
1.0725827,3.4522448,8.784052
